0 0 0
0 0 0
0 0 0
0 0 0
0 0 0
1 0 0
1 0 0
1 0 0
1 0 0
2 0 0
2 0 0
2 0 0
2 0 0
3 0 0
3 0 0
3 0 0
3 0 0
4 0 0
4 0 0
4 0 0
4 0 0
5 0 0
5 0 0
5 0 0
5 0 0
6 0 0
6 0 0
6 0 0
6 0 0
7 0 0
7 0 0
7 0 0
7 0 0
8 0 0
8 0 0
8 0 0
8 0 0
9 0 0
9 0 0
9 0 0
9 0 0
10 0 0
10 0 0
10 0 0
10 0 0
11 0 0
11 0 0
11 0 0
11 0 0
12 0 0
12 0 0
12 0 0
12 0 0
13 0 0
13 0 0
13 0 0
13 0 0
14 0 0
14 0 0
14 0 0
14 0 0
15 0 0
15 0 0
15 0 0
15 0 0
16 0 0
16 0 0
16 0 0
16 0 0
17 0 0
17 0 0
17 0 0
17 0 0
18 0 0
18 0 0
18 0 0
18 0 0
19 0 0
19 0 0
19 0 0
19 0 0
20 0 0
20 0 0
20 0 0
20 0 0
21 0 0
21 0 0
21 0 0
21 0 0
22 0 0
22 0 0
22 0 0
22 0 0
23 0 0
23 0 0
23 0 0
23 0 0
24 0 0
24 0 0
24 0 0
24 0 0
25 0 0
25 0 0
25 0 0
25 0 0
26 0 0
26 0 0
26 0 0
26 0 0
27 0 0
27 0 0
27 0 0
27 0 0
28 0 0
28 0 0
28 0 0
28 0 0
29 0 0
29 0 0
29 0 0
29 0 0
30 0 0
30 0 0
30 0 0
30 0 0
31 0 0
31 0 0
31 0 0
31 0 0
32 0 0
32 0 0
32 0 0
32 0 0
33 0 0
33 0 0
33 0 0
33 0 0
34 0 0
34 0 0
34 0 0
34 0 0
35 0 0
35 0 0
35 0 0
35 0 0
36 0 0
36 0 0
36 0 0
36 0 0
37 0 0
37 0 0
37 0 0
37 0 0
38 0 0
38 0 0
38 0 0
38 0 0
39 0 0
39 0 0
39 0 0
39 0 0
40 0 0
40 0 0
40 0 0
40 0 0
41 0 0
41 0 0
41 0 0
41 0 0
42 0 0
42 0 0
42 0 0
42 0 0
43 0 0
43 0 0
43 0 0
43 0 0
44 0 0
44 0 0
44 0 0
44 0 0
45 0 0
45 0 0
45 0 0
45 0 0
46 0 0
46 0 0
46 0 0
46 0 0
47 0 0
47 0 0
47 0 0
47 0 0
48 0 0
48 0 0
48 0 0
48 0 0
49 0 0
49 0 0
49 0 0
49 0 0
50 0 0
50 0 0
50 0 0
50 0 0
51 0 0
51 0 0
51 0 0
51 0 0
52 0 0
52 0 0
52 0 0
52 0 0
53 0 0
53 0 0
53 0 0
53 0 0
54 0 0
54 0 0
54 0 0
54 0 0
55 0 0
55 0 0
55 0 0
55 0 0
56 0 0
56 0 0
56 0 0
56 0 0
57 0 0
57 0 0
57 0 0
57 0 0
58 0 0
58 0 0
58 0 0
58 0 0
59 0 0
59 0 0
59 0 0
59 0 0
60 0 0
60 0 0
60 0 0
60 0 0
61 0 0
61 0 0
61 0 0
61 0 0
62 0 0
62 0 0
62 0 0
62 0 0
63 0 0
63 0 0
63 0 0
63 0 0
64 0 0
64 0 0
64 0 0
64 0 0
65 0 0
65 0 0
65 0 0
65 0 0
66 0 0
66 0 0
66 0 0
66 0 0
67 0 0
67 0 0
67 0 0
67 0 0
68 0 0
68 0 0
68 0 0
68 0 0
69 0 0
69 0 0
69 0 0
69 0 0
70 0 0
70 0 0
70 0 0
70 0 0
71 0 0
71 0 0
71 0 0
71 0 0
72 0 0
72 0 0
72 0 0
72 0 0
72 0 0
73 0 0
73 0 0
73 0 0
73 0 0
74 0 0
74 0 0
74 0 0
74 0 0
75 0 0
75 0 0
75 0 0
75 0 0
76 0 0
76 0 0
76 0 0
76 0 0
77 0 0
77 0 0
77 0 0
77 0 0
78 0 0
78 0 0
78 0 0
78 0 0
79 0 0
79 0 0
79 0 0
79 0 0
80 0 0
80 0 0
80 0 0
80 0 0
81 0 0
81 0 0
81 0 0
81 0 0
82 0 0
82 0 0
82 0 0
82 0 0
83 0 0
83 0 0
83 0 0
83 0 0
84 0 0
84 0 0
84 0 0
84 0 0
85 0 0
85 0 0
85 0 0
85 0 0
86 0 0
86 0 0
86 0 0
86 0 0
87 0 0
87 0 0
87 0 0
87 0 0
88 0 0
88 0 0
88 0 0
88 0 0
89 0 0
89 0 0
89 0 0
89 0 0
90 0 0
90 0 0
90 0 0
90 0 0
91 0 0
91 0 0
91 0 0
91 0 0
92 0 0
92 0 0
92 0 0
92 0 0
93 0 0
93 0 0
93 0 0
93 0 0
94 0 0
94 0 0
94 0 0
94 0 0
95 0 0
95 0 0
95 0 0
95 0 0
96 0 0
96 0 0
96 0 0
96 0 0
97 0 0
97 0 0
97 0 0
97 0 0
98 0 0
98 0 0
98 0 0
98 0 0
99 0 0
99 0 0
99 0 0
99 0 0
100 0 0
100 0 0
100 0 0
100 0 0
101 0 0
101 0 0
101 0 0
101 0 0
102 0 0
102 0 0
102 0 0
102 0 0
103 0 0
103 0 0
103 0 0
103 0 0
104 0 0
104 0 0
104 0 0
104 0 0
105 0 0
105 0 0
105 0 0
105 0 0
106 0 0
106 0 0
106 0 0
106 0 0
107 0 0
107 0 0
107 0 0
107 0 0
108 0 0
108 0 0
108 0 0
108 0 0
109 0 0
109 0 0
109 0 0
109 0 0
110 0 0
110 0 0
110 0 0
110 0 0
111 0 0
111 0 0
111 0 0
111 0 0
112 0 0
112 0 0
112 0 0
112 0 0
113 0 0
113 0 0
113 0 0
113 0 0
114 0 0
114 0 0
114 0 0
114 0 0
115 0 0
115 0 0
115 0 0
115 0 0
116 0 0
116 0 0
116 0 0
116 0 0
117 0 0
117 0 0
117 0 0
117 0 0
118 0 0
118 0 0
118 0 0
118 0 0
119 0 0
119 0 0
119 0 0
119 0 0
120 0 0
120 0 0
120 0 0
120 0 0
121 0 0
121 0 0
121 0 0
121 0 0
122 0 0
122 0 0
122 0 0
122 0 0
123 0 0
123 0 0
123 0 0
123 0 0
124 0 0
124 0 0
124 0 0
124 0 0
125 0 0
125 0 0
125 0 0
125 0 0
126 0 0
126 0 0
126 0 0
126 0 0
127 0 0
127 0 0
127 0 0
127 0 0
128 0 0
128 0 0
128 0 0
128 1 0
129 1 0
129 1 0
129 1 0
129 2 0
130 2 0
130 2 0
130 2 0
130 2 0
131 3 0
131 3 0
131 3 0
131 3 0
132 4 0
132 4 0
132 4 0
132 4 0
133 4 0
133 5 0
133 5 0
133 5 0
134 5 0
134 6 0
134 6 0
134 6 0
135 6 0
135 7 0
135 7 0
135 7 0
136 7 0
136 7 0
136 8 0
136 8 0
137 8 0
137 8 0
137 9 0
137 9 0
138 9 0
138 9 0
138 9 0
138 10 0
139 10 0
139 10 0
139 10 0
139 11 0
140 11 0
140 11 0
140 11 0
140 11 0
141 12 0
141 12 0
141 12 0
141 12 0
142 13 0
142 13 0
142 13 0
142 13 0
143 13 0
143 14 0
143 14 0
143 14 0
144 14 0
144 15 0
144 15 0
144 15 0
145 15 0
145 15 0
145 16 0
145 16 0
145 16 0
146 16 0
146 17 0
146 17 0
146 17 0
147 17 0
147 17 0
147 18 0
147 18 0
148 18 0
148 18 0
148 19 0
148 19 0
149 19 0
149 19 0
149 20 0
149 20 0
150 20 0
150 20 0
150 20 0
150 21 0
151 21 0
151 21 0
151 21 0
151 22 0
152 22 0
152 22 0
152 22 0
152 22 0
153 23 0
153 23 0
153 23 0
153 23 0
154 24 0
154 24 0
154 24 0
154 24 0
155 24 0
155 25 0
155 25 0
155 25 0
156 25 0
156 26 0
156 26 0
156 26 0
157 26 0
157 26 0
157 27 0
157 27 0
158 27 0
158 27 0
158 28 0
158 28 0
159 28 0
159 28 0
159 28 0
159 29 0
160 29 0
160 29 0
160 29 0
160 30 0
161 30 0
161 30 0
161 30 0
161 30 0
162 31 0
162 31 0
162 31 0
162 31 0
163 32 0
163 32 0
163 32 0
163 32 0
164 33 0
164 33 0
164 33 0
164 33 0
165 33 0
165 34 0
165 34 0
165 34 0
166 34 0
166 35 0
166 35 0
166 35 0
167 35 0
167 35 0
167 36 0
167 36 0
168 36 0
168 36 0
168 37 0
168 37 0
169 37 0
169 37 0
169 37 0
169 38 0
170 38 0
170 38 0
170 38 0
170 39 0
171 39 0
171 39 0
171 39 0
171 39 0
172 40 0
172 40 0
172 40 0
172 40 0
173 41 0
173 41 0
173 41 0
173 41 0
174 41 0
174 42 0
174 42 0
174 42 0
175 42 0
175 43 0
175 43 0
175 43 0
176 43 0
176 44 0
176 44 0
176 44 0
177 44 0
177 44 0
177 45 0
177 45 0
178 45 0
178 45 0
178 46 0
178 46 0
179 46 0
179 46 0
179 46 0
179 47 0
180 47 0
180 47 0
180 47 0
180 48 0
181 48 0
181 48 0
181 48 0
181 48 0
182 49 0
182 49 0
182 49 0
182 49 0
183 50 0
183 50 0
183 50 0
183 50 0
184 50 0
184 51 0
184 51 0
184 51 0
185 51 0
185 52 0
185 52 0
185 52 0
186 52 0
186 52 0
186 53 0
186 53 0
187 53 0
187 53 0
187 54 0
187 54 0
188 54 0
188 54 0
188 54 0
188 55 0
189 55 0
189 55 0
189 55 0
189 56 0
190 56 0
190 56 0
190 56 0
190 57 0
191 57 0
191 57 0
191 57 0
191 57 0
192 58 0
192 58 0
192 58 0
192 58 0
193 59 0
193 59 0
193 59 0
193 59 0
194 59 0
194 60 0
194 60 0
194 60 0
195 60 0
195 61 0
195 61 0
195 61 0
196 61 0
196 61 0
196 62 0
196 62 0
197 62 0
197 62 0
197 63 0
197 63 0
198 63 0
198 63 0
198 63 0
198 64 0
199 64 0
199 64 0
199 64 0
199 65 0
200 65 0
200 65 0
200 65 0
200 65 0
201 66 0
201 66 0
201 66 0
201 66 0
202 67 0
202 67 0
202 67 0
202 67 0
203 67 0
203 68 0
203 68 0
203 68 0
204 68 0
204 69 0
204 69 0
204 69 0
205 69 0
205 70 0
205 70 0
205 70 0
206 70 0
206 70 0
206 71 0
206 71 0
207 71 0
207 71 0
207 72 0
207 72 0
208 72 0
208 72 0
208 72 0
208 73 0
209 73 0
209 73 0
209 73 0
209 74 0
210 74 0
210 74 0
210 74 0
210 74 0
211 75 0
211 75 0
211 75 0
211 75 0
212 76 0
212 76 0
212 76 0
212 76 0
213 76 0
213 77 0
213 77 0
213 77 0
214 77 0
214 78 0
214 78 0
214 78 0
215 78 0
215 78 0
215 79 0
215 79 0
216 79 0
216 79 0
216 80 0
216 80 0
217 80 0
217 80 0
217 81 0
217 81 0
218 81 0
218 81 0
218 81 0
218 82 0
218 82 0
219 82 0
219 82 0
219 83 0
219 83 0
220 83 0
220 83 0
220 83 0
220 84 0
221 84 0
221 84 0
221 84 0
221 85 0
222 85 0
222 85 0
222 85 0
222 85 0
223 86 0
223 86 0
223 86 0
223 86 0
224 87 0
224 87 0
224 87 0
224 87 0
225 87 0
225 88 0
225 88 0
225 88 0
226 88 0
226 89 0
226 89 0
226 89 0
227 89 0
227 89 0
227 90 0
227 90 0
228 90 0
228 90 0
228 91 0
228 91 0
229 91 0
229 91 0
229 91 0
229 92 0
230 92 0
230 92 0
230 92 0
230 93 0
231 93 0
231 93 0
231 93 0
231 94 0
232 94 0
232 94 0
232 94 0
232 94 0
233 95 0
233 95 0
233 95 0
233 95 0
234 96 0
234 96 0
234 96 0
234 96 0
235 96 0
235 97 0
235 97 0
235 97 0
236 97 0
236 98 0
236 98 0
236 98 0
237 98 0
237 98 0
237 99 0
237 99 0
238 99 0
238 99 0
238 100 0
238 100 0
239 100 0
239 100 0
239 100 0
239 101 0
240 101 0
240 101 0
240 101 0
240 102 0
241 102 0
241 102 0
241 102 0
241 102 0
242 103 0
242 103 0
242 103 0
242 103 0
243 104 0
243 104 0
243 104 0
243 104 0
244 104 0
244 105 0
244 105 0
244 105 0
245 105 0
245 106 0
245 106 0
245 106 0
246 106 0
246 107 0
246 107 0
246 107 0
247 107 0
247 107 0
247 108 0
247 108 0
248 108 0
248 108 0
248 109 0
248 109 0
249 109 0
249 109 0
249 109 0
249 110 0
250 110 0
250 110 0
250 110 0
250 111 0
251 111 0
251 111 0
251 111 0
251 111 0
252 112 0
252 112 0
252 112 0
252 112 0
253 113 0
253 113 0
253 113 0
253 113 0
254 113 0
254 114 0
254 114 0
254 114 0
255 114 0
255 115 0
255 115 0
255 115 0
255 115 1
255 115 1
255 116 1
255 116 1
255 116 1
255 116 2
255 117 2
255 117 2
255 117 2
255 117 3
255 118 3
255 118 3
255 118 3
255 118 3
255 118 4
255 119 4
255 119 4
255 119 4
255 119 5
255 120 5
255 120 5
255 120 5
255 120 5
255 120 6
255 121 6
255 121 6
255 121 6
255 121 7
255 122 7
255 122 7
255 122 7
255 122 7
255 122 8
255 123 8
255 123 8
255 123 8
255 123 9
255 124 9
255 124 9
255 124 9
255 124 9
255 124 10
255 125 10
255 125 10
255 125 10
255 125 11
255 126 11
255 126 11
255 126 11
255 126 11
255 126 12
255 127 12
255 127 12
255 127 12
255 127 13
255 128 13
255 128 13
255 128 13
255 128 14
255 128 14
255 129 14
255 129 14
255 129 14
255 129 15
255 130 15
255 130 15
255 130 15
255 130 16
255 131 16
255 131 16
255 131 16
255 131 16
255 131 17
255 132 17
255 132 17
255 132 17
255 132 18
255 133 18
255 133 18
255 133 18
255 133 18
255 133 19
255 134 19
255 134 19
255 134 19
255 134 20
255 135 20
255 135 20
255 135 20
255 135 20
255 135 21
255 136 21
255 136 21
255 136 21
255 136 22
255 137 22
255 137 22
255 137 22
255 137 22
255 137 23
255 138 23
255 138 23
255 138 23
255 138 24
255 139 24
255 139 24
255 139 24
255 139 25
255 139 25
255 140 25
255 140 25
255 140 25
255 140 26
255 141 26
255 141 26
255 141 26
255 141 27
255 141 27
255 142 27
255 142 27
255 142 27
255 142 28
255 143 28
255 143 28
255 143 28
255 143 29
255 144 29
255 144 29
255 144 29
255 144 29
255 144 30
255 145 30
255 145 30
255 145 30
255 145 31
255 146 31
255 146 31
255 146 31
255 146 31
255 146 32
255 147 32
255 147 32
255 147 32
255 147 33
255 148 33
255 148 33
255 148 33
255 148 33
255 148 34
255 149 34
255 149 34
255 149 34
255 149 35
255 150 35
255 150 35
255 150 35
255 150 35
255 150 36
255 151 36
255 151 36
255 151 36
255 151 37
255 152 37
255 152 37
255 152 37
255 152 38
255 152 38
255 153 38
255 153 38
255 153 38
255 153 39
255 154 39
255 154 39
255 154 39
255 154 40
255 154 40
255 155 40
255 155 40
255 155 40
255 155 41
255 156 41
255 156 41
255 156 41
255 156 42
255 157 42
255 157 42
255 157 42
255 157 42
255 157 43
255 158 43
255 158 43
255 158 43
255 158 44
255 159 44
255 159 44
255 159 44
255 159 44
255 159 45
255 160 45
255 160 45
255 160 45
255 160 46
255 161 46
255 161 46
255 161 46
255 161 46
255 161 47
255 162 47
255 162 47
255 162 47
255 162 48
255 163 48
255 163 48
255 163 48
255 163 48
255 163 49
255 164 49
255 164 49
255 164 49
255 164 50
255 165 50
255 165 50
255 165 50
255 165 51
255 165 51
255 166 51
255 166 51
255 166 51
255 166 52
255 167 52
255 167 52
255 167 52
255 167 53
255 168 53
255 168 53
255 168 53
255 168 53
255 168 54
255 169 54
255 169 54
255 169 54
255 169 55
255 170 55
255 170 55
255 170 55
255 170 55
255 170 56
255 171 56
255 171 56
255 171 56
255 171 57
255 172 57
255 172 57
255 172 57
255 172 57
255 172 58
255 173 58
255 173 58
255 173 58
255 173 59
255 174 59
255 174 59
255 174 59
255 174 59
255 174 60
255 175 60
255 175 60
255 175 60
255 175 61
255 176 61
255 176 61
255 176 61
255 176 61
255 176 62
255 177 62
255 177 62
255 177 62
255 177 63
255 178 63
255 178 63
255 178 63
255 178 64
255 178 64
255 179 64
255 179 64
255 179 64
255 179 65
255 180 65
255 180 65
255 180 65
255 180 66
255 181 66
255 181 66
255 181 66
255 181 66
255 181 67
255 182 67
255 182 67
255 182 67
255 182 68
255 183 68
255 183 68
255 183 68
255 183 68
255 183 69
255 184 69
255 184 69
255 184 69
255 184 70
255 185 70
255 185 70
255 185 70
255 185 70
255 185 71
255 186 71
255 186 71
255 186 71
255 186 72
255 187 72
255 187 72
255 187 72
255 187 72
255 187 73
255 188 73
255 188 73
255 188 73
255 188 74
255 189 74
255 189 74
255 189 74
255 189 75
255 189 75
255 190 75
255 190 75
255 190 75
255 190 76
255 191 76
255 191 76
255 191 76
255 191 77
255 191 77
255 192 77
255 192 77
255 192 77
255 192 78
255 193 78
255 193 78
255 193 78
255 193 79
255 194 79
255 194 79
255 194 79
255 194 79
255 194 80
255 195 80
255 195 80
255 195 80
255 195 81
255 196 81
255 196 81
255 196 81
255 196 81
255 196 82
255 197 82
255 197 82
255 197 82
255 197 83
255 198 83
255 198 83
255 198 83
255 198 83
255 198 84
255 199 84
255 199 84
255 199 84
255 199 85
255 200 85
255 200 85
255 200 85
255 200 85
255 200 86
255 201 86
255 201 86
255 201 86
255 201 87
255 202 87
255 202 87
255 202 87
255 202 88
255 202 88
255 203 88
255 203 88
255 203 88
255 203 89
255 204 89
255 204 89
255 204 89
255 204 90
255 205 90
255 205 90
255 205 90
255 205 90
255 205 91
255 206 91
255 206 91
255 206 91
255 206 92
255 207 92
255 207 92
255 207 92
255 207 92
255 207 93
255 208 93
255 208 93
255 208 93
255 208 94
255 209 94
255 209 94
255 209 94
255 209 94
255 209 95
255 210 95
255 210 95
255 210 95
255 210 96
255 211 96
255 211 96
255 211 96
255 211 96
255 211 97
255 212 97
255 212 97
255 212 97
255 212 98
255 213 98
255 213 98
255 213 98
255 213 98
255 213 99
255 214 99
255 214 99
255 214 99
255 214 100
255 215 100
255 215 100
255 215 100
255 215 101
255 215 101
255 216 101
255 216 101
255 216 101
255 216 102
255 217 102
255 217 102
255 217 102
255 217 103
255 218 103
255 218 103
255 218 103
255 218 103
255 218 104
255 219 104
255 219 104
255 219 104
255 219 105
255 220 105
255 220 105
255 220 105
255 220 105
255 220 106
255 221 106
255 221 106
255 221 106
255 221 107
255 222 107
255 222 107
255 222 107
255 222 107
255 222 108
255 223 108
255 223 108
255 223 108
255 223 109
255 224 109
255 224 109
255 224 109
255 224 109
255 224 110
255 225 110
255 225 110
255 225 110
255 225 111
255 226 111
255 226 111
255 226 111
255 226 112
255 226 112
255 227 112
255 227 112
255 227 112
255 227 113
255 228 113
255 228 113
255 228 113
255 228 114
255 228 114
255 229 114
255 229 114
255 229 114
255 229 115
255 229 115
255 229 115
255 229 115
255 229 116
255 229 116
255 229 116
255 229 116
255 229 116
255 229 117
255 229 117
255 229 117
255 229 117
255 229 118
255 229 118
255 229 118
255 229 118
255 229 118
255 229 119
255 229 119
255 229 119
255 229 119
255 229 120
255 229 120
255 229 120
255 229 120
255 229 120
255 229 121
255 229 121
255 229 121
255 229 121
255 229 122
255 229 122
255 229 122
255 229 122
255 229 122
255 229 123
255 229 123
255 229 123
255 229 123
255 229 124
255 229 124
255 229 124
255 229 124
255 229 125
255 229 125
255 229 125
255 229 125
255 229 125
255 229 126
255 229 126
255 229 126
255 229 126
255 229 127
255 229 127
255 229 127
255 229 127
255 229 127
255 229 128
255 229 128
255 229 128
255 229 128
255 229 129
255 229 129
255 229 129
255 229 129
255 229 129
255 229 130
255 229 130
255 229 130
255 229 130
255 229 131
255 229 131
255 229 131
255 229 131
255 229 131
255 229 132
255 229 132
255 229 132
255 229 132
255 229 133
255 229 133
255 229 133
255 229 133
255 229 133
255 229 134
255 229 134
255 229 134
255 229 134
255 229 135
255 229 135
255 229 135
255 229 135
255 229 135
255 229 136
255 229 136
255 229 136
255 229 136
255 229 137
255 229 137
255 229 137
255 229 137
255 229 138
255 229 138
255 229 138
255 229 138
255 229 138
255 229 139
255 229 139
255 229 139
255 229 139
255 229 140
255 229 140
255 229 140
255 229 140
255 229 140
255 229 141
255 229 141
255 229 141
255 229 141
255 229 142
255 229 142
255 229 142
255 229 142
255 229 142
255 229 143
255 229 143
255 229 143
255 229 143
255 229 144
255 229 144
255 229 144
255 229 144
255 229 144
255 229 145
255 229 145
255 229 145
255 229 145
255 229 146
255 229 146
255 229 146
255 229 146
255 229 146
255 229 147
255 229 147
255 229 147
255 229 147
255 229 148
255 229 148
255 229 148
255 229 148
255 229 149
255 229 149
255 229 149
255 229 149
255 229 149
255 229 150
255 229 150
255 229 150
255 229 150
255 229 151
255 229 151
255 229 151
255 229 151
255 229 151
255 229 152
255 229 152
255 229 152
255 229 152
255 229 153
255 229 153
255 229 153
255 229 153
255 229 153
255 229 154
255 229 154
255 229 154
255 229 154
255 229 155
255 229 155
255 229 155
255 229 155
255 229 155
255 229 156
255 229 156
255 229 156
255 229 156
255 229 157
255 229 157
255 229 157
255 229 157
255 229 157
255 229 158
255 229 158
255 229 158
255 229 158
255 229 159
255 229 159
255 229 159
255 229 159
255 229 159
255 229 160
255 229 160
255 229 160
255 229 160
255 229 161
255 229 161
255 229 161
255 229 161
255 229 162
255 229 162
255 229 162
255 229 162
255 229 162
255 229 163
255 229 163
255 229 163
255 229 163
255 229 164
255 229 164
255 229 164
255 229 164
255 229 164
255 229 165
255 229 165
255 229 165
255 229 165
255 229 166
255 229 166
255 229 166
255 229 166
255 229 166
255 229 167
255 229 167
255 229 167
255 229 167
255 229 168
255 229 168
255 229 168
255 229 168
255 229 168
255 229 169
255 229 169
255 229 169
255 229 169
255 229 170
255 229 170
255 229 170
255 229 170
255 229 170
255 229 171
255 229 171
255 229 171
255 229 171
255 229 172
255 229 172
255 229 172
255 229 172
255 229 172
255 229 173
255 229 173
255 229 173
255 229 173
255 229 174
255 229 174
255 229 174
255 229 174
255 229 175
255 229 175
255 229 175
255 229 175
255 229 175
255 229 176
255 229 176
255 229 176
255 229 176
255 229 177
255 229 177
255 229 177
255 229 177
255 229 177
255 229 178
255 229 178
255 229 178
255 229 178
255 229 179
255 229 179
255 229 179
255 229 179
255 229 179
255 229 180
255 229 180
255 229 180
255 229 180
255 229 181
255 229 181
255 229 181
255 229 181
255 229 181
255 229 182
255 229 182
255 229 182
255 229 182
255 229 183
255 229 183
255 229 183
255 229 183
255 229 183
255 229 184
255 229 184
255 229 184
255 229 184
255 229 185
255 229 185
255 229 185
255 229 185
255 229 185
255 229 186
255 229 186
255 229 186
255 229 186
255 229 187
255 229 187
255 229 187
255 229 187
255 229 188
255 229 188
255 229 188
255 229 188
255 229 188
255 229 189
255 229 189
255 229 189
255 229 189
255 229 190
255 229 190
255 229 190
255 229 190
255 229 190
255 229 191
255 229 191
255 229 191
255 229 191
255 229 192
255 229 192
255 229 192
255 229 192
255 229 192
255 229 193
255 229 193
255 229 193
255 229 193
255 229 194
255 229 194
255 229 194
255 229 194
255 229 194
255 229 195
255 229 195
255 229 195
255 229 195
255 229 196
255 229 196
255 229 196
255 229 196
255 229 196
255 229 197
255 229 197
255 229 197
255 229 197
255 229 198
255 229 198
255 229 198
255 229 198
255 229 199
255 229 199
255 229 199
255 229 199
255 229 199
255 229 200
255 229 200
255 229 200
255 229 200
255 229 201
255 229 201
255 229 201
255 229 201
255 229 201
255 229 202
255 229 202
255 229 202
255 229 202
255 229 203
255 229 203
255 229 203
255 229 203
255 229 203
255 229 204
255 229 204
255 229 204
255 229 204
255 229 205
255 229 205
255 229 205
255 229 205
255 229 205
255 229 206
255 229 206
255 229 206
255 229 206
255 229 207
255 229 207
255 229 207
255 229 207
255 229 207
255 229 208
255 229 208
255 229 208
255 229 208
255 229 209
255 229 209
255 229 209
255 229 209
255 229 209
255 229 210
255 229 210
255 229 210
255 229 210
255 229 211
255 229 211
255 229 211
255 229 211
255 229 212
255 229 212
255 229 212
255 229 212
255 229 212
255 229 213
255 229 213
255 229 213
255 229 213
255 229 214
255 229 214
255 229 214
255 229 214
255 229 214
255 229 215
255 229 215
255 229 215
255 229 215
255 229 216
255 229 216
255 229 216
255 229 216
255 229 216
255 229 217
255 229 217
255 229 217
255 229 217
255 229 218
255 229 218
255 229 218
255 229 218
255 229 218
255 229 219
255 229 219
255 229 219
255 229 219
255 229 220
255 229 220
255 229 220
255 229 220
255 229 220
255 229 221
255 229 221
255 229 221
255 229 221
255 229 222
255 229 222
255 229 222
255 229 222
255 229 222
255 229 223
255 229 223
255 229 223
255 229 223
255 229 224
255 229 224
255 229 224
255 229 224
255 229 225
255 229 225
255 229 225
255 229 225
255 229 225
255 229 226
255 229 226
255 229 226
255 229 226
255 229 227
255 229 227
255 229 227
255 229 227
255 229 227
255 229 228
255 229 228
255 229 228
255 229 228
255 229 229
255 229 229
255 229 229
