247 225 229
246 225 229
246 225 229
246 225 229
246 225 229
246 225 229
246 225 229
246 225 229
246 225 229
246 225 229
246 225 229
245 225 229
245 225 229
245 225 229
245 225 229
245 225 229
245 224 229
245 224 229
245 224 228
245 224 228
245 224 228
244 224 228
244 224 228
244 224 228
244 224 228
244 224 228
244 224 228
244 224 228
244 224 228
244 224 228
244 224 228
243 224 228
243 224 228
243 224 228
243 223 228
243 223 228
243 223 228
243 223 228
243 223 228
243 223 228
243 223 228
242 223 228
242 223 228
242 223 228
242 223 228
242 223 228
242 223 228
242 223 228
242 223 228
242 223 228
242 223 228
242 223 228
241 222 228
241 222 228
241 222 227
241 222 227
241 222 227
241 222 227
241 222 227
241 222 227
241 222 227
241 222 227
240 222 227
240 222 227
240 222 227
240 222 227
240 222 227
240 222 227
240 222 227
240 222 227
240 221 227
240 221 227
239 221 227
239 221 227
239 221 227
239 221 227
239 221 227
239 221 227
239 221 227
239 221 227
239 221 227
239 221 227
238 221 227
238 221 227
238 221 227
238 221 227
238 221 227
238 221 227
238 220 227
238 220 226
238 220 226
238 220 226
238 220 226
237 220 226
237 220 226
237 220 226
237 220 226
237 220 226
237 220 226
237 220 226
237 220 226
237 220 226
237 220 226
236 220 226
236 220 226
236 219 226
236 219 226
236 219 226
236 219 226
236 219 226
236 219 226
236 219 226
236 219 226
235 219 226
235 219 226
235 219 226
235 219 226
235 219 226
235 219 226
235 219 226
235 219 226
235 219 226
235 219 226
234 218 226
234 218 226
234 218 225
234 218 225
234 218 225
234 218 225
234 218 225
234 218 225
234 218 225
234 218 225
234 218 225
233 218 225
233 218 225
233 218 225
233 218 225
233 218 225
233 218 225
233 218 225
233 217 225
233 217 225
233 217 225
232 217 225
232 217 225
232 217 225
232 217 225
232 217 225
232 217 225
232 217 225
232 217 225
232 217 225
232 217 225
231 217 225
231 217 225
231 217 225
231 217 225
231 217 225
231 216 225
231 216 224
231 216 224
231 216 224
231 216 224
230 216 224
230 216 224
230 216 224
230 216 224
230 216 224
230 216 224
230 216 224
230 216 224
230 216 224
230 216 224
229 216 224
229 216 224
229 215 224
229 215 224
229 215 224
229 215 224
229 215 224
229 215 224
229 215 224
229 215 224
229 215 224
228 215 224
228 215 224
228 215 224
228 215 224
228 215 224
228 215 224
228 215 224
228 215 224
228 215 224
228 214 224
227 214 224
227 214 223
227 214 223
227 214 223
227 214 223
227 214 223
227 214 223
227 214 223
227 214 223
227 214 223
226 214 223
226 214 223
226 214 223
226 214 223
226 214 223
226 214 223
226 214 223
226 213 223
226 213 223
226 213 223
225 213 223
225 213 223
225 213 223
225 213 223
225 213 223
225 213 223
225 213 223
225 213 223
225 213 223
225 213 223
225 213 223
224 213 223
224 213 223
224 213 223
224 213 223
224 212 223
224 212 222
224 212 222
224 212 222
224 212 222
224 212 222
223 212 222
223 212 222
223 212 222
223 212 222
223 212 222
223 212 222
223 212 222
223 212 222
223 212 222
223 212 222
222 212 222
222 211 222
222 211 222
222 211 222
222 211 222
222 211 222
222 211 222
222 211 222
222 211 222
222 211 222
221 211 222
221 211 222
221 211 222
221 211 222
221 211 222
221 211 222
221 211 222
221 211 222
221 211 222
221 210 222
221 210 222
220 210 221
220 210 221
220 210 221
220 210 221
220 210 221
220 210 221
220 210 221
220 210 221
220 210 221
220 210 221
220 210 221
219 210 221
219 210 221
219 210 221
219 210 221
219 210 221
219 209 221
219 209 221
219 209 221
219 209 221
219 209 221
218 209 221
218 209 221
218 209 221
218 209 221
218 209 221
218 209 221
218 209 221
218 209 221
218 209 221
218 209 221
218 209 221
217 209 221
217 209 221
217 208 221
217 208 221
217 208 220
217 208 220
217 208 220
217 208 220
217 208 220
217 208 220
217 208 220
216 208 220
216 208 220
216 208 220
216 208 220
216 208 220
216 208 220
216 208 220
216 208 220
216 208 220
216 207 220
215 207 220
215 207 220
215 207 220
215 207 220
215 207 220
215 207 220
215 207 220
215 207 220
215 207 220
215 207 220
215 207 220
214 207 220
214 207 220
214 207 220
214 207 220
214 207 220
214 206 220
214 206 220
214 206 219
214 206 219
214 206 219
214 206 219
213 206 219
213 206 219
213 206 219
213 206 219
213 206 219
213 206 219
213 206 219
213 206 219
213 206 219
213 206 219
212 206 219
212 206 219
212 205 219
212 205 219
212 205 219
212 205 219
212 205 219
212 205 219
212 205 219
212 205 219
212 205 219
211 205 219
211 205 219
211 205 219
211 205 219
211 205 219
211 205 219
211 205 219
211 205 219
211 205 219
211 204 219
211 204 219
210 204 218
210 204 218
210 204 218
210 204 218
210 204 218
210 204 218
210 204 218
210 204 218
210 204 218
210 204 218
209 204 218
209 204 218
209 204 218
209 204 218
209 204 218
209 204 218
209 203 218
209 203 218
209 203 218
209 203 218
209 203 218
208 203 218
208 203 218
208 203 218
208 203 218
208 203 218
208 203 218
208 203 218
208 203 218
208 203 218
208 203 218
208 203 218
207 203 218
207 202 218
207 202 218
207 202 217
207 202 217
207 202 217
207 202 217
207 202 217
207 202 217
207 202 217
206 202 217
206 202 217
206 202 217
206 202 217
206 202 217
206 202 217
206 202 217
206 202 217
206 202 217
206 201 217
206 201 217
205 201 217
205 201 217
205 201 217
205 201 217
205 201 217
205 201 217
205 201 217
205 201 217
205 201 217
205 201 217
205 201 217
204 201 217
204 201 217
204 201 217
204 201 217
204 201 217
204 200 217
204 200 217
204 200 216
204 200 216
204 200 216
203 200 216
203 200 216
203 200 216
203 200 216
203 200 216
203 200 216
203 200 216
203 200 216
203 200 216
203 200 216
203 200 216
202 200 216
202 200 216
202 199 216
202 199 216
202 199 216
202 199 216
202 199 216
202 199 216
202 199 216
202 199 216
202 199 216
201 199 216
201 199 216
201 199 216
201 199 216
201 199 216
201 199 216
201 199 216
201 199 216
201 198 216
201 198 216
200 198 215
200 198 215
200 198 215
200 198 215
200 198 215
200 198 215
200 198 215
200 198 215
200 198 215
200 198 215
200 198 215
199 198 215
199 198 215
199 198 215
199 198 215
199 198 215
199 197 215
199 197 215
199 197 215
199 197 215
199 197 215
199 197 215
198 197 215
198 197 215
198 197 215
198 197 215
198 197 215
198 197 215
198 197 215
198 197 215
198 197 215
198 197 215
197 197 215
197 197 215
197 196 214
197 196 214
197 196 214
197 196 214
197 196 214
196 196 214
196 196 214
196 196 214
196 196 214
196 196 214
196 196 214
195 196 214
195 196 214
195 196 214
195 196 214
195 196 214
195 196 214
194 195 214
194 195 214
194 195 214
194 195 214
194 195 213
194 195 213
194 195 213
193 195 213
193 195 213
193 195 213
193 195 213
193 195 213
193 195 213
192 195 213
192 195 213
192 195 213
192 194 213
192 194 213
192 194 213
192 194 213
191 194 213
191 194 213
191 194 213
191 194 213
191 194 212
191 194 212
190 194 212
190 194 212
190 194 212
190 194 212
190 194 212
190 194 212
189 194 212
189 193 212
189 193 212
189 193 212
189 193 212
189 193 212
189 193 212
188 193 212
188 193 212
188 193 212
188 193 212
188 193 212
188 193 211
187 193 211
187 193 211
187 193 211
187 193 211
187 193 211
187 192 211
187 192 211
186 192 211
186 192 211
186 192 211
186 192 211
186 192 211
186 192 211
185 192 211
185 192 211
185 192 211
185 192 211
185 192 211
185 192 211
184 192 211
184 192 210
184 192 210
184 191 210
184 191 210
184 191 210
184 191 210
183 191 210
183 191 210
183 191 210
183 191 210
183 191 210
183 191 210
182 191 210
182 191 210
182 191 210
182 191 210
182 191 210
182 191 210
182 190 210
181 190 210
181 190 209
181 190 209
181 190 209
181 190 209
181 190 209
180 190 209
180 190 209
180 190 209
180 190 209
180 190 209
180 190 209
179 190 209
179 190 209
179 190 209
179 190 209
179 189 209
179 189 209
179 189 209
178 189 209
178 189 209
178 189 208
178 189 208
178 189 208
178 189 208
177 189 208
177 189 208
177 189 208
177 189 208
177 189 208
177 189 208
177 189 208
176 189 208
176 188 208
176 188 208
176 188 208
176 188 208
176 188 208
175 188 208
175 188 208
175 188 208
175 188 207
175 188 207
175 188 207
174 188 207
174 188 207
174 188 207
174 188 207
174 188 207
174 187 207
174 187 207
173 187 207
173 187 207
173 187 207
173 187 207
173 187 207
173 187 207
172 187 207
172 187 207
172 187 207
172 187 207
172 187 207
172 187 206
172 187 206
171 187 206
171 187 206
171 186 206
171 186 206
171 186 206
171 186 206
170 186 206
170 186 206
170 186 206
170 186 206
170 186 206
170 186 206
169 186 206
169 186 206
169 186 206
169 186 206
169 186 206
169 186 206
169 186 205
168 185 205
168 185 205
168 185 205
168 185 205
168 185 205
168 185 205
167 185 205
167 185 205
167 185 205
167 185 205
167 185 205
167 185 205
167 185 205
166 185 205
166 185 205
166 185 205
166 185 205
166 184 205
166 184 205
165 184 204
165 184 204
165 184 204
165 184 204
165 184 204
165 184 204
164 184 204
164 184 204
164 184 204
164 184 204
164 184 204
164 184 204
164 184 204
163 184 204
163 183 204
163 183 204
163 183 204
163 183 204
163 183 204
162 183 204
162 183 204
162 183 203
162 183 203
162 183 203
162 183 203
162 183 203
161 183 203
161 183 203
161 183 203
161 183 203
161 183 203
161 182 203
160 182 203
160 182 203
160 182 203
160 182 203
160 182 203
160 182 203
159 182 203
159 182 203
159 182 203
159 182 202
159 182 202
159 182 202
159 182 202
158 182 202
158 182 202
158 182 202
158 181 202
158 181 202
158 181 202
157 181 202
157 181 202
157 181 202
157 181 202
157 181 202
156 181 202
156 181 202
156 181 202
156 180 202
156 180 202
155 180 202
155 180 202
155 180 202
155 180 201
155 180 201
154 180 201
154 180 201
154 180 201
154 179 201
154 179 201
153 179 201
153 179 201
153 179 201
153 179 201
153 179 201
152 179 201
152 179 201
152 179 201
152 179 201
152 178 201
151 178 201
151 178 201
151 178 201
151 178 201
151 178 201
150 178 201
150 178 201
150 178 201
150 178 201
150 177 200
149 177 200
149 177 200
149 177 200
149 177 200
149 177 200
148 177 200
148 177 200
148 177 200
148 177 200
148 176 200
147 176 200
147 176 200
147 176 200
147 176 200
147 176 200
146 176 200
146 176 200
146 176 200
146 176 200
146 175 200
145 175 200
145 175 200
145 175 200
145 175 200
145 175 200
144 175 199
144 175 199
144 175 199
144 175 199
144 174 199
143 174 199
143 174 199
143 174 199
143 174 199
143 174 199
142 174 199
142 174 199
142 174 199
142 174 199
142 173 199
141 173 199
141 173 199
141 173 199
141 173 199
141 173 199
140 173 199
140 173 199
140 173 199
140 173 199
140 172 199
139 172 199
139 172 198
139 172 198
139 172 198
139 172 198
138 172 198
138 172 198
138 172 198
138 172 198
138 172 198
137 171 198
137 171 198
137 171 198
137 171 198
137 171 198
136 171 198
136 171 198
136 171 198
136 171 198
136 171 198
136 170 198
135 170 198
135 170 198
135 170 198
135 170 198
135 170 198
134 170 197
134 170 197
134 170 197
134 170 197
134 169 197
133 169 197
133 169 197
133 169 197
133 169 197
133 169 197
132 169 197
132 169 197
132 169 197
132 169 197
132 168 197
131 168 197
131 168 197
131 168 197
131 168 197
131 168 197
130 168 197
130 168 197
130 168 197
130 168 197
130 167 197
129 167 197
129 167 196
129 167 196
129 167 196
129 167 196
128 167 196
128 167 196
128 167 196
128 167 196
128 166 196
127 166 196
127 166 196
127 166 196
127 166 196
127 166 196
126 166 196
126 166 196
126 166 196
126 166 196
126 166 196
125 165 196
125 165 196
125 165 196
125 165 196
125 165 196
124 165 196
124 165 196
124 165 195
124 165 195
124 165 195
123 164 195
123 164 195
123 164 195
123 164 195
123 164 195
122 164 195
122 164 195
122 164 195
122 164 195
122 164 195
121 163 195
121 163 195
121 163 195
121 163 195
121 163 195
120 163 195
120 163 195
120 163 195
120 163 195
120 163 195
119 162 195
119 162 195
119 162 195
119 162 194
119 162 194
118 162 194
118 162 194
118 162 194
118 162 194
118 162 194
117 161 194
117 161 194
117 161 194
117 161 194
117 161 194
116 161 194
116 161 194
116 161 194
116 161 194
116 161 194
115 160 194
115 160 194
115 160 194
115 160 194
115 160 194
114 160 194
114 160 194
114 160 194
114 160 194
114 160 193
113 159 193
113 159 193
113 159 193
113 159 193
113 159 193
112 159 193
112 159 193
112 159 193
112 159 193
112 159 193
111 159 193
111 158 193
111 158 193
111 158 193
111 158 193
110 158 193
110 158 193
110 158 193
110 158 193
110 158 193
109 158 193
109 157 193
109 157 193
109 157 193
109 157 193
108 157 192
108 157 192
108 157 192
108 157 192
108 157 192
107 157 192
107 156 192
107 156 192
107 156 192
107 156 192
106 156 192
106 156 192
106 156 192
106 156 192
106 156 192
106 156 192
105 155 192
105 155 192
105 155 192
105 155 192
105 155 192
105 155 191
104 155 191
104 155 191
104 155 191
104 155 191
104 154 191
104 154 191
104 154 191
103 154 191
103 154 191
103 154 191
103 154 191
103 154 191
103 154 191
102 154 191
102 153 191
102 153 191
102 153 190
102 153 190
102 153 190
101 153 190
101 153 190
101 153 190
101 153 190
101 153 190
101 153 190
100 152 190
100 152 190
100 152 190
100 152 190
100 152 190
100 152 190
100 152 190
99 152 190
99 152 190
99 152 189
99 151 189
99 151 189
99 151 189
98 151 189
98 151 189
98 151 189
98 151 189
98 151 189
98 151 189
97 151 189
97 150 189
97 150 189
97 150 189
97 150 189
97 150 189
96 150 189
96 150 189
96 150 188
96 150 188
96 150 188
96 149 188
96 149 188
95 149 188
95 149 188
95 149 188
95 149 188
95 149 188
95 149 188
94 149 188
94 149 188
94 148 188
94 148 188
94 148 188
94 148 188
93 148 188
93 148 187
93 148 187
93 148 187
93 148 187
93 148 187
92 147 187
92 147 187
92 147 187
92 147 187
92 147 187
92 147 187
92 147 187
91 147 187
91 147 187
91 147 187
91 146 187
91 146 187
91 146 187
90 146 186
90 146 186
90 146 186
90 146 186
90 146 186
90 146 186
89 146 186
89 146 186
89 145 186
89 145 186
89 145 186
89 145 186
88 145 186
88 145 186
88 145 186
88 145 186
88 145 186
88 145 185
88 144 185
87 144 185
87 144 185
87 144 185
87 144 185
87 144 185
87 144 185
86 144 185
86 144 185
86 144 185
86 143 185
86 143 185
86 143 185
85 143 185
85 143 185
85 143 185
85 143 185
85 143 184
85 143 184
84 143 184
84 142 184
84 142 184
84 142 184
84 142 184
84 142 184
84 142 184
83 142 184
83 142 184
83 142 184
83 142 184
83 141 184
83 141 184
82 141 184
82 141 184
82 141 184
82 141 183
82 141 183
82 141 183
81 141 183
81 141 183
81 140 183
81 140 183
81 140 183
81 140 183
80 140 183
80 140 183
80 140 183
80 140 183
80 140 183
80 140 183
80 140 183
79 139 183
79 139 183
79 139 182
79 139 182
79 139 182
79 139 182
78 139 182
78 139 182
78 139 182
78 139 182
78 138 182
78 138 182
77 138 182
77 138 182
77 138 182
77 138 182
77 138 182
77 138 182
76 138 182
76 138 181
76 137 181
76 137 181
76 137 181
76 137 181
75 137 181
75 137 181
75 137 181
75 137 181
75 137 181
75 137 181
75 136 181
74 136 181
74 136 181
74 136 181
74 136 181
74 136 181
74 136 181
73 136 180
73 136 180
73 136 180
73 135 180
73 135 180
73 135 180
72 135 180
72 135 180
72 135 180
72 135 180
72 135 180
72 135 180
71 135 180
71 134 180
71 134 180
71 134 180
71 134 180
71 134 180
71 134 179
70 134 179
70 134 179
70 134 179
70 134 179
70 133 179
70 133 179
69 133 179
69 133 179
69 133 179
69 133 179
69 133 179
69 133 179
68 133 179
68 133 179
68 133 179
68 132 179
68 132 179
68 132 178
67 132 178
67 132 178
67 132 178
67 132 178
67 132 178
67 132 178
67 132 178
66 131 178
66 131 178
66 131 178
66 131 178
66 131 178
66 131 178
65 131 178
65 131 178
65 131 178
65 130 177
65 130 177
65 130 177
65 130 177
65 130 177
64 130 177
64 130 177
64 130 177
64 130 177
64 129 177
64 129 177
64 129 177
63 129 177
63 129 177
63 129 177
63 129 177
63 129 177
63 129 176
63 128 176
63 128 176
62 128 176
62 128 176
62 128 176
62 128 176
62 128 176
62 128 176
62 127 176
62 127 176
61 127 176
61 127 176
61 127 176
61 127 176
61 127 176
61 127 176
61 127 175
61 126 175
60 126 175
60 126 175
60 126 175
60 126 175
60 126 175
60 126 175
60 126 175
59 125 175
59 125 175
59 125 175
59 125 175
59 125 175
59 125 175
59 125 175
59 125 174
58 125 174
58 124 174
58 124 174
58 124 174
58 124 174
58 124 174
58 124 174
58 124 174
57 124 174
57 124 174
57 123 174
57 123 174
57 123 174
57 123 174
57 123 174
57 123 174
56 123 173
56 123 173
56 122 173
56 122 173
56 122 173
56 122 173
56 122 173
55 122 173
55 122 173
55 122 173
55 122 173
55 121 173
55 121 173
55 121 173
55 121 173
54 121 173
54 121 173
54 121 172
54 121 172
54 120 172
54 120 172
54 120 172
54 120 172
53 120 172
53 120 172
53 120 172
53 120 172
53 120 172
53 119 172
53 119 172
53 119 172
52 119 172
52 119 172
52 119 172
52 119 171
52 119 171
52 119 171
52 118 171
51 118 171
51 118 171
51 118 171
51 118 171
51 118 171
51 118 171
51 118 171
51 117 171
50 117 171
50 117 171
50 117 171
50 117 171
50 117 170
50 117 170
50 117 170
50 117 170
49 116 170
49 116 170
49 116 170
49 116 170
49 116 170
49 116 170
49 116 170
49 116 170
48 116 170
48 115 170
48 115 170
48 115 170
48 115 170
48 115 169
48 115 169
47 115 169
47 115 169
47 114 169
47 114 169
47 114 169
47 114 169
47 114 169
47 114 169
46 114 169
46 114 169
46 114 169
46 113 169
46 113 169
46 113 169
46 113 169
46 113 168
45 113 168
45 113 168
45 113 168
45 112 168
45 112 168
45 112 168
45 112 168
45 112 168
44 112 168
44 112 168
44 112 168
44 112 168
44 111 168
44 111 168
44 111 168
43 111 167
43 111 167
43 111 167
43 111 167
43 111 167
43 111 167
43 110 167
43 110 167
42 110 167
42 110 167
42 110 167
42 110 167
42 110 167
42 110 167
42 109 167
42 109 167
41 109 167
41 109 166
41 109 166
41 109 166
41 109 166
41 109 166
41 109 166
41 108 166
40 108 166
40 108 166
40 108 166
40 108 166
40 108 166
40 108 166
40 108 166
39 107 166
39 107 166
39 107 166
39 107 165
39 107 165
39 107 165
39 107 165
39 107 165
38 107 165
38 106 165
38 106 165
38 106 165
38 106 165
38 106 165
38 106 165
38 106 165
37 106 165
37 106 165
37 105 165
37 105 165
37 105 164
37 105 164
37 105 164
37 105 164
36 105 164
36 105 164
36 104 164
36 104 164
36 104 164
36 104 164
36 104 164
35 104 164
35 104 164
35 104 164
35 104 164
35 103 164
35 103 163
35 103 163
35 103 163
34 103 163
34 103 163
34 103 163
34 103 163
34 103 163
34 102 163
34 102 163
34 102 163
33 102 163
33 102 163
33 102 163
33 102 163
33 102 163
33 101 163
33 101 162
33 101 162
32 101 162
32 101 162
32 101 162
32 101 162
32 101 162
32 101 162
32 100 162
32 100 162
32 100 162
32 100 162
31 100 161
31 100 161
31 100 161
31 100 161
31 100 161
31 99 161
31 99 161
31 99 161
31 99 161
31 99 161
30 99 161
30 99 160
30 99 160
30 99 160
30 98 160
30 98 160
30 98 160
30 98 160
30 98 160
30 98 160
29 98 160
29 98 160
29 98 160
29 97 159
29 97 159
29 97 159
29 97 159
29 97 159
29 97 159
29 97 159
29 97 159
28 97 159
28 96 159
28 96 159
28 96 158
28 96 158
28 96 158
28 96 158
28 96 158
28 96 158
28 95 158
27 95 158
27 95 158
27 95 158
27 95 158
27 95 157
27 95 157
27 95 157
27 95 157
27 94 157
27 94 157
26 94 157
26 94 157
26 94 157
26 94 157
26 94 157
26 94 157
26 94 156
26 93 156
26 93 156
26 93 156
25 93 156
25 93 156
25 93 156
25 93 156
25 93 156
25 93 156
25 92 156
25 92 155
25 92 155
25 92 155
25 92 155
24 92 155
24 92 155
24 92 155
24 92 155
24 91 155
24 91 155
24 91 155
24 91 155
24 91 154
24 91 154
23 91 154
23 91 154
23 91 154
23 90 154
23 90 154
23 90 154
23 90 154
23 90 154
23 90 154
23 90 153
22 90 153
22 90 153
22 89 153
22 89 153
22 89 153
22 89 153
22 89 153
22 89 153
22 89 153
22 89 153
21 89 152
21 88 152
21 88 152
21 88 152
21 88 152
21 88 152
21 88 152
21 88 152
21 88 152
21 87 152
21 87 152
20 87 152
20 87 151
20 87 151
20 87 151
20 87 151
20 87 151
20 87 151
20 86 151
20 86 151
20 86 151
19 86 151
19 86 151
19 86 150
19 86 150
19 86 150
19 86 150
19 85 150
19 85 150
19 85 150
19 85 150
18 85 150
18 85 150
18 85 150
18 85 149
18 85 149
18 84 149
18 84 149
18 84 149
18 84 149
18 84 149
17 84 149
17 84 149
17 84 149
17 84 149
17 83 149
17 83 148
17 83 148
17 83 148
17 83 148
17 83 148
17 83 148
16 83 148
16 83 148
16 82 148
16 82 148
16 82 148
16 82 147
16 82 147
16 82 147
16 82 147
16 82 147
15 82 147
15 81 147
15 81 147
15 81 147
15 81 147
15 81 147
15 81 147
15 81 146
15 81 146
15 81 146
14 80 146
14 80 146
14 80 146
14 80 146
14 80 146
14 80 146
14 80 146
14 80 146
14 80 145
14 79 145
13 79 145
13 79 145
13 79 145
13 79 145
13 79 145
13 79 145
13 79 145
13 78 145
13 78 145
13 78 144
12 78 144
12 78 144
12 78 144
12 78 144
12 78 144
12 78 144
12 77 144
12 77 144
12 77 144
12 77 144
12 77 144
11 77 143
11 77 143
11 77 143
11 77 143
11 76 143
11 76 143
11 76 143
11 76 143
11 76 143
11 76 143
10 76 143
10 76 142
10 76 142
10 75 142
10 75 142
10 75 142
10 75 142
10 75 142
10 75 142
10 75 142
9 75 142
9 75 142
9 74 141
9 74 141
9 74 141
9 74 141
9 74 141
9 74 141
9 74 141
9 74 141
8 74 141
8 73 141
8 73 141
8 73 141
8 73 140
8 73 140
8 73 140
8 73 140
8 73 140
8 73 140
8 72 140
8 72 140
8 72 140
8 72 139
8 72 139
8 72 139
8 72 139
8 72 139
8 71 139
8 71 138
8 71 138
8 71 138
8 71 138
8 71 138
8 71 138
8 71 137
8 71 137
8 70 137
8 70 137
8 70 137
8 70 136
8 70 136
8 70 136
8 70 136
8 70 136
8 70 136
8 69 135
8 69 135
8 69 135
8 69 135
8 69 135
8 69 135
8 69 134
8 69 134
8 68 134
8 68 134
8 68 134
8 68 134
8 68 133
8 68 133
8 68 133
8 68 133
8 68 133
8 67 133
8 67 132
8 67 132
8 67 132
8 67 132
8 67 132
8 67 131
8 67 131
8 66 131
8 66 131
8 66 131
8 66 131
8 66 130
8 66 130
8 66 130
8 66 130
8 66 130
8 65 130
8 65 129
8 65 129
8 65 129
8 65 129
8 65 129
8 65 129
8 65 128
8 65 128
8 64 128
8 64 128
8 64 128
8 64 128
8 64 127
8 64 127
8 64 127
8 64 127
8 63 127
8 63 126
8 63 126
8 63 126
8 63 126
8 63 126
8 63 126
8 63 125
8 63 125
8 62 125
8 62 125
8 62 125
8 62 125
8 62 124
8 62 124
8 62 124
8 62 124
8 62 124
8 61 124
8 61 123
8 61 123
8 61 123
8 61 123
8 61 123
8 61 123
8 61 122
8 60 122
8 60 122
8 60 122
8 60 122
8 60 121
8 60 121
8 60 121
8 60 121
8 60 121
8 59 121
8 59 120
8 59 120
8 59 120
8 59 120
8 59 120
8 59 120
8 59 119
8 58 119
8 58 119
8 58 119
8 58 119
8 58 119
8 58 118
8 58 118
8 58 118
8 58 118
8 57 118
8 57 118
8 57 117
8 57 117
8 57 117
8 57 117
8 57 117
8 57 116
8 57 116
8 56 116
8 56 116
8 56 116
8 56 116
8 56 115
8 56 115
8 56 115
8 56 115
8 55 115
8 55 115
8 55 114
8 55 114
8 55 114
8 55 114
8 55 114
8 55 114
8 55 113
8 54 113
8 54 113
8 54 113
8 54 113
8 54 113
8 54 112
8 54 112
8 54 112
8 53 112
8 53 112
8 53 111
8 53 111
8 53 111
8 53 111
8 53 111
8 53 111
8 53 110
8 52 110
8 52 110
8 52 110
8 52 110
8 52 110
8 52 109
8 52 109
8 52 109
8 52 109
8 51 109
8 51 109
8 51 108
8 51 108
8 51 108
8 51 108
8 51 108
8 51 108
8 50 107
8 50 107
8 50 107
8 50 107
8 50 107
8 50 106
8 50 106
8 50 106
8 50 106
8 49 106
8 49 106
8 49 105
8 49 105
8 49 105
8 49 105
8 49 105
8 49 105
8 49 104
8 48 104
8 48 104
8 48 104
8 48 104
8 48 104
8 48 103
8 48 103
8 48 103
8 47 103
8 47 103
8 47 103
8 47 102
8 47 102
8 47 102
8 47 102
8 47 102
8 47 101
8 46 101
8 46 101
8 46 101
8 46 101
8 46 101
8 46 100
8 46 100
8 46 100
8 45 100
8 45 100
8 45 100
8 45 99
8 45 99
8 45 99
8 45 99
8 45 99
8 45 99
8 44 98
8 44 98
8 44 98
8 44 98
8 44 98
8 44 98
8 44 97
8 44 97
8 44 97
8 43 97
8 43 97
8 43 96
8 43 96
8 43 96
8 43 96
8 43 96
