0 0 0
0 0 0
0 0 0
0 0 0
0 0 0
0 0 0
0 0 0
0 0 0
0 0 1
0 0 1
1 0 1
1 1 1
1 1 1
1 1 1
1 1 1
1 1 2
1 1 2
1 1 2
1 1 2
2 1 2
2 1 2
2 2 2
2 2 3
2 2 3
2 2 3
2 2 3
2 2 3
2 2 3
3 2 3
3 2 3
3 2 4
3 3 4
3 3 4
3 3 4
3 3 4
3 3 4
3 3 4
4 3 5
4 3 5
4 3 5
4 3 5
4 4 5
4 4 5
4 4 5
4 4 6
4 4 6
5 4 6
5 4 6
5 4 6
5 4 6
5 4 6
5 5 6
5 5 7
5 5 7
5 5 7
5 5 7
6 5 7
6 5 7
6 5 7
6 5 8
6 5 8
6 5 8
6 6 8
6 6 8
6 6 8
7 6 8
7 6 9
7 6 9
7 6 9
7 6 9
7 6 9
7 6 9
7 7 9
7 7 9
8 7 10
8 7 10
8 7 10
8 7 10
8 7 10
8 7 10
8 7 10
8 7 11
8 8 11
9 8 11
9 8 11
9 8 11
9 8 11
9 8 11
9 8 12
9 8 12
9 8 12
9 8 12
10 9 12
10 9 12
10 9 12
10 9 12
10 9 13
10 9 13
10 9 13
10 9 13
10 9 13
11 9 13
11 10 13
11 10 14
11 10 14
11 10 14
11 10 14
11 10 14
11 10 14
11 10 14
11 10 15
12 10 15
12 10 15
12 11 15
12 11 15
12 11 15
12 11 15
12 11 15
12 11 16
12 11 16
13 11 16
13 11 16
13 11 16
13 12 16
13 12 16
13 12 17
13 12 17
13 12 17
13 12 17
14 12 17
14 12 17
14 12 17
14 12 18
14 13 18
14 13 18
14 13 18
14 13 18
14 13 18
15 13 18
15 13 18
15 13 19
15 13 19
15 13 19
15 14 19
15 14 19
15 14 19
15 14 19
16 14 20
16 14 20
16 14 20
16 14 20
16 14 20
16 14 20
16 15 20
16 15 21
16 15 21
17 15 21
17 15 21
17 15 21
17 15 21
17 15 21
17 15 21
17 15 22
17 15 22
17 16 22
17 16 22
18 16 22
18 16 22
18 16 22
18 16 23
18 16 23
18 16 23
18 16 23
18 16 23
18 17 23
19 17 23
19 17 24
19 17 24
19 17 24
19 17 24
19 17 24
19 17 24
19 17 24
19 17 24
20 18 25
20 18 25
20 18 25
20 18 25
20 18 25
20 18 25
20 18 25
20 18 26
20 18 26
21 18 26
21 19 26
21 19 26
21 19 26
21 19 26
21 19 27
21 19 27
21 19 27
21 19 27
22 19 27
22 19 27
22 20 27
22 20 27
22 20 28
22 20 28
22 20 28
22 20 28
22 20 28
22 20 28
23 20 28
23 20 29
23 20 29
23 21 29
23 21 29
23 21 29
23 21 29
23 21 29
23 21 30
24 21 30
24 21 30
24 21 30
24 21 30
24 22 30
24 22 30
24 22 30
24 22 31
24 22 31
25 22 31
25 22 31
25 22 31
25 22 31
25 22 31
25 23 32
25 23 32
25 23 32
25 23 32
26 23 32
26 23 32
26 23 32
26 23 33
26 23 33
26 23 33
26 24 33
26 24 33
26 24 33
27 24 33
27 24 33
27 24 34
27 24 34
27 24 34
27 24 34
27 24 34
27 25 34
27 25 34
28 25 35
28 25 35
28 25 35
28 25 35
28 25 35
28 25 35
28 25 35
28 25 36
28 25 36
28 26 36
29 26 36
29 26 36
29 26 36
29 26 36
29 26 36
29 26 37
29 26 37
29 26 37
29 26 37
30 27 37
30 27 37
30 27 37
30 27 38
30 27 38
30 27 38
30 27 38
30 27 38
30 27 38
31 27 38
31 28 39
31 28 39
31 28 39
31 28 39
31 28 39
31 28 39
31 28 39
31 28 39
32 28 40
32 28 40
32 29 40
32 29 40
32 29 40
32 29 40
32 29 40
32 29 41
32 29 41
33 29 41
33 29 41
33 29 41
33 30 41
33 30 41
33 30 42
33 30 42
33 30 42
33 30 42
34 30 42
34 30 42
34 30 42
34 30 42
34 30 43
34 31 43
34 31 43
34 31 43
34 31 43
34 31 43
35 31 43
35 31 44
35 31 44
35 31 44
35 31 44
35 32 44
35 32 44
35 32 44
35 32 45
36 32 45
36 32 45
36 32 45
36 32 45
36 32 45
36 32 45
36 33 45
36 33 46
36 33 46
37 33 46
37 33 46
37 33 46
37 33 46
37 33 46
37 33 47
37 33 47
37 34 47
37 34 47
38 34 47
38 34 47
38 34 47
38 34 48
38 34 48
38 34 48
38 34 48
38 34 48
38 35 48
39 35 48
39 35 48
39 35 49
39 35 49
39 35 49
39 35 49
39 35 49
39 35 49
39 35 49
40 36 50
40 36 50
40 36 50
40 36 50
40 36 50
40 36 50
40 36 50
40 36 51
40 36 51
40 36 51
41 36 51
41 37 51
41 37 51
41 37 51
41 37 52
41 37 52
41 37 52
41 37 52
41 37 52
42 37 52
42 37 52
42 38 52
42 38 53
42 38 53
42 38 53
42 38 53
42 38 53
42 38 53
43 38 53
43 38 54
43 38 54
43 39 54
43 39 54
43 39 54
43 39 54
43 39 54
43 39 55
44 39 55
44 39 55
44 39 55
44 39 55
44 40 55
44 40 55
44 40 55
44 40 56
44 40 56
45 40 56
45 40 56
45 40 56
45 40 56
45 40 56
45 41 57
45 41 57
45 41 57
45 41 57
45 41 57
46 41 57
46 41 57
46 41 58
46 41 58
46 41 58
46 41 58
46 42 58
46 42 58
46 42 58
47 42 58
47 42 59
47 42 59
47 42 59
47 42 59
47 42 59
47 42 59
47 43 59
47 43 60
48 43 60
48 43 60
48 43 60
48 43 60
48 43 60
48 43 60
48 43 61
48 43 61
48 44 61
49 44 61
49 44 61
49 44 61
49 44 61
49 44 61
49 44 62
49 44 62
49 44 62
49 44 62
50 45 62
50 45 62
50 45 62
50 45 63
50 45 63
50 45 63
50 45 63
50 45 63
50 45 63
51 45 63
51 46 64
51 46 64
51 46 64
51 46 64
51 46 64
51 46 64
51 46 64
51 46 64
51 46 65
52 46 65
52 46 65
52 47 65
52 47 65
52 47 65
52 47 65
52 47 66
52 47 66
52 47 66
53 47 66
53 47 66
53 47 66
53 48 66
53 48 67
53 48 67
53 48 67
53 48 67
53 48 67
54 48 67
54 48 67
54 48 67
54 48 68
54 49 68
54 49 68
54 49 68
54 49 68
54 49 68
55 49 68
55 49 69
55 49 69
55 49 69
55 49 69
55 50 69
55 50 69
55 50 69
55 50 70
56 50 70
56 50 70
56 50 70
56 50 70
56 50 70
56 50 70
56 51 70
56 51 71
56 51 71
57 51 71
57 51 71
57 51 71
57 51 71
57 51 71
57 51 72
57 51 72
57 51 72
57 52 72
57 52 72
58 52 72
58 52 72
58 52 73
58 52 73
58 52 73
58 52 73
58 52 73
58 52 73
58 53 73
59 53 73
59 53 74
59 53 74
59 53 74
59 53 74
59 53 74
59 53 74
59 53 74
59 53 75
60 54 75
60 54 75
60 54 75
60 54 75
60 54 75
60 54 75
60 54 76
60 54 76
60 54 76
61 54 76
61 55 76
61 55 76
61 55 76
61 55 76
61 55 77
61 55 77
61 55 77
61 55 77
62 55 77
62 55 77
62 56 77
62 56 78
62 56 78
62 56 78
62 56 78
62 56 78
62 56 78
63 56 78
63 56 79
63 56 79
63 56 79
63 57 79
63 57 79
63 57 79
63 57 79
63 57 79
63 57 80
64 57 80
64 57 80
64 57 80
64 57 80
64 58 80
64 58 80
64 58 81
64 58 81
64 58 81
65 58 81
65 58 81
65 58 81
65 58 81
65 58 82
65 59 82
65 59 82
65 59 82
65 59 82
66 59 82
66 59 82
66 59 82
66 59 83
66 59 83
66 59 83
66 60 83
66 60 83
66 60 83
67 60 83
67 60 84
67 60 84
67 60 84
67 60 84
67 60 84
67 60 84
67 61 84
67 61 85
68 61 85
68 61 85
68 61 85
68 61 85
68 61 85
68 61 85
68 61 85
68 61 86
68 61 86
68 62 86
69 62 86
69 62 86
69 62 86
69 62 86
69 62 87
69 62 87
69 62 87
69 62 87
69 62 87
70 63 87
70 63 87
70 63 88
70 63 88
70 63 88
70 63 88
70 63 88
70 63 88
70 63 88
71 63 88
71 64 89
71 64 89
71 64 89
71 64 89
71 64 89
71 64 89
71 64 89
71 64 90
72 64 90
72 64 90
72 65 90
72 65 90
72 65 90
72 65 90
72 65 91
72 65 91
72 65 91
73 65 91
73 65 91
73 65 91
73 66 91
73 66 91
73 66 92
73 66 92
73 66 92
73 66 92
74 66 92
74 66 92
74 66 92
74 66 93
74 67 93
74 67 93
74 67 93
74 67 93
74 67 93
74 67 93
75 67 94
75 67 94
75 67 94
75 67 94
75 67 94
75 68 94
75 68 94
75 68 94
75 68 95
76 68 95
76 68 95
76 68 95
76 68 95
76 68 95
76 68 95
76 69 96
76 69 96
76 69 96
77 69 96
77 69 96
77 69 96
77 69 96
77 69 97
77 69 97
77 69 97
77 70 97
77 70 97
78 70 97
78 70 97
78 70 97
78 70 98
78 70 98
78 70 98
78 70 98
78 70 98
78 71 98
79 71 98
79 71 99
79 71 99
79 71 99
79 71 99
79 71 99
79 71 99
79 71 99
79 71 100
80 72 100
80 72 100
80 72 100
80 72 100
80 72 100
80 72 100
80 72 101
80 72 101
80 72 101
80 72 101
81 72 101
81 73 101
81 73 101
81 73 101
81 73 102
81 73 102
81 73 102
81 73 102
81 73 102
82 74 102
82 74 102
82 74 102
82 74 102
82 74 102
82 74 103
82 74 103
82 75 103
82 75 103
83 75 103
83 75 103
83 75 103
83 75 103
83 75 103
83 75 103
83 76 104
83 76 104
83 76 104
84 76 104
84 76 104
84 76 104
84 76 104
84 77 104
84 77 104
84 77 104
84 77 105
84 77 105
85 77 105
85 77 105
85 77 105
85 78 105
85 78 105
85 78 105
85 78 105
85 78 105
85 78 105
86 78 106
86 79 106
86 79 106
86 79 106
86 79 106
86 79 106
86 79 106
86 79 106
86 80 106
86 80 106
87 80 107
87 80 107
87 80 107
87 80 107
87 80 107
87 80 107
87 81 107
87 81 107
87 81 107
88 81 107
88 81 108
88 81 108
88 81 108
88 82 108
88 82 108
88 82 108
88 82 108
88 82 108
89 82 108
89 82 108
89 82 109
89 83 109
89 83 109
89 83 109
89 83 109
89 83 109
89 83 109
90 83 109
90 84 109
90 84 109
90 84 110
90 84 110
90 84 110
90 84 110
90 84 110
90 85 110
91 85 110
91 85 110
91 85 110
91 85 110
91 85 110
91 85 111
91 85 111
91 86 111
91 86 111
91 86 111
92 86 111
92 86 111
92 86 111
92 86 111
92 87 111
92 87 112
92 87 112
92 87 112
92 87 112
93 87 112
93 87 112
93 87 112
93 88 112
93 88 112
93 88 112
93 88 113
93 88 113
93 88 113
94 88 113
94 89 113
94 89 113
94 89 113
94 89 113
94 89 113
94 89 113
94 89 114
94 89 114
95 90 114
95 90 114
95 90 114
95 90 114
95 90 114
95 90 114
95 90 114
95 91 114
95 91 115
96 91 115
96 91 115
96 91 115
96 91 115
96 91 115
96 92 115
96 92 115
96 92 115
96 92 115
97 92 115
97 92 116
97 92 116
97 92 116
97 93 116
97 93 116
97 93 116
97 93 116
97 93 116
97 93 116
98 93 116
98 94 117
98 94 117
98 94 117
98 94 117
98 94 117
98 94 117
98 94 117
98 94 117
99 95 117
99 95 117
99 95 118
99 95 118
99 95 118
99 95 118
99 95 118
99 96 118
99 96 118
100 96 118
100 96 118
100 96 118
100 96 119
100 96 119
100 97 119
100 97 119
100 97 119
100 97 119
101 97 119
101 97 119
101 97 119
101 97 119
101 98 120
101 98 120
101 98 120
101 98 120
101 98 120
102 98 120
102 98 120
102 99 120
102 99 120
102 99 120
102 99 121
102 99 121
102 99 121
102 99 121
103 99 121
103 100 121
103 100 121
103 100 121
103 100 121
103 100 121
103 100 121
103 100 122
103 101 122
103 101 122
104 101 122
104 101 122
104 101 122
104 101 122
104 101 122
104 102 122
104 102 122
104 102 123
104 102 123
105 102 123
105 102 123
105 102 123
105 102 123
105 103 123
105 103 123
105 103 123
105 103 123
105 103 124
106 103 124
106 103 124
106 104 124
106 104 124
106 104 124
106 104 124
106 104 124
106 104 124
106 104 124
107 104 125
107 105 125
107 105 125
107 105 125
107 105 125
107 105 125
107 105 125
107 105 125
107 106 125
108 106 125
108 106 126
108 106 126
108 106 126
108 106 126
108 106 126
108 106 126
108 107 126
108 107 126
109 107 126
109 107 126
109 107 126
109 107 127
109 107 127
109 108 127
109 108 127
109 108 127
109 108 127
109 108 127
110 108 127
110 108 127
110 109 127
110 109 128
110 109 128
110 109 128
110 109 128
110 109 128
110 109 128
111 109 128
111 110 128
111 110 128
111 110 128
111 110 129
111 110 129
111 110 129
111 110 129
111 111 129
112 111 129
112 111 129
112 111 129
112 111 129
112 111 129
112 111 130
112 111 130
112 112 130
112 112 130
113 112 130
113 112 130
113 112 130
113 112 130
113 112 130
113 113 130
113 113 131
113 113 131
113 113 131
114 113 131
114 113 131
114 113 131
114 114 131
114 114 131
114 114 131
114 114 131
114 114 131
114 114 132
114 114 132
115 114 132
115 115 132
115 115 132
115 115 132
115 115 132
115 115 132
115 115 132
115 115 132
115 116 133
116 116 133
116 116 133
116 116 133
116 116 133
116 116 133
116 116 133
116 116 133
116 117 133
116 117 133
117 117 134
117 117 134
117 117 134
117 117 134
117 117 134
117 118 134
117 118 134
117 118 134
117 118 134
118 118 134
118 118 135
118 118 135
118 118 135
118 119 135
118 119 135
118 119 135
118 119 135
118 119 135
119 119 135
119 119 135
119 120 136
119 120 136
119 120 136
119 120 136
119 120 136
119 120 136
119 120 136
120 121 136
120 121 136
120 121 136
120 121 136
120 121 137
120 121 137
120 121 137
120 121 137
120 122 137
120 122 137
121 122 137
121 122 137
121 122 137
121 122 137
121 122 138
121 123 138
121 123 138
121 123 138
121 123 138
122 123 138
122 123 138
122 123 138
122 123 138
122 124 138
122 124 139
122 124 139
122 124 139
122 124 139
123 124 139
123 124 139
123 125 139
123 125 139
123 125 139
123 125 139
123 125 140
123 125 140
123 125 140
124 126 140
124 126 140
124 126 140
124 126 140
124 126 140
124 126 140
124 126 140
124 126 141
124 127 141
125 127 141
125 127 141
125 127 141
125 127 141
125 127 141
125 127 141
125 128 141
125 128 141
125 128 141
126 128 142
126 128 142
126 128 142
126 128 142
126 128 142
126 129 142
126 129 142
126 129 142
126 129 142
126 129 142
127 129 143
127 129 143
127 130 143
127 130 143
127 130 143
127 130 143
127 130 143
127 130 143
127 130 143
128 131 143
128 131 144
128 131 144
128 131 144
128 131 144
128 131 144
128 131 144
128 131 144
128 132 144
129 132 144
129 132 144
129 132 145
129 132 145
129 132 145
129 132 145
129 133 145
129 133 145
129 133 145
130 133 145
130 133 145
130 133 145
130 133 146
130 133 146
130 134 146
130 134 146
130 134 146
130 134 146
131 134 146
131 134 146
131 134 146
131 135 146
131 135 146
131 135 147
131 135 147
131 135 147
131 135 147
132 135 147
132 135 147
132 136 147
132 136 147
132 136 147
132 136 147
132 136 148
132 136 148
132 136 148
132 137 148
133 137 148
133 137 148
133 137 148
133 137 148
133 137 148
133 137 148
133 138 149
133 138 149
133 138 149
134 138 149
134 138 149
134 138 149
134 138 149
134 138 149
134 139 149
134 139 149
134 139 150
134 139 150
135 139 150
135 139 150
135 139 150
135 140 150
135 140 150
135 140 150
135 140 150
135 140 150
135 140 151
136 140 151
136 140 151
136 141 151
136 141 151
136 141 151
136 141 151
136 141 151
136 141 151
136 141 151
137 142 152
137 142 152
137 142 152
137 142 152
137 142 152
137 142 152
137 142 152
137 143 152
137 143 152
137 143 152
138 143 152
138 143 153
138 143 153
138 143 153
138 143 153
138 144 153
138 144 153
138 144 153
138 144 153
139 144 153
139 144 153
139 144 154
139 145 154
139 145 154
139 145 154
139 145 154
139 145 154
139 145 154
140 145 154
140 145 154
140 146 154
140 146 155
140 146 155
140 146 155
140 146 155
140 146 155
140 146 155
141 147 155
141 147 155
141 147 155
141 147 155
141 147 156
141 147 156
141 147 156
141 147 156
141 148 156
142 148 156
142 148 156
142 148 156
142 148 156
142 148 156
142 148 157
142 149 157
142 149 157
142 149 157
143 149 157
143 149 157
143 149 157
143 149 157
143 150 157
143 150 157
143 150 157
143 150 158
143 150 158
143 150 158
144 150 158
144 150 158
144 151 158
144 151 158
144 151 158
144 151 158
144 151 158
144 151 159
144 151 159
145 152 159
145 152 159
145 152 159
145 152 159
145 152 159
145 152 159
145 152 159
145 152 159
145 153 160
146 153 160
146 153 160
146 153 160
146 153 160
146 153 160
146 153 160
146 154 160
146 154 160
146 154 160
147 154 161
147 154 161
147 154 161
147 154 161
147 155 161
147 155 161
147 155 161
147 155 161
147 155 161
148 155 161
148 155 162
148 155 162
148 156 162
148 156 162
148 156 162
148 156 162
148 156 162
148 156 162
149 156 162
149 157 162
149 157 162
149 157 163
149 157 163
149 157 163
149 157 163
149 157 163
149 157 163
149 158 163
150 158 163
150 158 163
150 158 163
150 158 164
150 158 164
150 158 164
150 159 164
150 159 164
150 159 164
151 159 164
151 159 164
151 159 164
151 159 164
151 160 165
151 160 165
151 160 165
151 160 165
151 160 165
152 160 165
152 160 165
152 160 165
152 161 165
152 161 165
152 161 166
152 161 166
152 161 166
152 161 166
153 161 166
153 162 166
153 162 166
153 162 166
153 162 166
153 162 166
153 162 167
153 162 167
153 162 167
154 163 167
154 163 167
154 163 167
154 163 167
154 163 167
154 163 167
154 163 167
154 164 167
154 164 168
154 164 168
155 164 168
155 164 168
155 164 168
155 164 168
155 164 168
155 165 168
155 165 168
155 165 168
155 165 169
156 165 169
156 165 169
156 165 169
156 166 169
156 166 169
156 166 169
156 166 169
156 166 169
156 166 169
157 166 170
157 167 170
157 167 170
157 167 170
157 167 170
157 167 170
157 167 170
157 167 170
157 167 170
158 168 170
158 168 171
158 168 171
158 168 171
158 168 171
158 168 171
158 168 171
158 169 171
158 169 171
159 169 171
159 169 171
159 169 172
159 169 172
159 169 172
159 169 172
159 170 172
159 170 172
159 170 172
160 170 172
160 170 172
160 170 172
160 170 172
160 171 173
160 171 173
160 171 173
160 171 173
160 171 173
160 171 173
161 171 173
161 172 173
161 172 173
161 172 173
161 172 174
161 172 174
161 172 174
161 172 174
161 172 174
162 173 174
162 173 174
162 173 174
162 173 174
162 173 174
162 173 175
162 173 175
162 174 175
162 174 175
163 174 175
163 174 175
163 174 175
163 174 175
163 174 175
163 174 175
163 175 176
163 175 176
163 175 176
164 175 176
164 175 176
164 175 176
164 175 176
164 176 176
164 176 176
164 176 176
164 176 177
164 176 177
165 176 177
165 176 177
165 176 177
165 177 177
165 177 177
165 177 177
165 177 177
165 177 177
165 177 177
166 177 178
166 178 178
166 178 178
166 178 178
166 178 178
166 178 178
166 178 178
166 178 178
167 178 178
167 178 178
167 179 179
167 179 179
167 179 179
167 179 179
168 179 179
168 179 179
168 179 179
168 179 179
168 179 179
168 179 179
169 180 180
169 180 180
169 180 180
169 180 180
169 180 180
170 180 180
170 180 180
170 180 180
170 180 180
170 180 180
170 181 181
171 181 181
171 181 181
171 181 181
171 181 181
171 181 181
171 181 181
172 181 181
172 181 181
172 181 181
172 182 182
172 182 182
172 182 182
173 182 182
173 182 182
173 182 182
173 182 182
173 182 182
173 182 182
174 182 182
174 183 183
174 183 183
174 183 183
174 183 183
174 183 183
175 183 183
175 183 183
175 183 183
175 183 183
175 183 183
175 183 183
176 184 184
176 184 184
176 184 184
176 184 184
176 184 184
176 184 184
177 184 184
177 184 184
177 184 184
177 184 184
177 185 185
178 185 185
178 185 185
178 185 185
178 185 185
178 185 185
178 185 185
179 185 185
179 185 185
179 185 185
179 186 186
179 186 186
179 186 186
180 186 186
180 186 186
180 186 186
180 186 186
180 186 186
180 186 186
181 186 186
181 187 187
181 187 187
181 187 187
181 187 187
181 187 187
182 187 187
182 187 187
182 187 187
182 187 187
182 187 187
182 188 188
183 188 188
183 188 188
183 188 188
183 188 188
183 188 188
183 188 188
184 188 188
184 188 188
184 188 188
184 188 188
184 189 189
185 189 189
185 189 189
185 189 189
185 189 189
185 189 189
185 189 189
186 189 189
186 189 189
186 189 189
186 190 190
186 190 190
186 190 190
187 190 190
187 190 190
187 190 190
187 190 190
187 190 190
187 190 190
188 190 190
188 191 191
188 191 191
188 191 191
188 191 191
188 191 191
189 191 191
189 191 191
189 191 191
189 191 191
189 191 191
189 192 192
190 192 192
190 192 192
190 192 192
190 192 192
190 192 192
190 192 192
191 192 192
191 192 192
191 192 192
191 193 193
191 193 193
191 193 193
192 193 193
192 193 193
192 193 193
192 193 193
192 193 193
193 193 193
193 193 193
193 193 193
193 194 194
193 194 194
193 194 194
194 194 194
194 194 194
194 194 194
194 194 194
194 194 194
194 194 194
195 194 194
195 195 195
195 195 195
195 195 195
195 195 195
195 195 195
196 195 195
196 195 195
196 195 195
196 195 195
196 195 195
196 196 196
197 196 196
197 196 196
197 196 196
197 196 196
197 196 196
197 196 196
198 196 196
198 196 196
198 196 196
198 197 197
198 197 197
198 197 197
199 197 197
199 197 197
199 197 197
199 197 197
199 197 197
199 197 197
200 197 197
200 198 198
200 198 198
200 198 198
200 198 198
201 198 198
201 198 198
201 198 198
201 198 198
201 198 198
201 198 198
202 198 198
202 199 199
202 199 199
202 199 199
202 199 199
202 199 199
203 199 199
203 199 199
203 199 199
203 199 199
203 199 199
203 200 200
204 200 200
204 200 200
204 200 200
204 200 200
204 200 200
204 200 200
205 200 200
205 200 200
205 200 200
205 201 201
205 201 201
205 201 201
206 201 201
206 201 201
206 201 201
206 201 201
206 201 201
206 201 201
207 201 201
207 202 202
207 202 202
207 202 202
207 202 202
207 202 202
208 202 202
208 202 202
208 202 202
208 202 202
208 202 202
209 203 203
209 203 203
209 203 203
209 203 203
209 203 203
209 203 203
210 203 203
210 203 203
210 203 203
210 203 203
210 203 203
210 204 204
211 204 204
211 204 204
211 204 204
211 204 204
211 204 204
211 204 204
212 204 204
212 204 204
212 204 204
212 205 205
212 205 205
212 205 205
213 205 205
213 205 205
213 205 205
213 205 205
213 205 205
213 205 205
214 205 205
214 206 206
214 206 206
214 206 206
214 206 206
214 206 206
215 206 206
215 206 206
215 206 206
215 206 206
215 206 206
215 207 207
216 207 207
216 207 207
216 207 207
216 207 207
216 207 207
217 207 207
217 207 207
217 207 207
217 207 207
217 208 208
217 208 208
218 208 208
218 208 208
218 208 208
218 208 208
218 208 208
218 208 208
219 208 208
219 208 208
219 208 208
219 209 209
219 209 209
219 209 209
220 209 209
220 209 209
220 209 209
220 209 209
220 209 209
220 209 209
221 209 209
221 210 210
221 210 210
221 210 210
221 210 210
221 210 210
222 210 210
222 210 210
222 210 210
222 210 210
222 210 210
222 211 211
223 211 211
223 211 211
223 211 211
223 211 211
223 211 211
224 211 211
224 211 211
224 211 211
224 211 211
224 212 212
224 212 212
225 212 212
225 212 212
225 212 212
225 212 212
225 212 212
225 212 212
226 212 212
226 212 212
226 213 213
226 213 213
226 213 213
226 213 213
227 213 213
227 213 213
227 213 213
227 213 213
227 213 213
227 213 213
228 214 214
228 214 214
228 214 214
228 214 214
228 214 214
228 214 214
229 214 214
229 214 214
229 214 214
229 214 214
229 214 214
229 215 215
230 215 215
230 215 215
230 215 215
230 215 215
230 215 215
230 215 215
231 215 215
231 215 215
231 215 215
231 216 216
231 216 216
232 216 216
232 216 216
232 216 216
232 216 216
232 216 216
232 216 216
233 216 216
233 216 216
233 217 217
233 217 217
233 217 217
233 217 217
234 217 217
234 217 217
234 217 217
234 217 217
234 217 217
234 217 217
235 218 218
235 218 218
235 218 218
235 218 218
235 218 218
235 218 218
236 218 218
236 218 218
236 218 218
236 218 218
236 219 219
236 219 219
237 219 219
237 219 219
237 219 219
237 219 219
237 219 219
237 219 219
238 219 219
238 219 219
238 219 219
238 220 220
238 220 220
238 220 220
239 220 220
239 220 220
239 220 220
239 220 220
239 220 220
240 220 220
240 220 220
240 221 221
240 221 221
240 221 221
240 221 221
241 221 221
241 221 221
241 221 221
241 221 221
241 221 221
241 221 221
242 222 222
242 222 222
242 222 222
242 222 222
242 222 222
242 222 222
243 222 222
243 222 222
243 222 222
243 222 222
243 223 223
243 223 223
244 223 223
244 223 223
244 223 223
244 223 223
244 223 223
244 223 223
245 223 223
245 223 223
245 224 224
245 224 224
245 224 224
245 224 224
246 224 224
246 224 224
246 224 224
246 224 224
246 224 224
246 224 224
247 224 224
247 225 225
247 225 225
247 225 225
247 225 225
248 225 225
248 225 225
248 225 225
248 225 225
248 225 225
248 225 225
249 226 226
249 226 226
249 226 226
249 226 226
249 226 226
249 226 226
250 226 226
250 226 226
250 226 226
250 226 226
250 227 227
250 227 227
251 227 227
251 227 227
251 227 227
251 227 227
251 227 227
251 227 227
252 227 227
252 227 227
252 228 228
252 228 228
252 228 228
252 228 228
253 228 228
253 228 228
253 228 228
253 228 228
253 228 228
253 228 228
254 229 229
254 229 229
254 229 229
254 229 229
254 229 229
255 229 229
