84 43 4
84 43 4
84 43 4
84 43 4
85 43 4
85 43 4
85 44 4
85 44 4
86 44 4
86 44 4
86 44 4
87 44 4
87 44 4
87 45 4
87 45 4
88 45 4
88 45 4
88 45 4
88 45 4
89 45 4
89 46 4
89 46 4
90 46 4
90 46 5
90 46 5
90 46 5
91 46 5
91 47 5
91 47 5
91 47 5
92 47 5
92 47 5
92 47 5
93 47 5
93 48 5
93 48 5
93 48 5
94 48 5
94 48 5
94 48 5
94 49 5
95 49 5
95 49 5
95 49 5
96 49 5
96 49 5
96 49 5
96 50 5
97 50 5
97 50 5
97 50 5
97 50 5
98 50 5
98 50 5
98 51 5
99 51 5
99 51 5
99 51 5
99 51 5
100 51 5
100 51 5
100 52 5
100 52 5
101 52 5
101 52 5
101 52 5
102 52 5
102 52 5
102 53 5
102 53 6
103 53 6
103 53 6
103 53 6
103 53 6
104 53 6
104 54 6
104 54 6
105 54 6
105 54 6
105 54 6
105 54 6
106 54 6
106 55 6
106 55 6
106 55 6
107 55 6
107 55 6
107 55 6
108 55 6
108 56 6
108 56 6
108 56 6
109 56 6
109 56 6
109 56 6
109 56 6
110 57 6
110 57 6
110 57 6
111 57 6
111 57 6
111 57 6
111 57 6
112 58 6
112 58 6
112 58 6
112 58 6
113 58 6
113 58 6
113 59 6
114 59 6
114 59 6
114 59 6
114 59 6
115 59 7
115 59 7
115 60 7
116 60 7
116 60 7
116 60 7
116 60 7
117 60 7
117 60 7
117 61 7
117 61 7
118 61 7
118 61 7
118 61 7
119 61 7
119 61 7
119 62 7
119 62 7
120 62 7
120 62 7
120 62 7
120 62 7
121 62 7
121 63 7
121 63 7
122 63 7
122 63 7
122 63 7
122 63 7
123 63 7
123 64 7
123 64 7
123 64 7
124 64 7
124 64 7
124 64 7
125 64 7
125 65 7
125 65 7
125 65 7
126 65 7
126 65 7
126 65 7
126 65 7
127 66 7
127 66 7
127 66 8
128 66 8
128 66 8
128 66 8
128 66 8
129 67 8
129 67 8
129 67 8
129 67 8
130 67 8
130 67 8
130 68 8
131 68 8
131 68 8
131 68 8
131 68 8
132 68 8
132 68 8
132 69 8
132 69 8
133 69 8
133 69 8
133 69 8
134 69 8
134 69 8
134 70 8
134 70 8
135 70 8
135 70 8
135 70 8
135 70 8
136 70 8
136 71 8
136 71 8
137 71 8
137 71 8
137 71 8
137 71 8
138 71 8
138 72 8
138 72 8
138 72 8
139 72 8
139 72 8
139 72 8
140 72 9
140 73 9
140 73 9
140 73 9
141 73 9
141 74 9
141 74 9
141 74 10
142 74 10
142 74 10
142 75 10
142 75 10
143 75 10
143 75 11
143 75 11
143 76 11
144 76 11
144 76 11
144 76 11
144 76 11
145 77 12
145 77 12
145 77 12
145 77 12
146 78 12
146 78 12
146 78 13
146 78 13
147 78 13
147 79 13
147 79 13
147 79 13
148 79 13
148 79 14
148 80 14
148 80 14
149 80 14
149 80 14
149 80 14
149 81 15
150 81 15
150 81 15
150 81 15
150 82 15
151 82 15
151 82 15
151 82 16
151 82 16
152 83 16
152 83 16
152 83 16
152 83 16
153 83 17
153 84 17
153 84 17
153 84 17
154 84 17
154 84 17
154 85 17
154 85 18
155 85 18
155 85 18
155 86 18
155 86 18
156 86 18
156 86 19
156 86 19
156 87 19
157 87 19
157 87 19
157 87 19
157 87 19
158 88 20
158 88 20
158 88 20
158 88 20
159 89 20
159 89 20
159 89 21
159 89 21
160 89 21
160 90 21
160 90 21
160 90 21
161 90 21
161 90 22
161 91 22
161 91 22
161 91 22
162 91 22
162 91 22
162 92 23
162 92 23
163 92 23
163 92 23
163 93 23
163 93 23
164 93 23
164 93 24
164 93 24
164 94 24
165 94 24
165 94 24
165 94 24
165 94 25
166 95 25
166 95 25
166 95 25
166 95 25
167 95 25
167 96 25
167 96 26
167 96 26
168 96 26
168 97 26
168 97 26
168 97 26
169 97 27
169 97 27
169 98 27
169 98 27
170 98 27
170 98 27
170 98 27
170 99 28
171 99 28
171 99 28
171 99 28
171 99 28
172 100 28
172 100 29
172 100 29
172 100 29
173 101 29
173 101 29
173 101 29
173 101 29
174 101 30
174 102 30
174 102 30
174 102 30
175 102 30
175 102 30
175 103 31
175 103 31
176 103 31
176 103 31
176 103 31
176 104 31
177 104 31
177 104 32
177 104 32
177 105 32
178 105 32
178 105 32
178 105 32
178 105 33
179 106 33
179 106 33
179 106 33
179 106 33
180 106 33
180 107 33
180 107 34
180 107 34
181 107 34
181 107 34
181 108 34
181 108 34
182 108 35
182 108 35
182 109 35
182 109 35
183 109 35
183 109 35
183 109 35
183 110 36
184 110 36
184 110 36
184 110 36
184 110 36
185 111 36
185 111 37
185 111 37
185 111 37
186 112 37
186 112 37
186 112 37
186 112 37
187 112 38
187 113 38
187 113 38
187 113 38
188 113 38
188 113 38
188 114 39
188 114 39
189 114 39
189 114 39
189 114 39
189 115 39
190 115 39
190 115 40
190 115 40
190 116 40
191 116 40
191 116 41
191 116 41
191 117 41
191 117 42
191 117 42
192 117 42
192 118 43
192 118 43
192 118 43
192 119 44
192 119 44
192 119 44
193 119 45
193 120 45
193 120 45
193 120 46
193 121 46
193 121 47
194 121 47
194 121 47
194 122 48
194 122 48
194 122 48
194 123 49
195 123 49
195 123 49
195 123 50
195 124 50
195 124 50
195 124 51
195 125 51
196 125 51
196 125 52
196 125 52
196 126 53
196 126 53
196 126 53
197 127 54
197 127 54
197 127 54
197 127 55
197 128 55
197 128 55
197 128 56
198 129 56
198 129 56
198 129 57
198 129 57
198 130 57
198 130 58
199 130 58
199 131 59
199 131 59
199 131 59
199 131 60
199 132 60
200 132 60
200 132 61
200 133 61
200 133 61
200 133 62
200 133 62
200 134 62
201 134 63
201 134 63
201 135 63
201 135 64
201 135 64
201 135 64
202 136 65
202 136 65
202 136 66
202 137 66
202 137 66
202 137 67
202 137 67
203 138 67
203 138 68
203 138 68
203 139 68
203 139 69
203 139 69
204 139 69
204 140 70
204 140 70
204 140 70
204 141 71
204 141 71
205 141 72
205 141 72
205 142 72
205 142 73
205 142 73
205 143 73
205 143 74
206 143 74
206 143 74
206 144 75
206 144 75
206 144 75
206 145 76
207 145 76
207 145 76
207 145 77
207 146 77
207 146 77
207 146 78
207 147 78
208 147 79
208 147 79
208 147 79
208 148 80
208 148 80
208 148 80
209 149 81
209 149 81
209 149 81
209 149 82
209 150 82
209 150 82
210 150 83
210 151 83
210 151 83
210 151 84
210 151 84
210 152 85
210 152 85
211 152 85
211 153 86
211 153 86
211 153 86
211 153 87
211 154 87
212 154 87
212 154 88
212 155 88
212 155 88
212 155 89
212 155 89
212 156 89
213 156 90
213 156 90
213 157 91
213 157 91
213 157 91
213 157 92
214 158 92
214 158 92
214 158 93
214 159 93
214 159 93
214 159 94
215 159 94
215 160 94
215 160 95
215 160 95
215 161 95
215 161 96
215 161 96
216 161 96
216 162 97
216 162 97
216 162 98
216 163 98
216 163 98
217 163 99
217 163 99
217 164 99
217 164 100
217 164 100
217 165 100
217 165 101
218 165 101
218 165 101
218 166 102
218 166 102
218 166 102
218 167 103
219 167 103
219 167 104
219 167 104
219 168 104
219 168 105
219 168 105
220 169 105
220 169 106
220 169 106
220 169 106
220 170 107
220 170 107
220 170 107
221 171 108
221 171 108
221 171 108
221 171 109
221 172 109
221 172 110
222 172 110
222 173 110
222 173 111
222 173 111
222 173 111
222 174 112
222 174 112
223 174 112
223 174 113
223 175 113
223 175 113
223 175 114
223 175 114
223 175 114
223 175 114
224 176 115
224 176 115
224 176 115
224 176 116
224 176 116
224 176 116
224 177 117
224 177 117
224 177 117
225 177 118
225 177 118
225 177 118
225 178 118
225 178 119
225 178 119
225 178 119
225 178 120
225 178 120
226 179 120
226 179 121
226 179 121
226 179 121
226 179 122
226 179 122
226 180 122
226 180 122
226 180 123
227 180 123
227 180 123
227 180 124
227 181 124
227 181 124
227 181 125
227 181 125
227 181 125
227 181 126
228 182 126
228 182 126
228 182 126
228 182 127
228 182 127
228 182 127
228 183 128
228 183 128
228 183 128
229 183 129
229 183 129
229 183 129
229 184 130
229 184 130
229 184 130
229 184 130
229 184 131
229 184 131
230 185 131
230 185 132
230 185 132
230 185 132
230 185 133
230 185 133
230 186 133
230 186 134
230 186 134
231 186 134
231 186 134
231 186 135
231 187 135
231 187 135
231 187 136
231 187 136
231 187 136
231 187 137
232 188 137
232 188 137
232 188 138
232 188 138
232 188 138
232 188 138
232 189 139
232 189 139
232 189 139
233 189 140
233 189 140
233 189 140
233 190 141
233 190 141
233 190 141
233 190 142
233 190 142
234 190 142
234 191 142
234 191 143
234 191 143
234 191 143
234 191 144
234 191 144
234 192 144
234 192 145
235 192 145
235 192 145
235 192 146
235 192 146
235 193 146
235 193 146
235 193 147
235 193 147
235 193 147
236 193 148
236 194 148
236 194 148
236 194 149
236 194 149
236 194 149
236 194 150
236 195 150
236 195 150
237 195 150
237 195 151
237 195 151
237 195 151
237 196 152
237 196 152
237 196 152
237 196 153
237 196 153
238 196 153
238 197 154
238 197 154
238 197 154
238 197 154
238 197 155
238 197 155
238 198 155
238 198 156
239 198 156
239 198 156
239 198 157
239 198 157
239 199 157
239 199 158
239 199 158
239 199 158
239 199 158
240 199 159
240 200 159
240 200 159
240 200 160
240 200 160
240 200 160
240 200 161
240 201 161
240 201 161
241 201 162
241 201 162
241 201 162
241 201 162
241 202 163
241 202 163
241 202 163
241 202 164
241 202 164
242 202 164
242 203 165
242 203 165
242 203 165
242 203 166
242 203 166
242 203 166
242 204 166
242 204 167
243 204 167
243 204 167
243 204 168
243 204 168
243 205 168
243 205 169
243 205 169
243 205 169
243 205 170
244 205 170
244 206 170
244 206 170
244 206 171
244 206 171
244 206 171
244 206 172
244 207 172
245 207 172
245 207 173
245 207 173
245 207 173
245 207 174
245 208 174
245 208 174
245 208 174
245 208 175
245 208 175
245 208 175
245 208 175
245 208 176
245 209 176
245 209 176
245 209 176
245 209 177
245 209 177
245 209 177
245 209 177
245 209 177
245 209 178
245 209 178
245 209 178
245 209 178
245 209 179
245 209 179
245 209 179
245 209 179
245 209 179
245 210 180
245 210 180
245 210 180
245 210 180
245 210 181
245 210 181
245 210 181
245 210 181
245 210 181
245 210 182
245 210 182
245 210 182
245 210 182
245 210 183
245 210 183
245 210 183
245 210 183
245 210 183
245 211 184
245 211 184
245 211 184
245 211 184
245 211 184
245 211 185
245 211 185
245 211 185
245 211 185
245 211 186
245 211 186
245 211 186
245 211 186
245 211 186
245 211 187
245 211 187
245 211 187
245 212 187
245 212 188
245 212 188
245 212 188
245 212 188
245 212 188
245 212 189
245 212 189
245 212 189
245 212 189
245 212 190
245 212 190
245 212 190
245 212 190
245 212 190
245 212 191
245 212 191
245 212 191
245 213 191
245 213 192
245 213 192
245 213 192
245 213 192
245 213 192
245 213 193
245 213 193
245 213 193
245 213 193
245 213 194
245 213 194
245 213 194
245 213 194
245 213 194
245 213 195
245 213 195
245 214 195
245 214 195
245 214 195
245 214 196
245 214 196
245 214 196
245 214 196
245 214 197
245 214 197
245 214 197
245 214 197
245 214 197
245 214 198
245 214 198
245 214 198
245 214 198
245 214 199
245 214 199
245 215 199
245 215 199
245 215 199
245 215 200
245 215 200
245 215 200
245 215 200
245 215 201
245 215 201
245 215 201
245 215 201
245 215 201
245 215 202
245 215 202
245 215 202
245 215 202
245 215 203
245 216 203
245 216 203
245 216 203
245 216 203
245 216 204
245 216 204
245 216 204
245 216 204
245 216 205
245 216 205
245 216 205
245 216 205
245 216 205
245 216 206
245 216 206
245 216 206
245 216 206
245 216 206
245 217 207
245 217 207
245 217 207
245 217 207
245 217 208
245 217 208
245 217 208
245 217 208
245 217 208
245 217 209
245 217 209
245 217 209
245 217 209
245 217 210
245 217 210
245 217 210
245 217 210
245 218 210
245 218 211
245 218 211
245 218 211
245 218 211
245 218 212
245 218 212
245 218 212
245 218 212
245 218 212
245 218 213
245 218 213
245 218 213
245 218 213
245 218 214
245 218 214
245 218 214
245 218 214
245 219 214
245 219 215
245 219 215
245 219 215
245 219 215
245 219 215
245 219 216
245 219 216
245 219 216
245 219 216
245 219 217
245 219 217
245 219 217
245 219 217
245 219 217
245 219 218
245 219 218
245 220 218
245 220 218
245 220 219
245 220 219
245 220 219
245 220 219
245 220 219
245 220 220
245 220 220
244 220 220
244 220 220
244 220 220
244 220 220
243 220 220
243 220 220
243 220 220
243 220 219
243 220 219
242 220 219
242 219 219
242 219 219
242 219 219
241 219 219
241 219 219
241 219 219
241 219 219
241 219 219
240 219 219
240 219 219
240 219 219
240 219 218
239 219 218
239 219 218
239 219 218
239 219 218
239 219 218
238 219 218
238 219 218
238 219 218
238 219 218
237 218 218
237 218 218
237 218 218
237 218 218
237 218 218
236 218 217
236 218 217
236 218 217
236 218 217
235 218 217
235 218 217
235 218 217
235 218 217
235 218 217
234 218 217
234 218 217
234 218 217
234 218 217
233 218 217
233 218 216
233 218 216
233 217 216
232 217 216
232 217 216
232 217 216
232 217 216
232 217 216
231 217 216
231 217 216
231 217 216
231 217 216
230 217 216
230 217 216
230 217 215
230 217 215
230 217 215
229 217 215
229 217 215
229 217 215
229 217 215
228 217 215
228 216 215
228 216 215
228 216 215
228 216 215
227 216 215
227 216 215
227 216 214
227 216 214
226 216 214
226 216 214
226 216 214
226 216 214
226 216 214
225 216 214
225 216 214
225 216 214
225 216 214
224 216 214
224 216 214
224 216 214
224 216 213
223 215 213
223 215 213
223 215 213
223 215 213
223 215 213
222 215 213
222 215 213
222 215 213
222 215 213
221 215 213
221 215 213
221 215 213
221 215 213
221 215 213
220 215 212
220 215 212
220 215 212
220 215 212
219 215 212
219 215 212
219 215 212
219 214 212
219 214 212
218 214 212
218 214 212
218 214 212
218 214 212
217 214 212
217 214 211
217 214 211
217 214 211
217 214 211
216 214 211
216 214 211
216 214 211
216 214 211
215 214 211
215 214 211
215 214 211
215 214 211
215 214 211
214 213 211
214 213 210
214 213 210
214 213 210
213 213 210
213 213 210
213 213 210
213 213 210
212 213 210
212 213 210
212 213 210
212 213 210
212 213 210
211 213 210
211 213 210
211 213 209
211 213 209
210 213 209
210 213 209
210 213 209
210 213 209
210 212 209
209 212 209
209 212 209
209 212 209
209 212 209
208 212 209
208 212 209
208 212 209
208 212 208
208 212 208
207 212 208
207 212 208
207 212 208
207 212 208
206 212 208
206 212 208
206 212 208
206 212 208
206 212 208
205 212 208
205 212 208
205 211 208
205 211 208
204 211 207
204 211 207
204 211 207
204 211 207
203 211 207
203 211 207
203 211 207
203 211 207
203 211 207
202 211 207
202 211 207
202 211 207
202 211 207
201 211 207
201 211 206
201 211 206
201 211 206
201 211 206
200 210 206
200 210 206
200 210 206
200 210 206
199 210 206
199 210 206
199 210 206
199 210 206
199 210 206
198 210 205
198 210 205
198 210 205
197 210 205
197 209 205
196 209 205
196 209 205
196 209 204
195 209 204
195 209 204
195 209 204
194 209 204
194 208 204
194 208 203
193 208 203
193 208 203
193 208 203
192 208 203
192 208 203
192 208 202
191 207 202
191 207 202
191 207 202
190 207 202
190 207 202
190 207 202
189 207 201
189 207 201
189 206 201
188 206 201
188 206 201
187 206 201
187 206 200
187 206 200
186 206 200
186 206 200
186 205 200
185 205 200
185 205 199
185 205 199
184 205 199
184 205 199
184 205 199
183 205 199
183 204 199
183 204 198
182 204 198
182 204 198
182 204 198
181 204 198
181 204 198
181 203 197
180 203 197
180 203 197
179 203 197
179 203 197
179 203 197
178 203 196
178 203 196
178 202 196
177 202 196
177 202 196
177 202 196
176 202 196
176 202 195
176 202 195
175 202 195
175 201 195
175 201 195
174 201 195
174 201 194
174 201 194
173 201 194
173 201 194
173 201 194
172 200 194
172 200 193
172 200 193
171 200 193
171 200 193
170 200 193
170 200 193
170 200 192
169 199 192
169 199 192
169 199 192
168 199 192
168 199 192
168 199 192
167 199 191
167 199 191
167 198 191
166 198 191
166 198 191
166 198 191
165 198 190
165 198 190
165 198 190
164 198 190
164 197 190
164 197 190
163 197 189
163 197 189
162 197 189
162 197 189
162 197 189
161 196 189
161 196 189
161 196 188
160 196 188
160 196 188
160 196 188
159 196 188
159 196 188
159 195 187
158 195 187
158 195 187
158 195 187
157 195 187
157 195 187
157 195 186
156 195 186
156 194 186
156 194 186
155 194 186
155 194 186
155 194 186
154 194 185
154 194 185
153 194 185
153 193 185
153 193 185
152 193 185
152 193 184
152 193 184
151 193 184
151 193 184
151 193 184
150 192 184
150 192 183
150 192 183
149 192 183
149 192 183
149 192 183
148 192 183
148 192 183
148 191 182
147 191 182
147 191 182
147 191 182
146 191 182
146 191 182
146 191 181
145 190 181
145 190 181
144 190 181
144 190 181
144 190 181
143 190 180
143 190 180
143 190 180
142 189 180
142 189 180
142 189 180
141 189 180
141 189 179
141 189 179
140 189 179
140 189 179
140 188 179
139 188 179
139 188 178
139 188 178
138 188 178
138 188 178
138 188 178
137 188 178
137 187 177
136 187 177
136 187 177
136 187 177
135 187 177
135 187 177
135 187 177
134 187 176
134 186 176
134 186 176
133 186 176
133 186 176
133 186 176
132 186 175
132 186 175
132 186 175
131 185 175
131 185 175
131 185 175
130 185 174
130 185 174
130 185 174
129 185 174
129 184 174
129 184 174
128 184 174
128 184 173
127 184 173
127 184 173
127 184 173
126 183 173
126 183 172
126 183 172
125 183 172
125 182 172
125 182 171
124 182 171
124 182 171
123 181 171
123 181 171
123 181 170
122 181 170
122 180 170
122 180 170
121 180 169
121 180 169
121 179 169
120 179 169
120 179 169
119 179 168
119 179 168
119 178 168
118 178 168
118 178 167
118 178 167
117 177 167
117 177 167
116 177 167
116 177 166
116 176 166
115 176 166
115 176 166
115 176 165
114 175 165
114 175 165
114 175 165
113 175 165
113 174 164
112 174 164
112 174 164
112 174 164
111 174 164
111 173 163
111 173 163
110 173 163
110 173 163
110 172 162
109 172 162
109 172 162
108 172 162
108 171 162
108 171 161
107 171 161
107 171 161
107 170 161
106 170 160
106 170 160
105 170 160
105 169 160
105 169 160
104 169 159
104 169 159
104 169 159
103 168 159
103 168 158
103 168 158
102 168 158
102 167 158
101 167 158
101 167 157
101 167 157
100 166 157
100 166 157
100 166 156
99 166 156
99 165 156
99 165 156
98 165 156
98 165 155
97 165 155
97 164 155
97 164 155
96 164 154
96 164 154
96 163 154
95 163 154
95 163 154
94 163 153
94 162 153
94 162 153
93 162 153
93 162 153
93 161 152
92 161 152
92 161 152
92 161 152
91 160 151
91 160 151
90 160 151
90 160 151
90 160 151
89 159 150
89 159 150
89 159 150
88 159 150
88 158 149
88 158 149
87 158 149
87 158 149
86 157 149
86 157 148
86 157 148
85 157 148
85 156 148
85 156 147
84 156 147
84 156 147
83 155 147
83 155 147
83 155 146
82 155 146
82 155 146
82 154 146
81 154 145
81 154 145
81 154 145
80 153 145
80 153 145
79 153 144
79 153 144
79 152 144
78 152 144
78 152 144
78 152 143
77 151 143
77 151 143
77 151 143
76 151 142
76 150 142
75 150 142
75 150 142
75 150 142
74 150 141
74 149 141
74 149 141
73 149 141
73 149 140
73 148 140
72 148 140
72 148 140
71 148 140
71 147 139
71 147 139
70 147 139
70 147 139
70 146 138
69 146 138
69 146 138
68 146 138
68 146 138
68 145 137
67 145 137
67 145 137
67 145 137
66 144 136
66 144 136
66 144 136
65 144 136
65 143 136
64 143 135
64 143 135
64 143 135
63 142 135
63 142 134
63 142 134
62 142 134
62 141 134
62 141 134
61 141 133
61 141 133
60 141 133
60 140 133
60 140 133
59 140 132
59 140 132
59 139 132
58 139 132
58 139 131
57 139 131
57 138 131
57 138 131
56 138 131
56 138 130
56 137 130
55 137 130
55 137 130
55 137 129
54 136 129
54 136 129
53 136 129
53 136 129
53 136 128
52 135 128
52 135 128
52 135 128
52 135 127
51 134 127
51 134 127
51 134 127
51 134 127
50 134 126
50 133 126
50 133 126
50 133 126
49 133 126
49 133 125
49 132 125
49 132 125
48 132 125
48 132 124
48 131 124
48 131 124
47 131 124
47 131 124
47 131 123
47 130 123
46 130 123
46 130 123
46 130 123
46 129 122
45 129 122
45 129 122
45 129 122
45 129 121
44 128 121
44 128 121
44 128 121
44 128 121
43 128 120
43 127 120
43 127 120
42 127 120
42 127 119
42 126 119
42 126 119
41 126 119
41 126 119
41 126 118
41 125 118
40 125 118
40 125 118
40 125 118
40 125 117
39 124 117
39 124 117
39 124 117
39 124 116
38 123 116
38 123 116
38 123 116
38 123 116
37 123 115
37 122 115
37 122 115
37 122 115
36 122 115
36 122 114
36 121 114
36 121 114
35 121 114
35 121 113
35 120 113
35 120 113
34 120 113
34 120 113
34 120 112
34 119 112
33 119 112
33 119 112
33 119 112
33 119 111
32 118 111
32 118 111
32 118 111
32 118 110
31 117 110
31 117 110
31 117 110
31 117 110
30 117 109
30 116 109
30 116 109
30 116 109
29 116 109
29 115 108
29 115 108
29 115 108
28 115 108
28 115 107
28 114 107
28 114 107
27 114 107
27 114 107
27 114 106
26 113 106
26 113 106
26 113 106
26 113 105
25 112 105
25 112 105
25 112 105
25 112 105
24 112 104
24 111 104
24 111 104
24 111 104
23 111 104
23 111 103
23 110 103
23 110 103
22 110 103
22 110 102
22 109 102
22 109 102
21 109 102
21 109 102
21 109 101
21 108 101
20 108 101
20 108 101
20 108 101
20 108 100
19 107 100
19 107 100
19 107 100
19 107 99
18 106 99
18 106 99
18 106 99
18 106 99
17 106 98
17 105 98
17 105 98
17 105 98
16 105 98
16 105 97
16 104 97
16 104 97
15 104 97
15 104 96
15 103 96
15 103 96
14 103 96
14 103 96
14 103 95
14 102 95
13 102 95
13 102 95
13 102 95
13 101 94
12 101 94
12 101 94
12 101 94
11 101 93
11 100 93
11 100 93
11 100 93
10 100 93
10 100 92
10 99 92
10 99 92
9 99 92
9 99 91
9 98 91
9 98 91
8 98 91
8 98 91
8 98 90
8 97 90
7 97 90
7 97 90
7 97 90
7 97 89
6 96 89
6 96 89
6 96 89
6 96 88
5 95 88
5 95 88
5 95 88
5 95 88
4 95 87
4 94 87
4 94 87
4 94 87
3 94 87
3 94 86
3 93 86
3 93 86
2 93 86
2 93 85
2 92 85
2 92 85
1 92 85
1 92 85
1 92 84
1 91 84
0 91 84
0 91 84
0 91 84
0 91 83
0 90 83
0 90 83
0 90 83
0 90 83
0 90 82
0 90 82
0 89 82
0 89 82
0 89 82
0 89 81
0 89 81
0 88 81
0 88 81
0 88 81
0 88 80
0 88 80
0 87 80
0 87 80
0 87 80
0 87 79
0 87 79
0 87 79
0 86 79
0 86 78
0 86 78
0 86 78
0 86 78
0 85 78
0 85 77
0 85 77
0 85 77
0 85 77
0 85 77
0 84 76
0 84 76
0 84 76
0 84 76
0 84 76
0 83 75
0 83 75
0 83 75
0 83 75
0 83 75
0 82 74
0 82 74
0 82 74
0 82 74
0 82 74
0 82 73
0 81 73
0 81 73
0 81 73
0 81 73
0 81 72
0 80 72
0 80 72
0 80 72
0 80 72
0 80 71
0 80 71
0 79 71
0 79 71
0 79 71
0 79 70
0 79 70
0 78 70
0 78 70
0 78 70
0 78 69
0 78 69
0 78 69
0 77 69
0 77 69
0 77 68
0 77 68
0 77 68
0 76 68
0 76 68
0 76 67
0 76 67
0 76 67
0 75 67
0 75 67
0 75 66
0 75 66
0 75 66
0 75 66
0 74 66
0 74 65
0 74 65
0 74 65
0 74 65
0 73 65
0 73 64
0 73 64
0 73 64
0 73 64
0 73 64
0 72 63
0 72 63
0 72 63
0 72 63
0 72 63
0 71 62
0 71 62
0 71 62
0 71 62
0 71 62
0 70 61
0 70 61
0 70 61
0 70 61
0 70 60
0 70 60
0 69 60
0 69 60
0 69 60
0 69 59
0 69 59
0 68 59
0 68 59
0 68 59
0 68 58
0 68 58
0 68 58
0 67 58
0 67 58
0 67 57
0 67 57
0 67 57
0 66 57
0 66 57
0 66 56
0 66 56
0 66 56
0 66 56
0 65 56
0 65 55
0 65 55
0 65 55
0 65 55
0 64 55
0 64 54
0 64 54
0 64 54
0 64 54
0 63 54
0 63 53
0 63 53
0 63 53
0 63 53
0 63 53
0 62 52
0 62 52
0 62 52
0 62 52
0 62 52
0 61 51
0 61 51
0 61 51
0 61 51
0 61 51
0 61 50
0 60 50
0 60 50
0 60 50
0 60 50
0 60 49
0 59 49
0 59 49
0 59 49
0 59 49
0 59 48
0 58 48
0 58 48
0 58 48
0 58 48
0 58 47
0 58 47
0 57 47
0 57 47
0 57 47
0 57 46
0 57 46
0 56 46
0 56 46
0 56 46
0 56 45
0 56 45
0 56 45
0 55 45
0 55 45
0 55 44
0 55 44
0 55 44
0 54 44
0 54 44
0 54 43
0 54 43
0 54 43
0 54 43
