0 0 229
0 0 229
0 0 229
0 0 228
0 0 228
1 0 228
1 0 228
1 0 227
1 0 227
2 0 227
2 0 227
2 0 227
2 0 226
3 0 226
3 0 226
3 0 226
3 0 225
4 0 225
4 0 225
4 0 225
4 0 225
5 0 224
5 0 224
5 0 224
5 0 224
6 0 223
6 0 223
6 0 223
6 0 223
7 0 222
7 0 222
7 0 222
7 0 222
8 0 222
8 0 221
8 0 221
8 0 221
9 0 221
9 0 220
9 0 220
9 0 220
10 0 220
10 0 220
10 0 219
10 0 219
11 0 219
11 0 219
11 0 218
11 0 218
12 0 218
12 0 218
12 0 218
12 0 217
13 0 217
13 0 217
13 0 217
13 0 216
14 0 216
14 0 216
14 0 216
14 0 216
15 0 215
15 0 215
15 0 215
15 0 215
16 0 214
16 0 214
16 0 214
16 0 214
17 0 214
17 0 213
17 0 213
17 0 213
18 0 213
18 0 212
18 0 212
18 0 212
19 0 212
19 0 212
19 0 211
19 0 211
20 0 211
20 0 211
20 0 210
20 0 210
21 0 210
21 0 210
21 0 209
21 0 209
22 0 209
22 0 209
22 0 209
22 0 208
23 0 208
23 0 208
23 0 208
23 0 207
24 0 207
24 0 207
24 0 207
24 0 207
25 0 206
25 0 206
25 0 206
25 0 206
26 0 205
26 0 205
26 0 205
26 0 205
27 0 205
27 0 204
27 0 204
27 0 204
28 0 204
28 0 203
28 0 203
28 0 203
29 0 203
29 0 203
29 0 202
29 0 202
30 0 202
30 0 202
30 0 201
30 0 201
31 0 201
31 0 201
31 0 201
31 0 200
32 0 200
32 0 200
32 0 200
32 0 199
33 0 199
33 0 199
33 0 199
33 0 199
34 0 198
34 0 198
34 0 198
34 0 198
35 0 197
35 0 197
35 0 197
35 0 197
36 0 196
36 0 196
36 0 196
36 0 196
37 0 196
37 0 195
37 0 195
37 0 195
38 0 195
38 0 194
38 0 194
38 0 194
39 0 194
39 0 194
39 0 193
39 0 193
40 0 193
40 0 193
40 0 192
40 0 192
41 0 192
41 0 192
41 0 192
41 0 191
42 0 191
42 0 191
42 0 191
42 0 190
43 0 190
43 0 190
43 0 190
43 0 190
44 0 189
44 0 189
44 0 189
44 0 189
45 0 188
45 0 188
45 0 188
45 0 188
46 0 188
46 0 187
46 0 187
46 0 187
47 0 187
47 0 186
47 0 186
47 0 186
48 0 186
48 0 185
48 0 185
48 0 185
49 0 185
49 0 185
49 0 184
49 0 184
50 0 184
50 0 184
50 0 183
50 0 183
51 0 183
51 0 183
51 0 183
51 0 182
52 0 182
52 0 182
52 0 182
52 0 181
53 0 181
53 0 181
53 0 181
53 0 181
54 0 180
54 0 180
54 0 180
54 0 180
55 0 179
55 0 179
55 0 179
55 0 179
56 0 179
56 0 178
56 0 178
56 0 178
57 0 178
57 0 177
57 0 177
57 0 177
58 0 177
58 0 177
58 0 176
58 0 176
59 0 176
59 0 176
59 0 175
59 0 175
60 0 175
60 0 175
60 0 175
60 0 174
61 0 174
61 0 174
61 0 174
61 0 173
62 0 173
62 0 173
62 0 173
62 0 172
63 0 172
63 0 172
63 0 172
63 0 172
64 0 171
64 0 171
64 0 171
64 0 171
65 0 170
65 0 170
65 0 170
65 0 170
66 0 170
66 0 169
66 0 169
66 0 169
67 0 169
67 0 168
67 0 168
67 0 168
68 0 168
68 0 168
68 0 167
68 0 167
69 0 167
69 0 167
69 0 166
69 0 166
70 0 166
70 0 166
70 0 166
70 0 165
71 0 165
71 0 165
71 0 165
71 0 164
72 0 164
72 0 164
72 0 164
72 0 164
72 0 163
73 0 163
73 0 163
73 0 163
73 0 162
74 0 162
74 0 162
74 0 162
74 0 162
75 0 161
75 0 161
75 0 161
75 0 161
76 0 160
76 0 160
76 0 160
76 0 160
77 0 159
77 0 159
77 0 159
77 0 159
78 0 159
78 0 158
78 0 158
78 0 158
79 0 158
79 0 157
79 0 157
79 0 157
80 0 157
80 0 157
80 0 156
80 0 156
81 0 156
81 0 156
81 0 155
81 0 155
82 0 155
82 0 155
82 0 155
82 0 154
83 0 154
83 0 154
83 0 154
83 0 153
84 0 153
84 0 153
84 0 153
84 0 153
85 0 152
85 0 152
85 0 152
85 0 152
86 0 151
86 0 151
86 0 151
86 0 151
87 0 151
87 0 150
87 0 150
87 0 150
88 0 150
88 0 149
88 0 149
88 0 149
89 0 149
89 0 149
89 0 148
89 0 148
90 0 148
90 0 148
90 0 147
90 0 147
91 0 147
91 0 147
91 0 146
91 0 146
92 0 146
92 0 146
92 0 146
92 0 145
93 0 145
93 0 145
93 0 145
93 0 144
94 0 144
94 0 144
94 0 144
94 0 144
95 0 143
95 0 143
95 0 143
95 0 143
96 0 142
96 0 142
96 0 142
96 0 142
97 0 142
97 0 141
97 0 141
97 0 141
98 0 141
98 0 140
98 0 140
98 0 140
99 0 140
99 0 140
99 0 139
99 0 139
100 0 139
100 0 139
100 0 138
100 0 138
101 0 138
101 0 138
101 0 138
101 0 137
102 0 137
102 0 137
102 0 137
102 0 136
103 0 136
103 0 136
103 0 136
103 0 135
104 0 135
104 0 135
104 0 135
104 0 135
105 0 134
105 0 134
105 0 134
105 0 134
106 0 133
106 0 133
106 0 133
106 0 133
107 0 133
107 0 132
107 0 132
107 0 132
108 0 132
108 0 131
108 0 131
108 0 131
109 0 131
109 0 131
109 0 130
109 0 130
110 0 130
110 0 130
110 0 129
110 0 129
111 0 129
111 0 129
111 0 129
111 0 128
112 0 128
112 0 128
112 0 128
112 0 127
113 0 127
113 0 127
113 0 127
113 0 127
114 0 126
114 0 126
114 0 126
114 0 126
115 0 125
115 0 125
115 0 125
115 0 125
116 0 125
116 0 124
116 0 124
116 0 124
117 0 124
117 0 123
117 0 123
117 0 123
118 0 123
118 0 122
118 0 122
118 0 122
119 0 122
119 0 122
119 0 121
119 0 121
120 0 121
120 0 121
120 0 120
120 0 120
121 0 120
121 0 120
121 0 120
121 0 119
122 0 119
122 0 119
122 0 119
122 0 118
123 0 118
123 0 118
123 0 118
123 0 118
124 0 117
124 0 117
124 0 117
124 0 117
125 0 116
125 0 116
125 0 116
125 0 116
126 0 116
126 0 115
126 0 115
126 0 115
127 0 115
127 0 114
127 0 114
127 0 114
128 0 114
128 0 114
128 0 113
128 0 113
129 0 113
129 0 113
129 0 112
129 0 112
130 0 112
130 0 112
130 0 112
130 0 111
131 0 111
131 0 111
131 0 111
131 0 110
132 0 110
132 0 110
132 0 110
132 0 109
133 0 109
133 0 109
133 0 109
133 0 109
134 0 108
134 0 108
134 0 108
134 0 108
135 0 107
135 0 107
135 0 107
135 0 107
136 0 107
136 0 106
136 0 106
136 0 106
137 0 106
137 0 105
137 0 105
137 0 105
138 0 105
138 0 105
138 0 104
138 0 104
139 0 104
139 0 104
139 0 103
139 0 103
140 0 103
140 0 103
140 0 103
140 0 102
141 0 102
141 0 102
141 0 102
141 0 101
142 0 101
142 0 101
142 0 101
142 0 101
143 0 100
143 0 100
143 0 100
143 0 100
144 0 99
144 0 99
144 0 99
144 0 99
145 0 98
145 0 98
145 0 98
145 0 98
145 0 98
146 0 97
146 0 97
146 0 97
146 0 97
147 0 96
147 0 96
147 0 96
147 0 96
148 0 96
148 0 95
148 0 95
148 0 95
149 0 95
149 0 94
149 0 94
149 0 94
150 0 94
150 0 94
150 0 93
150 0 93
151 0 93
151 0 93
151 0 92
151 0 92
152 0 92
152 0 92
152 0 92
152 0 91
153 0 91
153 0 91
153 0 91
153 0 90
154 0 90
154 0 90
154 0 90
154 0 90
155 0 89
155 0 89
155 0 89
155 0 89
156 0 88
156 0 88
156 0 88
156 0 88
157 0 88
157 0 87
157 0 87
157 0 87
158 0 87
158 0 86
158 0 86
158 0 86
159 0 86
159 0 85
159 0 85
159 0 85
160 0 85
160 0 85
160 0 84
160 0 84
161 0 84
161 0 84
161 0 83
161 0 83
162 0 83
162 0 83
162 0 83
162 0 82
163 0 82
163 0 82
163 0 82
163 0 81
164 0 81
164 0 81
164 0 81
164 0 81
165 0 80
165 0 80
165 0 80
165 0 80
166 0 79
166 0 79
166 0 79
166 0 79
167 0 79
167 0 78
167 0 78
167 0 78
168 0 78
168 0 77
168 0 77
168 0 77
169 0 77
169 0 77
169 0 76
169 0 76
170 0 76
170 0 76
170 0 75
170 0 75
171 0 75
171 0 75
171 0 75
171 0 74
172 0 74
172 0 74
172 0 74
172 0 73
173 0 73
173 0 73
173 0 73
173 0 72
174 0 72
174 0 72
174 0 72
174 0 72
175 0 71
175 0 71
175 0 71
175 0 71
176 0 70
176 0 70
176 0 70
176 0 70
177 0 70
177 0 69
177 0 69
177 0 69
178 0 69
178 0 68
178 0 68
178 0 68
179 0 68
179 0 68
179 0 67
179 0 67
180 0 67
180 0 67
180 0 66
180 0 66
181 0 66
181 0 66
181 0 66
181 0 65
182 0 65
182 0 65
182 0 65
182 0 64
183 0 64
183 0 64
183 0 64
183 0 64
184 0 63
184 0 63
184 0 63
184 0 63
185 0 62
185 0 62
185 0 62
185 0 62
186 0 61
186 0 61
186 0 61
186 0 61
187 0 61
187 0 60
187 0 60
187 0 60
188 0 60
188 0 59
188 0 59
188 0 59
189 0 59
189 0 59
189 0 58
189 0 58
190 0 58
190 0 58
190 0 57
190 0 57
191 0 57
191 0 57
191 0 57
191 0 56
192 0 56
192 0 56
192 0 56
192 0 55
193 0 55
193 0 55
193 0 55
193 0 55
194 0 54
194 0 54
194 0 54
194 0 54
195 0 53
195 0 53
195 0 53
195 0 53
196 0 53
196 0 52
196 0 52
196 0 52
197 0 52
197 0 51
197 0 51
197 0 51
198 0 51
198 0 51
198 0 50
198 0 50
199 0 50
199 0 50
199 0 49
199 0 49
200 0 49
200 0 49
200 0 48
200 0 48
201 0 48
201 0 48
201 0 48
201 0 47
202 0 47
202 0 47
202 0 47
202 0 46
203 0 46
203 0 46
203 0 46
203 0 46
204 0 45
204 0 45
204 0 45
204 0 45
205 0 44
205 0 44
205 0 44
205 0 44
206 0 44
206 0 43
206 0 43
206 0 43
207 0 43
207 0 42
207 0 42
207 0 42
208 0 42
208 0 42
208 0 41
208 0 41
209 0 41
209 0 41
209 0 40
209 0 40
210 0 40
210 0 40
210 0 40
210 0 39
211 0 39
211 0 39
211 0 39
211 0 38
212 0 38
212 0 38
212 0 38
212 0 38
213 0 37
213 0 37
213 0 37
213 0 37
214 0 36
214 0 36
214 0 36
214 0 36
215 0 35
215 0 35
215 0 35
215 0 35
216 0 35
216 0 34
216 0 34
216 0 34
217 0 34
217 0 33
217 0 33
217 0 33
218 0 33
218 0 33
218 0 32
218 0 32
218 0 32
219 0 32
219 0 31
219 0 31
219 0 31
220 0 31
220 0 31
220 0 30
220 0 30
221 0 30
221 0 30
221 0 29
221 0 29
222 0 29
222 0 29
222 0 29
222 0 28
223 0 28
223 0 28
223 0 28
223 0 27
224 0 27
224 0 27
224 0 27
224 0 27
225 0 26
225 0 26
225 0 26
225 0 26
226 0 25
226 0 25
226 0 25
226 0 25
227 0 25
227 0 24
227 0 24
227 0 24
228 0 24
228 0 23
228 0 23
228 0 23
229 0 23
229 0 22
229 0 22
229 0 22
230 0 22
230 0 22
230 0 21
230 0 21
231 0 21
231 0 21
231 0 20
231 0 20
232 0 20
232 0 20
232 0 20
232 0 19
233 0 19
233 0 19
233 0 19
233 0 18
234 0 18
234 0 18
234 0 18
234 0 18
235 0 17
235 0 17
235 0 17
235 0 17
236 0 16
236 0 16
236 0 16
236 0 16
237 0 16
237 0 15
237 0 15
237 0 15
238 0 15
238 0 14
238 0 14
238 0 14
239 0 14
239 0 14
239 0 13
239 0 13
240 0 13
240 0 13
240 0 12
240 0 12
241 0 12
241 0 12
241 0 11
241 0 11
242 0 11
242 0 11
242 0 11
242 0 10
243 0 10
243 0 10
243 0 10
243 0 9
244 0 9
244 0 9
244 0 9
244 0 9
245 0 8
245 0 8
245 0 8
245 0 8
246 0 7
246 0 7
246 0 7
246 0 7
247 0 7
247 0 6
247 0 6
247 0 6
248 0 6
248 0 5
248 0 5
248 0 5
249 0 5
249 0 5
249 0 4
249 0 4
250 0 4
250 0 4
250 0 3
250 0 3
251 0 3
251 0 3
251 0 3
251 0 2
252 0 2
252 0 2
252 0 2
252 0 1
253 0 1
253 0 1
253 0 1
253 0 1
254 0 0
254 0 0
254 0 0
254 0 0
254 0 0
254 0 0
254 0 0
254 0 0
253 1 0
253 1 0
253 1 0
253 1 0
252 1 0
252 2 0
252 2 0
252 2 0
251 2 0
251 3 0
251 3 0
251 3 0
250 3 0
250 3 0
250 4 0
250 4 0
249 4 0
249 4 0
249 5 0
249 5 0
248 5 0
248 5 0
248 5 0
248 6 0
247 6 0
247 6 0
247 6 0
247 7 0
246 7 0
246 7 0
246 7 0
246 7 0
245 8 0
245 8 0
245 8 0
245 8 0
244 9 0
244 9 0
244 9 0
244 9 0
243 9 0
243 10 0
243 10 0
243 10 0
242 10 0
242 11 0
242 11 0
242 11 0
241 11 0
241 11 0
241 12 0
241 12 0
240 12 0
240 12 0
240 13 0
240 13 0
239 13 0
239 13 0
239 14 0
239 14 0
238 14 0
238 14 0
238 14 0
238 15 0
237 15 0
237 15 0
237 15 0
237 16 0
236 16 0
236 16 0
236 16 0
236 16 0
235 17 0
235 17 0
235 17 0
235 17 0
234 18 0
234 18 0
234 18 0
234 18 0
233 18 0
233 19 0
233 19 0
233 19 0
232 19 0
232 20 0
232 20 0
232 20 0
231 20 0
231 20 0
231 21 0
231 21 0
230 21 0
230 21 0
230 22 0
230 22 0
229 22 0
229 22 0
229 22 0
229 23 0
228 23 0
228 23 0
228 23 0
228 24 0
227 24 0
227 24 0
227 24 0
227 25 0
226 25 0
226 25 0
226 25 0
226 25 0
225 26 0
225 26 0
225 26 0
225 26 0
224 27 0
224 27 0
224 27 0
224 27 0
223 27 0
223 28 0
223 28 0
223 28 0
222 28 0
222 29 0
222 29 0
222 29 0
221 29 0
221 29 0
221 30 0
221 30 0
220 30 0
220 30 0
220 31 0
220 31 0
219 31 0
219 31 0
219 31 0
219 32 0
218 32 0
218 32 0
218 32 0
218 33 0
218 33 0
217 33 0
217 33 0
217 33 0
217 34 0
216 34 0
216 34 0
216 34 0
216 35 0
215 35 0
215 35 0
215 35 0
215 35 0
214 36 0
214 36 0
214 36 0
214 36 0
213 37 0
213 37 0
213 37 0
213 37 0
212 38 0
212 38 0
212 38 0
212 38 0
211 38 0
211 39 0
211 39 0
211 39 0
210 39 0
210 40 0
210 40 0
210 40 0
209 40 0
209 40 0
209 41 0
209 41 0
208 41 0
208 41 0
208 42 0
208 42 0
207 42 0
207 42 0
207 42 0
207 43 0
206 43 0
206 43 0
206 43 0
206 44 0
205 44 0
205 44 0
205 44 0
205 44 0
204 45 0
204 45 0
204 45 0
204 45 0
203 46 0
203 46 0
203 46 0
203 46 0
202 46 0
202 47 0
202 47 0
202 47 0
201 47 0
201 48 0
201 48 0
201 48 0
200 48 0
200 48 0
200 49 0
200 49 0
199 49 0
199 49 0
199 50 0
199 50 0
198 50 0
198 50 0
198 51 0
198 51 0
197 51 0
197 51 0
197 51 0
197 52 0
196 52 0
196 52 0
196 52 0
196 53 0
195 53 0
195 53 0
195 53 0
195 53 0
194 54 0
194 54 0
194 54 0
194 54 0
193 55 0
193 55 0
193 55 0
193 55 0
192 55 0
192 56 0
192 56 0
192 56 0
191 56 0
191 57 0
191 57 0
191 57 0
190 57 0
190 57 0
190 58 0
190 58 0
189 58 0
189 58 0
189 59 0
189 59 0
188 59 0
188 59 0
188 59 0
188 60 0
187 60 0
187 60 0
187 60 0
187 61 0
186 61 0
186 61 0
186 61 0
186 61 0
185 62 0
185 62 0
185 62 0
185 62 0
184 63 0
184 63 0
184 63 0
184 63 0
183 64 0
183 64 0
183 64 0
183 64 0
182 64 0
182 65 0
182 65 0
182 65 0
181 65 0
181 66 0
181 66 0
181 66 0
180 66 0
180 66 0
180 67 0
180 67 0
179 67 0
179 67 0
179 68 0
179 68 0
178 68 0
178 68 0
178 68 0
178 69 0
177 69 0
177 69 0
177 69 0
177 70 0
176 70 0
176 70 0
176 70 0
176 70 0
175 71 0
175 71 0
175 71 0
175 71 0
174 72 0
174 72 0
174 72 0
174 72 0
173 72 0
173 73 0
173 73 0
173 73 0
172 73 0
172 74 0
172 74 0
172 74 0
171 74 0
171 75 0
171 75 0
171 75 0
170 75 0
170 75 0
170 76 0
170 76 0
169 76 0
169 76 0
169 77 0
169 77 0
168 77 0
168 77 0
168 77 0
168 78 0
167 78 0
167 78 0
167 78 0
167 79 0
166 79 0
166 79 0
166 79 0
166 79 0
165 80 0
165 80 0
165 80 0
165 80 0
164 81 0
164 81 0
164 81 0
164 81 0
163 81 0
163 82 0
163 82 0
163 82 0
162 82 0
162 83 0
162 83 0
162 83 0
161 83 0
161 83 0
161 84 0
161 84 0
160 84 0
160 84 0
160 85 0
160 85 0
159 85 0
159 85 0
159 85 0
159 86 0
158 86 0
158 86 0
158 86 0
158 87 0
157 87 0
157 87 0
157 87 0
157 88 0
156 88 0
156 88 0
156 88 0
156 88 0
155 89 0
155 89 0
155 89 0
155 89 0
154 90 0
154 90 0
154 90 0
154 90 0
153 90 0
153 91 0
153 91 0
153 91 0
152 91 0
152 92 0
152 92 0
152 92 0
151 92 0
151 92 0
151 93 0
151 93 0
150 93 0
150 93 0
150 94 0
150 94 0
149 94 0
149 94 0
149 94 0
149 95 0
148 95 0
148 95 0
148 95 0
148 96 0
147 96 0
147 96 0
147 96 0
147 96 0
146 97 0
146 97 0
146 97 0
146 97 0
145 98 0
145 98 0
145 98 0
145 98 0
145 98 0
144 99 0
144 99 0
144 99 0
144 99 0
143 100 0
143 100 0
143 100 0
143 100 0
142 101 0
142 101 0
142 101 0
142 101 0
141 101 0
141 102 0
141 102 0
141 102 0
140 102 0
140 103 0
140 103 0
140 103 0
139 103 0
139 103 0
139 104 0
139 104 0
138 104 0
138 104 0
138 105 0
138 105 0
137 105 0
137 105 0
137 105 0
137 106 0
136 106 0
136 106 0
136 106 0
136 107 0
135 107 0
135 107 0
135 107 0
135 107 0
134 108 0
134 108 0
134 108 0
134 108 0
133 109 0
133 109 0
133 109 0
133 109 0
132 109 0
132 110 0
132 110 0
132 110 0
131 110 0
131 111 0
131 111 0
131 111 0
130 111 0
130 112 0
130 112 0
130 112 0
129 112 0
129 112 0
129 113 0
129 113 0
128 113 0
128 113 0
128 114 0
128 114 0
127 114 0
127 114 0
127 114 0
127 115 0
126 115 0
126 115 0
126 115 0
126 116 0
125 116 0
125 116 0
125 116 0
125 116 0
124 117 0
124 117 0
124 117 0
124 117 0
123 118 0
123 118 0
123 118 0
123 118 0
122 118 0
122 119 0
122 119 0
122 119 0
121 119 0
121 120 0
121 120 0
121 120 0
120 120 0
120 120 0
120 121 0
120 121 0
119 121 0
119 121 0
119 122 0
119 122 0
118 122 0
118 122 0
118 122 0
118 123 0
117 123 0
117 123 0
117 123 0
117 124 0
116 124 0
116 124 0
116 124 0
116 125 0
115 125 0
115 125 0
115 125 0
115 125 0
114 126 0
114 126 0
114 126 0
114 126 0
113 127 0
113 127 0
113 127 0
113 127 0
112 127 0
112 128 0
112 128 0
112 128 0
111 128 0
111 129 0
111 129 0
111 129 0
110 129 0
110 129 0
110 130 0
110 130 0
109 130 0
109 130 0
109 131 0
109 131 0
108 131 0
108 131 0
108 131 0
108 132 0
107 132 0
107 132 0
107 132 0
107 133 0
106 133 0
106 133 0
106 133 0
106 133 0
105 134 0
105 134 0
105 134 0
105 134 0
104 135 0
104 135 0
104 135 0
104 135 0
103 135 0
103 136 0
103 136 0
103 136 0
102 136 0
102 137 0
102 137 0
102 137 0
101 137 0
101 138 0
101 138 0
101 138 0
100 138 0
100 138 0
100 139 0
100 139 0
99 139 0
99 139 0
99 140 0
99 140 0
98 140 0
98 140 0
98 140 0
98 141 0
97 141 0
97 141 0
97 141 0
97 142 0
96 142 0
96 142 0
96 142 0
96 142 0
95 143 0
95 143 0
95 143 0
95 143 0
94 144 0
94 144 0
94 144 0
94 144 0
93 144 0
93 145 0
93 145 0
93 145 0
92 145 0
92 146 0
92 146 0
92 146 0
91 146 0
91 146 0
91 147 0
91 147 0
90 147 0
90 147 0
90 148 0
90 148 0
89 148 0
89 148 0
89 149 0
89 149 0
88 149 0
88 149 0
88 149 0
88 150 0
87 150 0
87 150 0
87 150 0
87 151 0
86 151 0
86 151 0
86 151 0
86 151 0
85 152 0
85 152 0
85 152 0
85 152 0
84 153 0
84 153 0
84 153 0
84 153 0
83 153 0
83 154 0
83 154 0
83 154 0
82 154 0
82 155 0
82 155 0
82 155 0
81 155 0
81 155 0
81 156 0
81 156 0
80 156 0
80 156 0
80 157 0
80 157 0
79 157 0
79 157 0
79 157 0
79 158 0
78 158 0
78 158 0
78 158 0
78 159 0
77 159 0
77 159 0
77 159 0
77 159 0
76 160 0
76 160 0
76 160 0
76 160 0
75 161 0
75 161 0
75 161 0
75 161 0
74 162 0
74 162 0
74 162 0
74 162 0
73 162 0
73 163 0
73 163 0
73 163 0
72 163 0
72 164 0
72 164 0
72 164 0
72 164 0
71 164 0
71 165 0
71 165 0
71 165 0
70 165 0
70 166 0
70 166 0
70 166 0
69 166 0
69 166 0
69 167 0
69 167 0
68 167 0
68 167 0
68 168 0
68 168 0
67 168 0
67 168 0
67 168 0
67 169 0
66 169 0
66 169 0
66 169 0
66 170 0
65 170 0
65 170 0
65 170 0
65 170 0
64 171 0
64 171 0
64 171 0
64 171 0
63 172 0
63 172 0
63 172 0
63 172 0
62 172 0
62 173 0
62 173 0
62 173 0
61 173 0
61 174 0
61 174 0
61 174 0
60 174 0
60 175 0
60 175 0
60 175 0
59 175 0
59 175 0
59 176 0
59 176 0
58 176 0
58 176 0
58 177 0
58 177 0
57 177 0
57 177 0
57 177 0
57 178 0
56 178 0
56 178 0
56 178 0
56 179 0
55 179 0
55 179 0
55 179 0
55 179 0
54 180 0
54 180 0
54 180 0
54 180 0
53 181 0
53 181 0
53 181 0
53 181 0
52 181 0
52 182 0
52 182 0
52 182 0
51 182 0
51 183 0
51 183 0
51 183 0
50 183 0
50 183 0
50 184 0
50 184 0
49 184 0
49 184 0
49 185 0
49 185 0
48 185 0
48 185 0
48 185 0
48 186 0
47 186 0
47 186 0
47 186 0
47 187 0
46 187 0
46 187 0
46 187 0
46 188 0
45 188 0
45 188 0
45 188 0
45 188 0
44 189 0
44 189 0
44 189 0
44 189 0
43 190 0
43 190 0
43 190 0
43 190 0
42 190 0
42 191 0
42 191 0
42 191 0
41 191 0
41 192 0
41 192 0
41 192 0
40 192 0
40 192 0
40 193 0
40 193 0
39 193 0
39 193 0
39 194 0
39 194 0
38 194 0
38 194 0
38 194 0
38 195 0
37 195 0
37 195 0
37 195 0
37 196 0
36 196 0
36 196 0
36 196 0
36 196 0
35 197 0
35 197 0
35 197 0
35 197 0
34 198 0
34 198 0
34 198 0
34 198 0
33 199 0
33 199 0
33 199 0
33 199 0
32 199 0
32 200 0
32 200 0
32 200 0
31 200 0
31 201 0
31 201 0
31 201 0
30 201 0
30 201 0
30 202 0
30 202 0
29 202 0
29 202 0
29 203 0
29 203 0
28 203 0
28 203 0
28 203 0
28 204 0
27 204 0
27 204 0
27 204 0
27 205 0
26 205 0
26 205 0
26 205 0
26 205 0
25 206 0
25 206 0
25 206 0
25 206 0
24 207 0
24 207 0
24 207 0
24 207 0
23 207 0
23 208 0
23 208 0
23 208 0
22 208 0
22 209 0
22 209 0
22 209 0
21 209 0
21 209 0
21 210 0
21 210 0
20 210 0
20 210 0
20 211 0
20 211 0
19 211 0
19 211 0
19 212 0
19 212 0
18 212 0
18 212 0
18 212 0
18 213 0
17 213 0
17 213 0
17 213 0
17 214 0
16 214 0
16 214 0
16 214 0
16 214 0
15 215 0
15 215 0
15 215 0
15 215 0
14 216 0
14 216 0
14 216 0
14 216 0
13 216 0
13 217 0
13 217 0
13 217 0
12 217 0
12 218 0
12 218 0
12 218 0
11 218 0
11 218 0
11 219 0
11 219 0
10 219 0
10 219 0
10 220 0
10 220 0
9 220 0
9 220 0
9 220 0
9 221 0
8 221 0
8 221 0
8 221 0
8 222 0
7 222 0
7 222 0
7 222 0
7 222 0
6 223 0
6 223 0
6 223 0
6 223 0
5 224 0
5 224 0
5 224 0
5 224 0
4 225 0
4 225 0
4 225 0
4 225 0
3 225 0
3 226 0
3 226 0
3 226 0
2 226 0
2 227 0
2 227 0
2 227 0
1 227 0
1 227 0
1 228 0
1 228 0
0 228 0
0 228 0
0 229 0
0 229 0
0 229 0
