247 252 253
246 251 252
246 251 252
246 251 252
246 251 252
246 251 252
246 251 252
246 251 252
246 251 252
246 251 252
246 251 252
246 251 252
246 251 252
246 251 252
246 251 252
245 251 252
245 251 252
245 251 252
245 251 252
245 251 252
245 251 252
245 251 252
245 251 252
245 251 252
245 251 252
245 251 252
245 251 252
245 251 252
245 251 252
244 251 252
244 251 252
244 251 252
244 251 252
244 251 252
244 251 252
244 251 252
244 251 252
244 250 252
244 250 252
244 250 252
244 250 252
244 250 252
244 250 252
243 250 252
243 250 252
243 250 252
243 250 252
243 250 252
243 250 252
243 250 252
243 250 252
243 250 252
243 250 252
243 250 252
243 250 252
243 250 252
243 250 252
242 250 252
242 250 252
242 250 252
242 250 252
242 250 252
242 250 252
242 250 252
242 250 251
242 250 251
242 250 251
242 250 251
242 250 251
242 250 251
242 250 251
242 250 251
241 250 251
241 250 251
241 249 251
241 249 251
241 249 251
241 249 251
241 249 251
241 249 251
241 249 251
241 249 251
241 249 251
241 249 251
241 249 251
241 249 251
240 249 251
240 249 251
240 249 251
240 249 251
240 249 251
240 249 251
240 249 251
240 249 251
240 249 251
240 249 251
240 249 251
240 249 251
240 249 251
240 249 251
239 249 251
239 249 251
239 249 251
239 249 251
239 249 251
239 249 251
239 249 251
239 249 251
239 249 251
239 249 251
239 248 251
239 248 251
239 248 251
239 248 251
238 248 251
238 248 251
238 248 251
238 248 251
238 248 251
238 248 251
238 248 251
238 248 251
238 248 251
238 248 251
238 248 251
238 248 251
238 248 251
238 248 251
237 248 250
237 248 250
237 248 250
237 248 250
237 248 250
237 248 250
237 248 250
237 248 250
237 248 250
237 248 250
237 248 250
237 248 250
237 248 250
237 248 250
237 248 250
236 248 250
236 248 250
236 248 250
236 248 250
236 247 250
236 247 250
236 247 250
236 247 250
236 247 250
236 247 250
236 247 250
236 247 250
236 247 250
236 247 250
235 247 250
235 247 250
235 247 250
235 247 250
235 247 250
235 247 250
235 247 250
235 247 250
235 247 250
235 247 250
235 247 250
235 247 250
235 247 250
235 247 250
234 247 250
234 247 250
234 247 250
234 247 250
234 247 250
234 247 250
234 247 250
234 247 250
234 247 250
234 247 250
234 247 250
234 247 250
234 246 250
234 246 250
233 246 250
233 246 250
233 246 250
233 246 250
233 246 250
233 246 250
233 246 250
233 246 249
233 246 249
233 246 249
233 246 249
233 246 249
233 246 249
233 246 249
233 246 249
232 246 249
232 246 249
232 246 249
232 246 249
232 246 249
232 246 249
232 246 249
232 246 249
232 246 249
232 246 249
232 246 249
232 246 249
232 246 249
232 246 249
231 246 249
231 246 249
231 246 249
231 246 249
231 246 249
231 246 249
231 245 249
231 245 249
231 245 249
231 245 249
231 245 249
231 245 249
231 245 249
231 245 249
230 245 249
230 245 249
230 245 249
230 245 249
230 245 249
230 245 249
230 245 249
230 245 249
230 245 249
230 245 249
230 245 249
230 245 249
230 245 249
230 245 249
229 245 249
229 245 249
229 245 249
229 245 249
229 245 249
229 245 249
229 245 249
229 245 249
229 245 249
229 245 249
229 245 249
229 245 249
229 245 249
229 245 249
228 244 248
228 244 248
228 244 248
228 244 248
228 244 248
228 244 248
228 244 248
228 244 248
228 244 248
228 244 248
228 244 248
227 244 248
227 244 248
227 244 248
227 244 247
227 244 247
227 244 247
227 244 247
227 244 247
227 244 247
227 244 247
226 244 247
226 244 247
226 244 247
226 244 247
226 244 247
226 244 247
226 244 246
226 244 246
226 243 246
226 243 246
225 243 246
225 243 246
225 243 246
225 243 246
225 243 246
225 243 246
225 243 246
225 243 246
225 243 246
225 243 246
224 243 245
224 243 245
224 243 245
224 243 245
224 243 245
224 243 245
224 243 245
224 243 245
224 243 245
224 243 245
224 243 245
223 243 245
223 243 245
223 243 244
223 243 244
223 243 244
223 242 244
223 242 244
223 242 244
223 242 244
223 242 244
222 242 244
222 242 244
222 242 244
222 242 244
222 242 244
222 242 244
222 242 243
222 242 243
222 242 243
222 242 243
221 242 243
221 242 243
221 242 243
221 242 243
221 242 243
221 242 243
221 242 243
221 242 243
221 242 243
221 242 242
220 242 242
220 242 242
220 242 242
220 242 242
220 241 242
220 241 242
220 241 242
220 241 242
220 241 242
220 241 242
219 241 242
219 241 242
219 241 242
219 241 241
219 241 241
219 241 241
219 241 241
219 241 241
219 241 241
219 241 241
219 241 241
218 241 241
218 241 241
218 241 241
218 241 241
218 241 241
218 241 240
218 241 240
218 241 240
218 241 240
218 241 240
217 241 240
217 240 240
217 240 240
217 240 240
217 240 240
217 240 240
217 240 240
217 240 240
217 240 240
217 240 239
216 240 239
216 240 239
216 240 239
216 240 239
216 240 239
216 240 239
216 240 239
216 240 239
216 240 239
216 240 239
215 240 239
215 240 239
215 240 238
215 240 238
215 240 238
215 240 238
215 240 238
215 240 238
215 240 238
215 240 238
215 239 238
214 239 238
214 239 238
214 239 238
214 239 238
214 239 238
214 239 237
214 239 237
214 239 237
214 239 237
214 239 237
213 239 237
213 239 237
213 239 237
213 239 237
213 239 237
213 239 237
213 239 237
213 239 237
213 239 236
213 239 236
212 239 236
212 239 236
212 239 236
212 239 236
212 239 236
212 239 236
212 239 236
212 238 236
212 238 236
212 238 236
211 238 236
211 238 235
211 238 235
211 238 235
211 238 235
211 238 235
211 238 235
211 238 235
211 238 235
211 238 235
211 238 235
210 238 235
210 238 235
210 238 235
210 238 235
210 238 234
210 238 234
210 238 234
210 238 234
210 238 234
210 238 234
209 238 234
209 238 234
209 238 234
209 238 234
209 237 234
209 237 234
209 237 234
209 237 233
209 237 233
209 237 233
208 237 233
208 237 233
208 237 233
208 237 233
208 237 233
208 237 233
208 237 233
208 237 233
208 237 233
208 237 233
207 237 233
207 237 232
207 237 232
207 237 232
207 237 232
207 237 232
207 237 232
207 237 232
207 237 232
207 237 232
207 237 232
206 237 232
206 237 232
206 236 232
206 236 231
206 236 231
206 236 231
206 236 231
206 236 231
206 236 231
206 236 231
205 236 231
205 236 231
205 236 231
205 236 231
205 236 231
205 236 231
205 236 231
205 236 230
205 236 230
205 236 230
204 236 230
204 236 230
204 236 230
204 236 230
204 236 230
204 236 230
204 236 230
204 236 230
204 236 230
204 236 230
203 235 229
203 235 229
203 235 229
203 235 229
203 235 229
202 235 229
202 235 229
202 235 229
202 235 229
202 235 228
201 235 228
201 235 228
201 235 228
201 234 228
201 234 228
200 234 228
200 234 228
200 234 228
200 234 227
200 234 227
199 234 227
199 234 227
199 234 227
199 234 227
199 234 227
198 234 227
198 233 227
198 233 226
198 233 226
198 233 226
197 233 226
197 233 226
197 233 226
197 233 226
197 233 226
196 233 226
196 233 225
196 233 225
196 233 225
196 232 225
195 232 225
195 232 225
195 232 225
195 232 225
195 232 224
194 232 224
194 232 224
194 232 224
194 232 224
194 232 224
193 232 224
193 231 224
193 231 224
193 231 223
193 231 223
192 231 223
192 231 223
192 231 223
192 231 223
192 231 223
191 231 223
191 231 223
191 231 222
191 231 222
191 230 222
190 230 222
190 230 222
190 230 222
190 230 222
190 230 222
189 230 222
189 230 221
189 230 221
189 230 221
189 230 221
189 230 221
188 230 221
188 229 221
188 229 221
188 229 221
188 229 220
187 229 220
187 229 220
187 229 220
187 229 220
187 229 220
186 229 220
186 229 220
186 229 219
186 229 219
186 228 219
185 228 219
185 228 219
185 228 219
185 228 219
185 228 219
184 228 219
184 228 218
184 228 218
184 228 218
184 228 218
183 228 218
183 228 218
183 227 218
183 227 218
183 227 218
182 227 217
182 227 217
182 227 217
182 227 217
182 227 217
181 227 217
181 227 217
181 227 217
181 227 217
181 226 216
180 226 216
180 226 216
180 226 216
180 226 216
180 226 216
179 226 216
179 226 216
179 226 216
179 226 215
179 226 215
178 226 215
178 226 215
178 225 215
178 225 215
178 225 215
177 225 215
177 225 215
177 225 214
177 225 214
177 225 214
176 225 214
176 225 214
176 225 214
176 225 214
176 225 214
175 224 213
175 224 213
175 224 213
175 224 213
175 224 213
174 224 213
174 224 213
174 224 213
174 224 213
174 224 212
173 224 212
173 224 212
173 224 212
173 223 212
173 223 212
172 223 212
172 223 212
172 223 212
172 223 211
172 223 211
171 223 211
171 223 211
171 223 211
171 223 211
171 223 211
170 223 211
170 222 211
170 222 210
170 222 210
170 222 210
169 222 210
169 222 210
169 222 210
169 222 210
169 222 210
168 222 210
168 222 209
168 222 209
168 221 209
168 221 209
167 221 209
167 221 209
167 221 209
167 221 209
167 221 209
166 221 208
166 221 208
166 221 208
166 221 208
166 221 208
165 221 208
165 220 208
165 220 208
165 220 207
165 220 207
164 220 207
164 220 207
164 220 207
164 220 207
164 220 207
163 220 207
163 220 207
163 220 206
163 220 206
163 219 206
162 219 206
162 219 206
162 219 206
162 219 206
162 219 206
161 219 206
161 219 205
161 219 205
161 219 205
161 219 205
160 219 205
160 219 205
160 218 205
160 218 205
160 218 205
159 218 204
159 218 204
159 218 204
159 218 204
159 218 204
158 218 204
158 218 204
158 218 204
158 218 204
158 218 203
157 217 203
157 217 203
157 217 203
157 217 203
157 217 203
156 217 203
156 217 203
156 217 202
156 217 202
156 217 202
155 217 202
155 217 202
155 216 202
155 216 202
155 216 202
154 216 202
154 216 201
154 216 201
154 216 201
154 216 201
153 216 201
153 216 201
153 216 201
153 216 201
153 216 201
152 215 200
152 215 200
152 215 200
152 215 200
152 215 200
151 215 200
151 215 200
151 215 199
151 215 199
151 215 199
150 215 199
150 215 199
150 214 199
150 214 199
150 214 198
149 214 198
149 214 198
149 214 198
149 214 198
149 214 198
148 214 198
148 214 197
148 214 197
148 213 197
148 213 197
147 213 197
147 213 197
147 213 197
147 213 196
147 213 196
146 213 196
146 213 196
146 213 196
146 213 196
146 213 196
145 212 195
145 212 195
145 212 195
145 212 195
145 212 195
144 212 195
144 212 195
144 212 194
144 212 194
144 212 194
143 212 194
143 212 194
143 211 194
143 211 194
143 211 193
142 211 193
142 211 193
142 211 193
142 211 193
142 211 193
141 211 192
141 211 192
141 211 192
141 210 192
141 210 192
140 210 192
140 210 192
140 210 191
140 210 191
140 210 191
139 210 191
139 210 191
139 210 191
139 210 191
139 210 190
138 209 190
138 209 190
138 209 190
138 209 190
138 209 190
137 209 190
137 209 189
137 209 189
137 209 189
137 209 189
136 209 189
136 209 189
136 208 189
136 208 188
136 208 188
135 208 188
135 208 188
135 208 188
135 208 188
135 208 188
134 208 187
134 208 187
134 208 187
134 207 187
134 207 187
133 207 187
133 207 187
133 207 186
133 207 186
133 207 186
132 207 186
132 207 186
132 207 186
132 207 186
132 207 185
131 206 185
131 206 185
131 206 185
131 206 185
131 206 185
131 206 185
130 206 184
130 206 184
130 206 184
130 206 184
130 206 184
129 205 184
129 205 184
129 205 183
129 205 183
129 205 183
128 205 183
128 205 183
128 205 183
128 205 183
128 205 182
127 205 182
127 205 182
127 204 182
127 204 182
127 204 182
126 204 182
126 204 181
126 204 181
126 204 181
126 204 181
125 204 181
125 204 181
125 204 180
125 204 180
125 203 180
124 203 180
124 203 180
124 203 180
124 203 180
124 203 179
123 203 179
123 203 179
123 203 179
123 203 179
123 203 179
122 202 179
122 202 178
122 202 178
122 202 178
122 202 178
121 202 178
121 202 178
121 202 178
121 202 177
121 202 177
120 202 177
120 202 177
120 201 177
120 201 177
120 201 177
119 201 176
119 201 176
119 201 176
119 201 176
119 201 176
118 201 176
118 201 176
118 201 175
118 201 175
118 200 175
117 200 175
117 200 175
117 200 175
117 200 175
117 200 174
116 200 174
116 200 174
116 200 174
116 200 174
116 200 174
115 199 174
115 199 173
115 199 173
115 199 173
115 199 173
114 199 173
114 199 173
114 199 173
114 199 172
114 199 172
113 199 172
113 199 172
113 198 172
113 198 172
113 198 172
112 198 171
112 198 171
112 198 171
112 198 171
112 198 171
111 198 171
111 198 171
111 198 170
111 197 170
111 197 170
110 197 170
110 197 170
110 197 170
110 197 170
110 197 169
109 197 169
109 197 169
109 197 169
109 197 169
109 197 169
108 196 168
108 196 168
108 196 168
108 196 168
108 196 168
107 196 168
107 196 168
107 196 167
107 196 167
107 196 167
106 196 167
106 196 167
106 195 167
106 195 167
106 195 166
105 195 166
105 195 166
105 195 166
105 195 166
105 195 166
104 195 166
104 195 165
104 195 165
104 194 165
104 194 165
103 194 165
103 194 165
103 194 165
103 194 164
103 194 164
102 194 164
102 194 164
102 194 164
102 194 164
102 194 164
101 193 163
101 193 163
101 193 163
101 193 163
101 193 163
101 193 163
101 193 162
100 193 162
100 193 162
100 193 162
100 193 162
100 193 161
100 193 161
100 192 161
99 192 161
99 192 161
99 192 161
99 192 160
99 192 160
99 192 160
99 192 160
98 192 160
98 192 159
98 192 159
98 192 159
98 192 159
98 191 159
98 191 159
97 191 158
97 191 158
97 191 158
97 191 158
97 191 158
97 191 157
97 191 157
96 191 157
96 191 157
96 191 157
96 190 157
96 190 156
96 190 156
95 190 156
95 190 156
95 190 156
95 190 156
95 190 155
95 190 155
95 190 155
94 190 155
94 190 155
94 190 154
94 189 154
94 189 154
94 189 154
94 189 154
93 189 154
93 189 153
93 189 153
93 189 153
93 189 153
93 189 153
93 189 152
92 189 152
92 189 152
92 188 152
92 188 152
92 188 152
92 188 151
92 188 151
91 188 151
91 188 151
91 188 151
91 188 150
91 188 150
91 188 150
91 188 150
90 188 150
90 187 150
90 187 149
90 187 149
90 187 149
90 187 149
90 187 149
89 187 148
89 187 148
89 187 148
89 187 148
89 187 148
89 187 148
89 187 147
88 186 147
88 186 147
88 186 147
88 186 147
88 186 147
88 186 146
88 186 146
87 186 146
87 186 146
87 186 146
87 186 145
87 186 145
87 185 145
87 185 145
86 185 145
86 185 145
86 185 144
86 185 144
86 185 144
86 185 144
86 185 144
85 185 143
85 185 143
85 185 143
85 185 143
85 184 143
85 184 143
85 184 142
84 184 142
84 184 142
84 184 142
84 184 142
84 184 141
84 184 141
83 184 141
83 184 141
83 184 141
83 184 141
83 183 140
83 183 140
83 183 140
82 183 140
82 183 140
82 183 140
82 183 139
82 183 139
82 183 139
82 183 139
81 183 139
81 183 138
81 183 138
81 182 138
81 182 138
81 182 138
81 182 138
80 182 137
80 182 137
80 182 137
80 182 137
80 182 137
80 182 136
80 182 136
79 182 136
79 182 136
79 181 136
79 181 136
79 181 135
79 181 135
79 181 135
78 181 135
78 181 135
78 181 134
78 181 134
78 181 134
78 181 134
78 181 134
77 180 134
77 180 133
77 180 133
77 180 133
77 180 133
77 180 133
77 180 132
76 180 132
76 180 132
76 180 132
76 180 132
76 180 132
76 180 131
76 179 131
75 179 131
75 179 131
75 179 131
75 179 131
75 179 130
75 179 130
75 179 130
74 179 130
74 179 130
74 179 129
74 179 129
74 179 129
74 178 129
74 178 129
73 178 129
73 178 128
73 178 128
73 178 128
73 178 128
73 178 128
73 178 127
72 178 127
72 178 127
72 178 127
72 178 127
72 177 127
72 177 126
71 177 126
71 177 126
71 177 126
71 177 126
71 177 125
71 177 125
71 177 125
70 177 125
70 177 125
70 177 125
70 176 124
70 176 124
70 176 124
70 176 124
69 176 124
69 176 124
69 176 123
69 176 123
69 176 123
69 176 123
69 176 123
68 176 122
68 176 122
68 175 122
68 175 122
68 175 122
68 175 122
68 175 121
67 175 121
67 175 121
67 175 121
67 175 121
67 175 120
67 175 120
67 175 120
66 175 120
66 174 120
66 174 120
66 174 119
66 174 119
66 174 119
66 174 119
65 174 119
65 174 118
65 174 118
65 174 118
65 174 118
65 174 118
65 174 118
64 173 117
64 173 117
64 173 117
64 173 117
64 173 117
64 173 116
64 173 116
64 172 116
63 172 116
63 172 116
63 172 115
63 172 115
63 172 115
63 172 115
63 171 115
63 171 115
63 171 114
62 171 114
62 171 114
62 171 114
62 171 114
62 171 113
62 170 113
62 170 113
62 170 113
61 170 113
61 170 112
61 170 112
61 170 112
61 169 112
61 169 112
61 169 111
61 169 111
61 169 111
60 169 111
60 169 111
60 168 110
60 168 110
60 168 110
60 168 110
60 168 110
60 168 110
60 168 109
59 168 109
59 167 109
59 167 109
59 167 109
59 167 108
59 167 108
59 167 108
59 167 108
58 166 108
58 166 107
58 166 107
58 166 107
58 166 107
58 166 107
58 166 106
58 165 106
58 165 106
57 165 106
57 165 106
57 165 106
57 165 105
57 165 105
57 165 105
57 164 105
57 164 105
56 164 104
56 164 104
56 164 104
56 164 104
56 164 104
56 163 103
56 163 103
56 163 103
56 163 103
55 163 103
55 163 102
55 163 102
55 162 102
55 162 102
55 162 102
55 162 101
55 162 101
54 162 101
54 162 101
54 162 101
54 161 101
54 161 100
54 161 100
54 161 100
54 161 100
54 161 100
53 161 99
53 160 99
53 160 99
53 160 99
53 160 99
53 160 98
53 160 98
53 160 98
52 159 98
52 159 98
52 159 97
52 159 97
52 159 97
52 159 97
52 159 97
52 159 97
52 158 96
51 158 96
51 158 96
51 158 96
51 158 96
51 158 95
51 158 95
51 157 95
51 157 95
50 157 95
50 157 94
50 157 94
50 157 94
50 157 94
50 156 94
50 156 93
50 156 93
50 156 93
49 156 93
49 156 93
49 156 92
49 155 92
49 155 92
49 155 92
49 155 92
49 155 92
48 155 91
48 155 91
48 155 91
48 154 91
48 154 91
48 154 90
48 154 90
48 154 90
48 154 90
47 154 90
47 153 89
47 153 89
47 153 89
47 153 89
47 153 89
47 153 88
47 153 88
46 152 88
46 152 88
46 152 88
46 152 88
46 152 87
46 152 87
46 152 87
46 152 87
46 151 87
45 151 86
45 151 86
45 151 86
45 151 86
45 151 86
45 151 85
45 150 85
45 150 85
44 150 85
44 150 85
44 150 84
44 150 84
44 150 84
44 149 84
44 149 84
44 149 83
44 149 83
43 149 83
43 149 83
43 149 83
43 149 83
43 148 82
43 148 82
43 148 82
43 148 82
43 148 82
42 148 81
42 148 81
42 147 81
42 147 81
42 147 81
42 147 80
42 147 80
42 147 80
41 147 80
41 146 80
41 146 79
41 146 79
41 146 79
41 146 79
41 146 79
41 146 79
41 146 78
40 145 78
40 145 78
40 145 78
40 145 78
40 145 77
40 145 77
40 145 77
40 144 77
39 144 77
39 144 76
39 144 76
39 144 76
39 144 76
39 144 76
39 143 75
39 143 75
39 143 75
38 143 75
38 143 75
38 143 74
38 143 74
38 143 74
38 142 74
38 142 74
38 142 74
37 142 73
37 142 73
37 142 73
37 142 73
37 141 73
37 141 72
37 141 72
37 141 72
37 141 72
36 141 72
36 141 71
36 140 71
36 140 71
36 140 71
36 140 71
36 140 70
36 140 70
35 140 70
35 139 70
35 139 70
35 139 70
35 139 69
35 139 69
35 139 69
35 139 69
35 139 69
34 138 68
34 138 68
34 138 68
34 138 68
34 138 68
34 138 68
34 138 68
33 138 68
33 137 68
33 137 68
33 137 67
33 137 67
33 137 67
33 137 67
32 137 67
32 137 67
32 137 67
32 136 67
32 136 67
32 136 67
32 136 66
32 136 66
31 136 66
31 136 66
31 136 66
31 135 66
31 135 66
31 135 66
31 135 66
30 135 66
30 135 65
30 135 65
30 135 65
30 135 65
30 134 65
30 134 65
29 134 65
29 134 65
29 134 65
29 134 65
29 134 65
29 134 64
29 133 64
29 133 64
28 133 64
28 133 64
28 133 64
28 133 64
28 133 64
28 133 64
28 133 64
27 132 63
27 132 63
27 132 63
27 132 63
27 132 63
27 132 63
27 132 63
26 132 63
26 131 63
26 131 63
26 131 62
26 131 62
26 131 62
26 131 62
26 131 62
25 131 62
25 131 62
25 130 62
25 130 62
25 130 62
25 130 61
25 130 61
24 130 61
24 130 61
24 130 61
24 130 61
24 129 61
24 129 61
24 129 61
23 129 61
23 129 61
23 129 60
23 129 60
23 129 60
23 128 60
23 128 60
22 128 60
22 128 60
22 128 60
22 128 60
22 128 60
22 128 59
22 128 59
22 127 59
21 127 59
21 127 59
21 127 59
21 127 59
21 127 59
21 127 59
21 127 59
20 126 58
20 126 58
20 126 58
20 126 58
20 126 58
20 126 58
20 126 58
19 126 58
19 126 58
19 125 58
19 125 57
19 125 57
19 125 57
19 125 57
19 125 57
18 125 57
18 125 57
18 124 57
18 124 57
18 124 57
18 124 57
18 124 56
17 124 56
17 124 56
17 124 56
17 124 56
17 123 56
17 123 56
17 123 56
16 123 56
16 123 56
16 123 55
16 123 55
16 123 55
16 122 55
16 122 55
16 122 55
15 122 55
15 122 55
15 122 55
15 122 55
15 122 54
15 122 54
15 121 54
14 121 54
14 121 54
14 121 54
14 121 54
14 121 54
14 121 54
14 121 54
13 120 53
13 120 53
13 120 53
13 120 53
13 120 53
13 120 53
13 120 53
13 120 53
12 120 53
12 119 53
12 119 53
12 119 52
12 119 52
12 119 52
12 119 52
11 119 52
11 119 52
11 118 52
11 118 52
11 118 52
11 118 52
11 118 51
10 118 51
10 118 51
10 118 51
10 118 51
10 117 51
10 117 51
10 117 51
10 117 51
9 117 51
9 117 50
9 117 50
9 117 50
9 116 50
9 116 50
9 116 50
8 116 50
8 116 50
8 116 50
8 116 50
8 116 49
8 116 49
8 115 49
7 115 49
7 115 49
7 115 49
7 115 49
7 115 49
7 115 49
7 115 49
6 114 48
6 114 48
6 114 48
6 114 48
6 114 48
6 114 48
6 114 48
6 114 48
5 114 48
5 113 48
5 113 48
5 113 47
5 113 47
5 113 47
5 113 47
4 113 47
4 113 47
4 113 47
4 112 47
4 112 47
4 112 47
4 112 46
3 112 46
3 112 46
3 112 46
3 112 46
3 111 46
3 111 46
3 111 46
3 111 46
2 111 46
2 111 45
2 111 45
2 111 45
2 111 45
2 110 45
2 110 45
1 110 45
1 110 45
1 110 45
1 110 45
1 110 44
1 110 44
1 109 44
0 109 44
0 109 44
0 109 44
0 109 44
0 109 44
0 109 44
0 109 44
0 109 44
0 108 43
0 108 43
0 108 43
0 108 43
0 108 43
0 108 43
0 107 43
0 107 43
0 107 43
0 107 43
0 107 43
0 107 43
0 106 43
0 106 43
0 106 43
0 106 42
0 106 42
0 106 42
0 105 42
0 105 42
0 105 42
0 105 42
0 105 42
0 105 42
0 105 42
0 104 42
0 104 42
0 104 42
0 104 42
0 104 42
0 104 41
0 103 41
0 103 41
0 103 41
0 103 41
0 103 41
0 103 41
0 102 41
0 102 41
0 102 41
0 102 41
0 102 41
0 102 41
0 101 41
0 101 41
0 101 40
0 101 40
0 101 40
0 101 40
0 101 40
0 100 40
0 100 40
0 100 40
0 100 40
0 100 40
0 100 40
0 99 40
0 99 40
0 99 40
0 99 40
0 99 39
0 99 39
0 98 39
0 98 39
0 98 39
0 98 39
0 98 39
0 98 39
0 97 39
0 97 39
0 97 39
0 97 39
0 97 39
0 97 39
0 97 39
0 96 38
0 96 38
0 96 38
0 96 38
0 96 38
0 96 38
0 95 38
0 95 38
0 95 38
0 95 38
0 95 38
0 95 38
0 94 38
0 94 38
0 94 38
0 94 37
0 94 37
0 94 37
0 93 37
0 93 37
0 93 37
0 93 37
0 93 37
0 93 37
0 92 37
0 92 37
0 92 37
0 92 37
0 92 37
0 92 37
0 92 36
0 91 36
0 91 36
0 91 36
0 91 36
0 91 36
0 91 36
0 90 36
0 90 36
0 90 36
0 90 36
0 90 36
0 90 36
0 89 36
0 89 36
0 89 35
0 89 35
0 89 35
0 89 35
0 88 35
0 88 35
0 88 35
0 88 35
0 88 35
0 88 35
0 88 35
0 87 35
0 87 35
0 87 35
0 87 35
0 87 34
0 87 34
0 86 34
0 86 34
0 86 34
0 86 34
0 86 34
0 86 34
0 85 34
0 85 34
0 85 34
0 85 34
0 85 34
0 85 34
0 84 34
0 84 33
0 84 33
0 84 33
0 84 33
0 84 33
0 84 33
0 83 33
0 83 33
0 83 33
0 83 33
0 83 33
0 83 33
0 82 33
0 82 33
0 82 33
0 82 32
0 82 32
0 82 32
0 81 32
0 81 32
0 81 32
0 81 32
0 81 32
0 81 32
0 80 32
0 80 32
0 80 32
0 80 32
0 80 32
0 80 32
0 80 31
0 79 31
0 79 31
0 79 31
0 79 31
0 79 31
0 79 31
0 78 31
0 78 31
0 78 31
0 78 31
0 78 31
0 78 31
0 77 31
0 77 31
0 77 30
0 77 30
0 77 30
0 77 30
0 76 30
0 76 30
0 76 30
0 76 30
0 76 30
0 76 30
0 76 30
0 75 30
0 75 30
0 75 30
0 75 30
0 75 29
0 75 29
0 74 29
0 74 29
0 74 29
0 74 29
0 74 29
0 74 29
0 73 29
0 73 29
0 73 29
0 73 29
0 73 29
0 73 29
0 72 29
0 72 28
0 72 28
0 72 28
0 72 28
0 72 28
0 72 28
0 71 28
0 71 28
0 71 28
0 71 28
0 71 28
0 71 28
0 70 28
0 70 28
0 70 28
0 70 27
0 70 27
0 70 27
0 69 27
0 69 27
0 69 27
0 69 27
0 69 27
0 69 27
0 68 27
0 68 27
0 68 27
0 68 27
0 68 27
0 68 27
0 68 27
