247 226 227
246 226 227
246 226 227
246 226 227
246 226 227
246 226 227
246 226 227
246 226 227
246 226 227
246 226 227
246 226 227
246 226 227
245 226 227
245 226 227
245 226 227
245 225 227
245 225 227
245 225 227
245 225 227
245 225 227
245 225 227
245 225 227
245 225 227
244 225 226
244 225 226
244 225 226
244 225 226
244 225 226
244 225 226
244 225 226
244 225 226
244 225 226
244 224 226
244 224 226
243 224 226
243 224 226
243 224 226
243 224 226
243 224 226
243 224 226
243 224 226
243 224 226
243 224 226
243 224 226
243 224 226
242 224 226
242 224 226
242 224 226
242 224 226
242 224 226
242 223 226
242 223 226
242 223 226
242 223 226
242 223 225
242 223 225
241 223 225
241 223 225
241 223 225
241 223 225
241 223 225
241 223 225
241 223 225
241 223 225
241 223 225
241 223 225
241 223 225
240 223 225
240 222 225
240 222 225
240 222 225
240 222 225
240 222 225
240 222 225
240 222 225
240 222 225
240 222 225
240 222 225
239 222 225
239 222 225
239 222 225
239 222 225
239 222 225
239 222 225
239 222 225
239 222 225
239 221 224
239 221 224
239 221 224
239 221 224
238 221 224
238 221 224
238 221 224
238 221 224
238 221 224
238 221 224
238 221 224
238 221 224
238 221 224
238 221 224
238 221 224
237 221 224
237 221 224
237 221 224
237 220 224
237 220 224
237 220 224
237 220 224
237 220 224
237 220 224
237 220 224
237 220 224
236 220 224
236 220 224
236 220 224
236 220 224
236 220 224
236 220 223
236 220 223
236 220 223
236 220 223
236 219 223
236 219 223
235 219 223
235 219 223
235 219 223
235 219 223
235 219 223
235 219 223
235 219 223
235 219 223
235 219 223
235 219 223
235 219 223
234 219 223
234 219 223
234 219 223
234 219 223
234 219 223
234 218 223
234 218 223
234 218 223
234 218 223
234 218 223
234 218 223
233 218 223
233 218 223
233 218 223
233 218 223
233 218 222
233 218 222
233 218 222
233 218 222
233 218 222
233 218 222
233 218 222
232 218 222
232 217 222
232 217 222
232 217 222
232 217 222
232 217 222
232 217 222
232 217 222
232 217 222
232 217 222
232 217 222
231 217 222
231 217 222
231 217 222
231 217 222
231 217 222
231 217 222
231 217 222
231 217 222
231 216 222
231 216 222
231 216 222
231 216 222
230 216 222
230 216 222
230 216 221
230 216 221
230 216 221
230 216 221
230 216 221
230 216 221
230 216 221
230 216 221
230 216 221
229 216 221
229 216 221
229 215 221
229 215 221
229 215 221
229 215 221
229 215 221
229 215 221
229 215 221
229 215 221
229 215 221
228 215 221
228 215 221
228 215 221
228 215 221
228 215 221
228 215 221
228 215 221
228 215 221
228 215 221
228 214 221
228 214 221
227 214 220
227 214 220
227 214 220
227 214 220
227 214 220
227 214 220
227 214 220
227 214 220
227 214 220
227 214 220
227 214 220
226 214 220
226 214 220
226 214 220
226 214 220
226 214 220
226 213 220
226 213 220
226 213 220
226 213 220
226 213 220
226 213 220
225 213 220
225 213 220
225 213 220
225 213 220
225 213 220
225 213 220
225 213 220
225 213 220
225 213 220
225 213 220
225 213 219
224 213 219
224 212 219
224 212 219
224 212 219
224 212 219
224 212 219
224 212 219
224 212 219
224 212 219
224 212 219
224 212 219
223 212 219
223 212 219
223 212 219
223 212 219
223 212 219
223 211 219
223 211 219
223 211 219
222 211 219
222 211 219
222 211 219
222 211 219
222 211 219
222 211 218
222 211 218
222 211 218
221 210 218
221 210 218
221 210 218
221 210 218
221 210 218
221 210 218
221 210 218
221 210 218
220 210 218
220 210 218
220 210 218
220 210 218
220 209 218
220 209 218
220 209 218
219 209 218
219 209 218
219 209 217
219 209 217
219 209 217
219 209 217
219 209 217
219 209 217
218 208 217
218 208 217
218 208 217
218 208 217
218 208 217
218 208 217
218 208 217
218 208 217
217 208 217
217 208 217
217 208 217
217 207 217
217 207 217
217 207 217
217 207 216
217 207 216
216 207 216
216 207 216
216 207 216
216 207 216
216 207 216
216 207 216
216 207 216
215 206 216
215 206 216
215 206 216
215 206 216
215 206 216
215 206 216
215 206 216
215 206 216
214 206 216
214 206 216
214 206 216
214 205 215
214 205 215
214 205 215
214 205 215
214 205 215
213 205 215
213 205 215
213 205 215
213 205 215
213 205 215
213 205 215
213 205 215
213 204 215
212 204 215
212 204 215
212 204 215
212 204 215
212 204 215
212 204 215
212 204 215
211 204 215
211 204 214
211 204 214
211 203 214
211 203 214
211 203 214
211 203 214
211 203 214
210 203 214
210 203 214
210 203 214
210 203 214
210 203 214
210 203 214
210 202 214
210 202 214
209 202 214
209 202 214
209 202 214
209 202 214
209 202 214
209 202 213
209 202 213
209 202 213
208 202 213
208 202 213
208 201 213
208 201 213
208 201 213
208 201 213
208 201 213
207 201 213
207 201 213
207 201 213
207 201 213
207 201 213
207 201 213
207 200 213
207 200 213
206 200 213
206 200 213
206 200 212
206 200 212
206 200 212
206 200 212
206 200 212
206 200 212
205 200 212
205 199 212
205 199 212
205 199 212
205 199 212
205 199 212
205 199 212
205 199 212
204 199 212
204 199 212
204 199 212
204 199 212
204 199 212
204 198 212
204 198 212
203 198 211
203 198 211
203 198 211
203 198 211
203 198 211
203 198 211
203 198 211
203 198 211
202 198 211
202 197 211
202 197 211
202 197 211
202 197 211
202 197 211
202 197 211
202 197 211
201 197 211
201 197 211
201 197 211
201 197 211
201 197 210
201 196 210
201 196 210
201 196 210
200 196 210
200 196 210
200 196 210
200 196 210
200 196 210
200 196 210
200 196 210
199 196 210
199 195 210
199 195 210
199 195 210
199 195 210
199 195 210
199 195 210
199 195 210
198 195 210
198 195 209
198 195 209
198 195 209
198 194 209
198 194 209
198 194 209
198 194 209
197 194 209
197 194 209
197 194 209
197 194 209
197 194 209
197 194 209
197 194 209
197 194 209
196 193 209
196 193 209
196 193 209
196 193 209
196 193 209
196 193 209
196 193 208
195 193 208
195 193 208
195 193 208
195 193 208
195 192 208
195 192 208
195 192 208
195 192 208
194 192 208
194 192 208
194 192 208
194 192 208
194 192 208
194 192 208
194 192 208
194 191 208
193 191 208
193 191 208
193 191 208
193 191 207
193 191 207
193 191 207
193 191 207
193 191 207
192 191 207
192 191 207
192 191 207
192 190 207
192 190 207
192 190 207
192 190 207
191 190 207
191 190 207
191 190 207
191 190 207
191 190 207
191 190 207
191 190 207
191 189 207
190 189 206
190 189 206
190 189 206
190 189 206
190 189 206
190 189 206
190 189 206
190 189 206
189 189 206
189 189 206
189 189 206
189 188 206
189 188 206
189 188 206
189 188 206
189 188 206
188 188 206
188 188 206
188 188 206
188 188 206
188 188 206
188 188 206
188 188 206
188 188 206
187 187 205
187 187 205
187 187 205
187 187 205
187 187 205
187 187 205
187 187 205
186 187 205
186 187 205
186 187 205
186 187 205
186 187 205
186 186 205
186 186 205
186 186 205
185 186 205
185 186 205
185 186 205
185 186 205
185 186 205
185 186 205
185 186 205
185 186 205
184 186 205
184 185 204
184 185 204
184 185 204
184 185 204
184 185 204
184 185 204
184 185 204
183 185 204
183 185 204
183 185 204
183 185 204
183 185 204
183 185 204
183 184 204
182 184 204
182 184 204
182 184 204
182 184 204
182 184 204
182 184 204
182 184 204
182 184 204
181 184 204
181 184 203
181 184 203
181 183 203
181 183 203
181 183 203
181 183 203
181 183 203
180 183 203
180 183 203
180 183 203
180 183 203
180 183 203
180 183 203
180 183 203
180 183 203
179 182 203
179 182 203
179 182 203
179 182 203
179 182 203
179 182 203
179 182 203
178 182 203
178 182 203
178 182 202
178 182 202
178 182 202
178 181 202
178 181 202
178 181 202
177 181 202
177 181 202
177 181 202
177 181 202
177 181 202
177 181 202
177 181 202
177 181 202
176 181 202
176 180 202
176 180 202
176 180 202
176 180 202
176 180 202
176 180 202
176 180 202
175 180 202
175 180 202
175 180 201
175 180 201
175 180 201
175 180 201
175 179 201
174 179 201
174 179 201
174 179 201
174 179 201
174 179 201
174 179 201
174 179 201
174 179 201
173 179 201
173 179 201
173 179 201
173 178 201
173 178 201
173 178 201
173 178 201
173 178 201
172 178 201
172 178 201
172 178 200
172 178 200
172 178 200
172 178 200
172 178 200
172 177 200
171 177 200
171 177 200
171 177 200
171 177 200
171 177 200
171 177 200
171 177 200
170 177 200
170 177 200
170 177 200
170 177 200
170 177 200
170 176 200
170 176 200
170 176 200
169 176 200
169 176 200
169 176 200
169 176 199
169 176 199
169 176 199
169 176 199
169 176 199
168 176 199
168 175 199
168 175 199
168 175 199
168 175 199
168 175 199
168 175 199
168 175 199
167 175 199
167 175 199
167 175 199
167 175 199
167 175 199
167 174 199
167 174 199
166 174 199
166 174 199
166 174 199
166 174 199
166 174 198
166 174 198
166 174 198
166 174 198
165 174 198
165 174 198
165 174 198
165 173 198
165 173 198
165 173 198
165 173 198
165 173 198
164 173 198
164 173 198
164 173 198
164 173 198
164 173 198
164 173 198
164 173 198
164 172 198
163 172 198
163 172 198
163 172 198
163 172 197
163 172 197
163 172 197
163 172 197
162 172 197
162 172 197
162 172 197
162 172 197
162 172 197
162 171 197
162 171 197
162 171 197
161 171 197
161 171 197
161 171 197
161 171 197
161 171 197
161 171 197
161 171 197
161 171 197
160 171 197
160 170 197
160 170 197
160 170 197
160 170 196
160 170 196
160 170 196
160 170 196
159 170 196
159 170 196
159 170 196
159 170 196
159 170 196
159 169 196
159 169 196
158 169 196
158 169 196
158 169 196
158 169 196
158 169 196
158 169 196
158 169 196
158 169 196
157 169 196
157 169 196
157 168 196
157 168 195
157 168 195
157 168 195
157 168 195
157 168 195
157 168 195
157 167 195
157 167 195
157 167 195
157 167 195
157 167 195
156 167 195
156 167 195
156 167 195
156 166 194
156 166 194
156 166 194
156 166 194
156 166 194
156 166 194
156 166 194
156 165 194
156 165 194
156 165 194
156 165 194
156 165 194
155 165 194
155 165 194
155 165 193
155 164 193
155 164 193
155 164 193
155 164 193
155 164 193
155 164 193
155 164 193
155 163 193
155 163 193
155 163 193
155 163 193
154 163 193
154 163 193
154 163 193
154 163 192
154 162 192
154 162 192
154 162 192
154 162 192
154 162 192
154 162 192
154 162 192
154 161 192
154 161 192
154 161 192
153 161 192
153 161 192
153 161 192
153 161 191
153 160 191
153 160 191
153 160 191
153 160 191
153 160 191
153 160 191
153 160 191
153 160 191
153 159 191
153 159 191
152 159 191
152 159 191
152 159 191
152 159 190
152 159 190
152 158 190
152 158 190
152 158 190
152 158 190
152 158 190
152 158 190
152 158 190
152 158 190
152 157 190
151 157 190
151 157 190
151 157 190
151 157 189
151 157 189
151 157 189
151 156 189
151 156 189
151 156 189
151 156 189
151 156 189
151 156 189
151 156 189
151 156 189
151 155 189
150 155 189
150 155 189
150 155 188
150 155 188
150 155 188
150 155 188
150 154 188
150 154 188
150 154 188
150 154 188
150 154 188
150 154 188
150 154 188
150 154 188
149 153 188
149 153 188
149 153 188
149 153 187
149 153 187
149 153 187
149 153 187
149 152 187
149 152 187
149 152 187
149 152 187
149 152 187
149 152 187
149 152 187
148 152 187
148 151 187
148 151 187
148 151 186
148 151 186
148 151 186
148 151 186
148 151 186
148 150 186
148 150 186
148 150 186
148 150 186
148 150 186
148 150 186
147 150 186
147 150 186
147 149 186
147 149 185
147 149 185
147 149 185
147 149 185
147 149 185
147 149 185
147 148 185
147 148 185
147 148 185
147 148 185
147 148 185
146 148 185
146 148 185
146 148 185
146 147 184
146 147 184
146 147 184
146 147 184
146 147 184
146 147 184
146 147 184
146 146 184
146 146 184
146 146 184
146 146 184
146 146 184
145 146 184
145 146 184
145 146 184
145 145 183
145 145 183
145 145 183
145 145 183
145 145 183
145 145 183
145 145 183
145 144 183
145 144 183
145 144 183
145 144 183
144 144 183
144 144 183
144 144 183
144 144 182
144 143 182
144 143 182
144 143 182
144 143 182
144 143 182
144 143 182
144 143 182
144 142 182
144 142 182
144 142 182
143 142 182
143 142 182
143 142 182
143 142 181
143 142 181
143 141 181
143 141 181
143 141 181
143 141 181
143 141 181
143 141 181
143 141 181
143 140 181
143 140 181
142 140 181
142 140 181
142 140 181
142 140 180
142 140 180
142 140 180
142 139 180
142 139 180
142 139 180
142 139 180
142 139 180
142 139 180
142 139 180
142 138 180
142 138 180
141 138 180
141 138 180
141 138 179
141 138 179
141 138 179
141 138 179
141 137 179
141 137 179
141 137 179
141 137 179
141 137 179
141 137 179
141 137 179
141 136 179
140 136 179
140 136 179
140 136 179
140 136 178
140 136 178
140 136 178
140 136 178
140 135 178
140 135 178
140 135 178
140 135 178
140 135 178
140 135 178
140 135 178
140 134 178
140 134 178
140 134 178
140 134 177
140 134 177
140 134 177
140 134 177
140 133 177
140 133 177
140 133 177
140 133 177
140 133 177
140 133 177
140 132 177
140 132 177
140 132 177
140 132 176
140 132 176
140 132 176
140 132 176
140 131 176
140 131 176
140 131 176
140 131 176
140 131 176
140 131 176
140 130 176
140 130 176
140 130 176
140 130 176
140 130 175
140 130 175
140 130 175
140 129 175
140 129 175
140 129 175
140 129 175
140 129 175
140 129 175
140 129 175
140 128 175
140 128 175
140 128 175
140 128 174
140 128 174
140 128 174
140 127 174
140 127 174
140 127 174
140 127 174
140 127 174
140 127 174
140 127 174
140 126 174
140 126 174
140 126 174
140 126 174
140 126 173
140 126 173
140 126 173
140 125 173
140 125 173
140 125 173
140 125 173
140 125 173
140 125 173
140 124 173
140 124 173
140 124 173
140 124 173
140 124 172
140 124 172
140 124 172
140 123 172
140 123 172
140 123 172
140 123 172
140 123 172
140 123 172
140 122 172
140 122 172
140 122 172
140 122 172
140 122 172
140 122 171
140 122 171
140 121 171
140 121 171
140 121 171
140 121 171
140 121 171
140 121 171
140 121 171
140 120 171
140 120 171
140 120 171
140 120 171
140 120 170
140 120 170
140 119 170
140 119 170
140 119 170
140 119 170
140 119 170
140 119 170
140 119 170
140 118 170
140 118 170
140 118 170
140 118 170
140 118 170
140 118 169
140 117 169
140 117 169
140 117 169
140 117 169
140 117 169
140 117 169
140 117 169
140 116 169
140 116 169
140 116 169
140 116 169
140 116 169
140 116 169
140 116 168
140 115 168
140 115 168
140 115 168
140 115 168
140 115 168
140 115 168
140 114 168
140 114 168
140 114 168
140 114 168
140 114 168
140 114 168
140 114 167
140 113 167
140 113 167
140 113 167
140 113 167
140 113 167
140 113 167
140 112 167
140 112 167
140 112 167
140 112 167
140 112 167
140 112 167
140 112 167
140 111 166
140 111 166
140 111 166
140 111 166
140 111 166
140 111 166
140 111 166
140 110 166
140 110 166
140 110 166
140 110 166
140 110 166
140 110 166
140 109 165
140 109 165
140 109 165
140 109 165
140 109 165
140 109 165
140 109 165
140 108 165
140 108 165
140 108 165
140 108 165
140 108 165
140 108 165
140 108 165
140 107 164
140 107 164
140 107 164
140 107 164
140 107 164
140 107 164
140 106 164
140 106 164
140 106 164
140 106 164
140 106 164
140 106 164
140 106 164
140 105 163
140 105 163
140 105 163
140 105 163
140 105 163
140 105 163
140 104 163
140 104 163
140 104 163
140 104 163
140 104 163
140 104 163
140 104 163
140 103 163
140 103 162
140 103 162
140 103 162
140 103 162
140 103 162
140 103 162
140 102 162
140 102 162
140 102 162
140 102 162
140 102 162
140 102 162
140 101 162
140 101 161
140 101 161
140 101 161
140 101 161
140 101 161
140 101 161
140 100 161
140 100 161
140 100 161
140 100 161
140 100 161
140 100 161
140 99 161
140 99 161
140 99 160
140 99 160
140 99 160
140 99 160
140 99 160
140 98 160
140 98 160
140 98 160
140 98 160
140 98 160
140 98 160
140 98 160
140 97 160
140 97 159
140 97 159
140 97 159
140 97 159
140 97 159
140 96 159
140 96 159
140 96 159
140 96 159
140 96 159
139 96 159
139 96 159
139 95 159
139 95 159
139 95 158
139 95 158
139 95 158
139 95 158
139 95 158
139 94 158
139 94 158
139 94 158
139 94 158
139 94 158
139 94 158
139 93 158
139 93 158
139 93 158
139 93 157
139 93 157
139 93 157
139 93 157
139 92 157
139 92 157
139 92 157
139 92 157
139 92 157
139 92 157
139 92 157
139 91 157
139 91 157
139 91 157
139 91 157
139 91 156
139 91 156
139 91 156
139 90 156
139 90 156
139 90 156
139 90 156
139 90 156
139 90 156
139 90 156
139 89 156
139 89 156
139 89 156
139 89 156
139 89 155
139 89 155
139 88 155
139 88 155
139 88 155
139 88 155
139 88 155
139 88 155
139 88 155
139 87 155
139 87 155
139 87 155
139 87 155
139 87 155
139 87 154
139 87 154
139 86 154
138 86 154
138 86 154
138 86 154
138 86 154
138 86 154
138 86 154
138 85 154
138 85 154
138 85 154
138 85 154
138 85 154
138 85 153
138 84 153
138 84 153
138 84 153
138 84 153
138 84 153
138 84 153
138 84 153
138 83 153
138 83 153
138 83 153
138 83 153
138 83 153
138 83 153
138 83 152
138 82 152
138 82 152
138 82 152
138 82 152
138 82 152
138 82 152
138 82 152
138 81 152
138 81 152
138 81 152
138 81 152
138 81 152
138 81 152
138 80 152
138 80 151
138 80 151
138 80 151
138 80 151
138 80 151
138 80 151
138 79 151
138 79 151
138 79 151
138 79 151
138 79 151
138 79 151
138 79 151
138 78 151
138 78 150
138 78 150
138 78 150
138 78 150
138 78 150
138 78 150
138 77 150
138 77 150
138 77 150
138 77 150
137 77 150
137 77 150
137 77 150
137 76 150
137 76 149
137 76 149
137 76 149
137 76 149
137 76 149
137 75 149
137 75 149
137 75 149
137 75 149
137 75 149
137 75 149
137 75 149
137 74 149
137 74 149
137 74 148
137 74 148
137 74 148
137 74 148
137 74 148
137 73 148
137 73 148
137 73 148
137 73 148
137 73 148
137 73 148
137 73 148
137 72 148
137 72 148
137 72 148
137 72 147
137 72 147
137 72 147
137 71 147
137 71 147
137 71 147
137 71 147
137 71 147
137 71 147
137 71 147
137 70 147
137 70 147
137 70 147
137 70 147
137 70 146
137 70 146
137 70 146
137 69 146
137 69 146
137 69 146
137 69 146
137 69 146
137 69 146
137 69 146
137 68 146
137 68 146
137 68 146
137 68 146
137 68 145
137 68 145
137 67 145
136 67 145
136 67 145
136 67 145
136 67 145
136 67 145
136 67 145
136 66 145
136 66 145
136 66 145
136 66 145
136 66 145
136 66 144
136 66 144
136 65 144
136 65 144
136 65 144
136 65 144
136 65 144
136 65 144
136 65 144
136 64 144
136 64 144
136 64 144
136 64 144
136 64 144
136 64 143
136 64 143
136 63 143
136 63 143
136 63 143
136 63 143
136 63 143
136 63 143
136 62 143
136 62 143
136 62 143
136 62 143
136 62 143
136 62 143
136 62 143
136 61 142
136 61 142
136 61 142
136 61 142
136 61 142
136 61 142
136 61 142
136 60 142
136 60 142
136 60 142
136 60 142
136 60 142
136 60 142
136 60 142
136 59 141
136 59 141
136 59 141
136 59 141
136 59 141
136 59 141
136 58 141
136 58 141
136 58 141
136 58 141
135 58 141
135 58 141
135 58 140
135 57 140
135 57 140
135 57 140
135 57 140
135 57 140
135 56 140
135 56 140
135 56 140
135 56 139
135 56 139
135 56 139
135 55 139
135 55 139
135 55 139
135 55 139
135 55 139
135 55 139
135 54 138
135 54 138
135 54 138
135 54 138
135 54 138
135 53 138
135 53 138
135 53 138
135 53 137
135 53 137
135 53 137
135 52 137
135 52 137
135 52 137
135 52 137
135 52 137
134 52 137
134 51 136
134 51 136
134 51 136
134 51 136
134 51 136
134 50 136
134 50 136
134 50 136
134 50 135
134 50 135
134 50 135
134 49 135
134 49 135
134 49 135
134 49 135
134 49 135
134 49 135
134 48 134
134 48 134
134 48 134
134 48 134
134 48 134
134 47 134
134 47 134
134 47 134
134 47 134
134 47 133
134 47 133
134 46 133
134 46 133
134 46 133
134 46 133
134 46 133
134 46 133
134 45 132
134 45 132
133 45 132
133 45 132
133 45 132
133 45 132
133 44 132
133 44 132
133 44 132
133 44 131
133 44 131
133 43 131
133 43 131
133 43 131
133 43 131
133 43 131
133 43 131
133 42 130
133 42 130
133 42 130
133 42 130
133 42 130
133 42 130
133 41 130
133 41 130
133 41 130
133 41 129
133 41 129
133 40 129
133 40 129
133 40 129
133 40 129
133 40 129
133 40 129
133 39 129
133 39 128
133 39 128
133 39 128
132 39 128
132 39 128
132 38 128
132 38 128
132 38 128
132 38 127
132 38 127
132 37 127
132 37 127
132 37 127
132 37 127
132 37 127
132 37 127
132 36 127
132 36 126
132 36 126
132 36 126
132 36 126
132 36 126
132 35 126
132 35 126
132 35 126
132 35 126
132 35 125
132 34 125
132 34 125
132 34 125
132 34 125
132 34 125
132 34 125
132 33 125
132 33 124
132 33 124
132 33 124
132 33 124
132 33 124
132 32 124
131 32 124
131 32 124
131 32 124
131 32 123
131 31 123
131 31 123
131 31 123
131 31 123
131 31 123
131 31 123
131 30 123
131 30 122
131 30 122
131 30 122
131 30 122
131 30 122
131 29 122
131 29 122
131 29 122
131 29 122
131 29 121
131 28 121
131 28 121
131 28 121
131 28 121
131 28 121
131 28 121
131 27 121
131 27 121
131 27 120
131 27 120
131 27 120
131 27 120
131 26 120
131 26 120
131 26 120
131 26 120
130 26 119
130 26 119
130 25 119
130 25 119
130 25 119
130 25 119
130 25 119
130 24 119
130 24 119
130 24 118
130 24 118
130 24 118
130 24 118
130 23 118
130 23 118
130 23 118
130 23 118
130 23 117
130 23 117
130 22 117
130 22 117
130 22 117
130 22 117
130 22 117
130 21 117
130 21 117
130 21 116
130 21 116
130 21 116
130 21 116
130 20 116
130 20 116
130 20 116
130 20 116
130 20 116
130 20 115
129 19 115
129 19 115
129 19 115
129 19 115
129 19 115
129 18 115
129 18 115
129 18 114
129 18 114
129 18 114
129 18 114
129 17 114
129 17 114
129 17 114
129 17 114
129 17 114
129 17 113
129 16 113
129 16 113
129 16 113
129 16 113
129 16 113
129 15 113
129 15 113
129 15 113
129 15 112
129 15 112
129 15 112
129 14 112
129 14 112
129 14 112
129 14 112
129 14 112
129 14 111
129 13 111
129 13 111
129 13 111
128 13 111
128 13 111
128 13 111
128 13 110
128 13 110
127 13 110
127 13 110
127 13 110
127 13 110
126 12 109
126 12 109
126 12 109
126 12 109
126 12 109
125 12 109
125 12 108
125 12 108
125 12 108
125 12 108
124 12 108
124 12 108
124 12 107
124 12 107
124 12 107
123 12 107
123 12 107
123 12 106
123 12 106
123 11 106
122 11 106
122 11 106
122 11 106
122 11 105
122 11 105
121 11 105
121 11 105
121 11 105
121 11 105
121 11 104
120 11 104
120 11 104
120 11 104
120 11 104
120 11 104
119 11 103
119 11 103
119 11 103
119 10 103
119 10 103
118 10 103
118 10 102
118 10 102
118 10 102
118 10 102
117 10 102
117 10 101
117 10 101
117 10 101
117 10 101
116 10 101
116 10 101
116 10 100
116 10 100
116 10 100
115 10 100
115 10 100
115 9 100
115 9 99
115 9 99
114 9 99
114 9 99
114 9 99
114 9 99
113 9 98
113 9 98
113 9 98
113 9 98
113 9 98
112 9 98
112 9 97
112 9 97
112 9 97
112 9 97
111 9 97
111 9 96
111 8 96
111 8 96
111 8 96
110 8 96
110 8 96
110 8 95
110 8 95
110 8 95
109 8 95
109 8 95
109 8 95
109 8 94
109 8 94
108 8 94
108 8 94
108 8 94
108 8 94
108 8 93
107 8 93
107 7 93
107 7 93
107 7 93
107 7 93
106 7 92
106 7 92
106 7 92
106 7 92
106 7 92
105 7 91
105 7 91
105 7 91
105 7 91
105 7 91
104 7 91
104 7 90
104 7 90
104 7 90
104 7 90
103 6 90
103 6 90
103 6 89
103 6 89
103 6 89
102 6 89
102 6 89
102 6 89
102 6 88
101 6 88
101 6 88
101 6 88
101 6 88
101 6 88
100 6 87
100 6 87
100 6 87
100 6 87
100 6 87
99 5 86
99 5 86
99 5 86
99 5 86
99 5 86
98 5 86
98 5 85
98 5 85
98 5 85
98 5 85
97 5 85
97 5 85
97 5 84
97 5 84
97 5 84
96 5 84
96 5 84
96 5 84
96 5 83
96 4 83
95 4 83
95 4 83
95 4 83
95 4 83
95 4 82
94 4 82
94 4 82
94 4 82
94 4 82
94 4 81
93 4 81
93 4 81
93 4 81
93 4 81
93 4 81
92 4 80
92 4 80
92 4 80
92 3 80
92 3 80
91 3 80
91 3 79
91 3 79
91 3 79
91 3 79
90 3 79
90 3 79
90 3 78
90 3 78
90 3 78
89 3 78
89 3 78
89 3 78
89 3 77
88 3 77
88 3 77
88 3 77
88 2 77
88 2 76
87 2 76
87 2 76
87 2 76
87 2 76
87 2 76
86 2 75
86 2 75
86 2 75
86 2 75
86 2 75
85 2 75
85 2 74
85 2 74
85 2 74
85 2 74
84 2 74
84 2 74
84 1 73
84 1 73
84 1 73
83 1 73
83 1 73
83 1 73
83 1 72
83 1 72
82 1 72
82 1 72
82 1 72
82 1 71
82 1 71
81 1 71
81 1 71
81 1 71
81 1 71
81 1 70
80 1 70
80 0 70
80 0 70
80 0 70
80 0 70
79 0 69
79 0 69
79 0 69
79 0 69
79 0 69
78 0 69
78 0 68
78 0 68
78 0 68
78 0 68
77 0 68
77 0 68
77 0 67
77 0 67
77 0 67
