0 31 69
0 31 69
0 31 69
0 31 69
0 31 69
0 31 69
0 31 69
0 31 69
0 31 71
0 31 71
0 31 71
0 31 71
0 31 71
0 31 71
0 31 71
0 31 71
0 32 72
0 32 72
0 32 72
0 32 72
0 32 72
0 32 72
0 32 72
0 32 72
0 33 74
0 33 74
0 33 74
0 33 74
0 33 74
0 33 74
0 33 74
0 33 74
0 33 75
0 33 75
0 33 75
0 33 75
0 33 75
0 33 75
0 33 75
0 33 75
0 34 77
0 34 77
0 34 77
0 34 77
0 34 77
0 34 77
0 34 77
0 34 77
0 35 78
0 35 78
0 35 78
0 35 78
0 35 78
0 35 78
0 35 78
0 35 78
0 35 80
0 35 80
0 35 80
0 35 80
0 35 80
0 35 80
0 35 80
0 35 80
0 36 82
0 36 82
0 36 82
0 36 82
0 36 82
0 36 82
0 36 82
0 36 82
0 36 83
0 36 83
0 36 83
0 36 83
0 36 83
0 36 83
0 36 83
0 36 83
0 37 85
0 37 85
0 37 85
0 37 85
0 37 85
0 37 85
0 37 85
0 37 85
0 38 86
0 38 86
0 38 86
0 38 86
0 38 86
0 38 86
0 38 86
0 38 86
0 38 88
0 38 88
0 38 88
0 38 88
0 38 88
0 38 88
0 38 88
0 38 88
0 39 90
0 39 90
0 39 90
0 39 90
0 39 90
0 39 90
0 39 90
0 39 90
0 39 91
0 39 91
0 39 91
0 39 91
0 39 91
0 39 91
0 39 91
0 39 91
0 40 93
0 40 93
0 40 93
0 40 93
0 40 93
0 40 93
0 40 93
0 40 93
0 41 95
0 41 95
0 41 95
0 41 95
0 41 95
0 41 95
0 41 95
0 41 95
0 41 96
0 41 96
0 41 96
0 41 96
0 41 96
0 41 96
0 41 96
0 41 96
0 42 98
0 42 98
0 42 98
0 42 98
0 42 98
0 42 98
0 42 98
0 42 98
0 42 99
0 42 99
0 42 99
0 42 99
0 42 99
0 42 99
0 42 99
0 42 99
0 43 100
0 43 100
0 43 100
0 43 100
0 43 100
0 43 100
0 43 100
0 43 100
0 43 101
0 43 101
0 43 101
0 43 101
0 43 101
0 43 101
0 43 101
0 43 101
0 44 101
0 44 101
0 44 101
0 44 101
0 44 101
0 44 101
0 44 101
0 44 101
0 44 101
0 44 101
0 44 101
0 44 101
0 44 101
0 44 101
0 44 101
0 44 101
4 45 101
4 45 101
4 45 101
4 45 101
4 45 101
4 45 101
4 45 101
4 45 101
8 46 101
8 46 101
8 46 101
8 46 101
8 46 101
8 46 101
8 46 101
8 46 101
11 46 101
11 46 101
11 46 101
11 46 101
11 46 101
11 46 101
11 46 101
11 46 101
14 47 100
14 47 100
14 47 100
14 47 100
14 47 100
14 47 100
14 47 100
14 47 100
17 48 100
17 48 100
17 48 100
17 48 100
17 48 100
17 48 100
17 48 100
17 48 100
20 48 100
20 48 100
20 48 100
20 48 100
20 48 100
20 48 100
20 48 100
20 48 100
22 49 100
22 49 100
22 49 100
22 49 100
22 49 100
22 49 100
22 49 100
22 49 100
24 49 100
24 49 100
24 49 100
24 49 100
24 49 100
24 49 100
24 49 100
24 49 100
26 50 100
26 50 100
26 50 100
26 50 100
26 50 100
26 50 100
26 50 100
26 50 100
28 51 99
28 51 99
28 51 99
28 51 99
28 51 99
28 51 99
28 51 99
28 51 99
29 51 99
29 51 99
29 51 99
29 51 99
29 51 99
29 51 99
29 51 99
29 51 99
31 52 99
31 52 99
31 52 99
31 52 99
31 52 99
31 52 99
31 52 99
31 52 99
33 53 99
33 53 99
33 53 99
33 53 99
33 53 99
33 53 99
33 53 99
33 53 99
34 53 99
34 53 99
34 53 99
34 53 99
34 53 99
34 53 99
34 53 99
34 53 99
36 54 99
36 54 99
36 54 99
36 54 99
36 54 99
36 54 99
36 54 99
36 54 99
37 55 98
37 55 98
37 55 98
37 55 98
37 55 98
37 55 98
37 55 98
37 55 98
39 55 98
39 55 98
39 55 98
39 55 98
39 55 98
39 55 98
39 55 98
39 55 98
40 56 98
40 56 98
40 56 98
40 56 98
40 56 98
40 56 98
40 56 98
40 56 98
42 56 98
42 56 98
42 56 98
42 56 98
42 56 98
42 56 98
42 56 98
42 56 98
43 57 98
43 57 98
43 57 98
43 57 98
43 57 98
43 57 98
43 57 98
43 57 98
44 58 98
44 58 98
44 58 98
44 58 98
44 58 98
44 58 98
44 58 98
44 58 98
46 58 98
46 58 98
46 58 98
46 58 98
46 58 98
46 58 98
46 58 98
46 58 98
47 59 97
47 59 97
47 59 97
47 59 97
47 59 97
47 59 97
47 59 97
47 59 97
48 60 97
48 60 97
48 60 97
48 60 97
48 60 97
48 60 97
48 60 97
48 60 97
49 60 97
49 60 97
49 60 97
49 60 97
49 60 97
49 60 97
49 60 97
49 60 97
50 61 97
50 61 97
50 61 97
50 61 97
50 61 97
50 61 97
50 61 97
50 61 97
52 61 97
52 61 97
52 61 97
52 61 97
52 61 97
52 61 97
52 61 97
52 61 97
53 62 97
53 62 97
53 62 97
53 62 97
53 62 97
53 62 97
53 62 97
53 62 97
54 63 97
54 63 97
54 63 97
54 63 97
54 63 97
54 63 97
54 63 97
54 63 97
55 63 97
55 63 97
55 63 97
55 63 97
55 63 97
55 63 97
55 63 97
55 63 97
56 64 97
56 64 97
56 64 97
56 64 97
56 64 97
56 64 97
56 64 97
56 64 97
57 65 97
57 65 97
57 65 97
57 65 97
57 65 97
57 65 97
57 65 97
57 65 97
58 65 97
58 65 97
58 65 97
58 65 97
58 65 97
58 65 97
58 65 97
58 65 97
59 66 97
59 66 97
59 66 97
59 66 97
59 66 97
59 66 97
59 66 97
59 66 97
61 66 97
61 66 97
61 66 97
61 66 97
61 66 97
61 66 97
61 66 97
61 66 97
62 67 97
62 67 97
62 67 97
62 67 97
62 67 97
62 67 97
62 67 97
62 67 97
63 68 97
63 68 97
63 68 97
63 68 97
63 68 97
63 68 97
63 68 97
63 68 97
64 68 97
64 68 97
64 68 97
64 68 97
64 68 97
64 68 97
64 68 97
64 68 97
65 69 97
65 69 97
65 69 97
65 69 97
65 69 97
65 69 97
65 69 97
65 69 97
66 70 97
66 70 97
66 70 97
66 70 97
66 70 97
66 70 97
66 70 97
66 70 97
67 70 97
67 70 97
67 70 97
67 70 97
67 70 97
67 70 97
67 70 97
67 70 97
68 71 97
68 71 97
68 71 97
68 71 97
68 71 97
68 71 97
68 71 97
68 71 97
69 71 97
69 71 97
69 71 97
69 71 97
69 71 97
69 71 97
69 71 97
69 71 97
70 72 97
70 72 97
70 72 97
70 72 97
70 72 97
70 72 97
70 72 97
70 72 97
71 73 97
71 73 97
71 73 97
71 73 97
71 73 97
71 73 97
71 73 97
71 73 97
72 73 97
72 73 97
72 73 97
72 73 97
72 73 97
72 73 97
72 73 97
72 73 97
73 74 97
73 74 97
73 74 97
73 74 97
73 74 97
73 74 97
73 74 97
73 74 97
74 75 97
74 75 97
74 75 97
74 75 97
74 75 97
74 75 97
74 75 97
74 75 97
75 75 97
75 75 97
75 75 97
75 75 97
75 75 97
75 75 97
75 75 97
75 75 97
76 76 97
76 76 97
76 76 97
76 76 97
76 76 97
76 76 97
76 76 97
76 76 97
77 76 97
77 76 97
77 76 97
77 76 97
77 76 97
77 76 97
77 76 97
77 76 97
78 77 97
78 77 97
78 77 97
78 77 97
78 77 97
78 77 97
78 77 97
78 77 97
78 78 97
78 78 97
78 78 97
78 78 97
78 78 97
78 78 97
78 78 97
78 78 97
79 78 97
79 78 97
79 78 97
79 78 97
79 78 97
79 78 97
79 78 97
79 78 97
80 79 97
80 79 97
80 79 97
80 79 97
80 79 97
80 79 97
80 79 97
80 79 97
81 79 97
81 79 97
81 79 97
81 79 97
81 79 97
81 79 97
81 79 97
81 79 97
82 80 97
82 80 97
82 80 97
82 80 97
82 80 97
82 80 97
82 80 97
82 80 97
83 81 97
83 81 97
83 81 97
83 81 97
83 81 97
83 81 97
83 81 97
83 81 97
84 81 98
84 81 98
84 81 98
84 81 98
84 81 98
84 81 98
84 81 98
84 81 98
85 82 98
85 82 98
85 82 98
85 82 98
85 82 98
85 82 98
85 82 98
85 82 98
86 83 98
86 83 98
86 83 98
86 83 98
86 83 98
86 83 98
86 83 98
86 83 98
87 83 98
87 83 98
87 83 98
87 83 98
87 83 98
87 83 98
87 83 98
87 83 98
88 84 98
88 84 98
88 84 98
88 84 98
88 84 98
88 84 98
88 84 98
88 84 98
89 85 98
89 85 98
89 85 98
89 85 98
89 85 98
89 85 98
89 85 98
89 85 98
89 85 98
89 85 98
89 85 98
89 85 98
89 85 98
89 85 98
89 85 98
89 85 98
90 86 98
90 86 98
90 86 98
90 86 98
90 86 98
90 86 98
90 86 98
90 86 98
91 86 99
91 86 99
91 86 99
91 86 99
91 86 99
91 86 99
91 86 99
91 86 99
92 87 99
92 87 99
92 87 99
92 87 99
92 87 99
92 87 99
92 87 99
92 87 99
93 88 99
93 88 99
93 88 99
93 88 99
93 88 99
93 88 99
93 88 99
93 88 99
94 88 99
94 88 99
94 88 99
94 88 99
94 88 99
94 88 99
94 88 99
94 88 99
95 89 99
95 89 99
95 89 99
95 89 99
95 89 99
95 89 99
95 89 99
95 89 99
96 90 99
96 90 99
96 90 99
96 90 99
96 90 99
96 90 99
96 90 99
96 90 99
97 90 99
97 90 99
97 90 99
97 90 99
97 90 99
97 90 99
97 90 99
97 90 99
97 91 100
97 91 100
97 91 100
97 91 100
97 91 100
97 91 100
97 91 100
97 91 100
98 91 100
98 91 100
98 91 100
98 91 100
98 91 100
98 91 100
98 91 100
98 91 100
99 92 100
99 92 100
99 92 100
99 92 100
99 92 100
99 92 100
99 92 100
99 92 100
100 93 100
100 93 100
100 93 100
100 93 100
100 93 100
100 93 100
100 93 100
100 93 100
101 93 100
101 93 100
101 93 100
101 93 100
101 93 100
101 93 100
101 93 100
101 93 100
102 94 101
102 94 101
102 94 101
102 94 101
102 94 101
102 94 101
102 94 101
102 94 101
103 95 101
103 95 101
103 95 101
103 95 101
103 95 101
103 95 101
103 95 101
103 95 101
104 95 101
104 95 101
104 95 101
104 95 101
104 95 101
104 95 101
104 95 101
104 95 101
104 96 101
104 96 101
104 96 101
104 96 101
104 96 101
104 96 101
104 96 101
104 96 101
105 97 102
105 97 102
105 97 102
105 97 102
105 97 102
105 97 102
105 97 102
105 97 102
106 97 102
106 97 102
106 97 102
106 97 102
106 97 102
106 97 102
106 97 102
106 97 102
107 98 102
107 98 102
107 98 102
107 98 102
107 98 102
107 98 102
107 98 102
107 98 102
108 98 102
108 98 102
108 98 102
108 98 102
108 98 102
108 98 102
108 98 102
108 98 102
109 99 103
109 99 103
109 99 103
109 99 103
109 99 103
109 99 103
109 99 103
109 99 103
110 100 103
110 100 103
110 100 103
110 100 103
110 100 103
110 100 103
110 100 103
110 100 103
110 100 103
110 100 103
110 100 103
110 100 103
110 100 103
110 100 103
110 100 103
110 100 103
111 101 103
111 101 103
111 101 103
111 101 103
111 101 103
111 101 103
111 101 103
111 101 103
112 102 104
112 102 104
112 102 104
112 102 104
112 102 104
112 102 104
112 102 104
112 102 104
113 102 104
113 102 104
113 102 104
113 102 104
113 102 104
113 102 104
113 102 104
113 102 104
114 103 104
114 103 104
114 103 104
114 103 104
114 103 104
114 103 104
114 103 104
114 103 104
115 104 105
115 104 105
115 104 105
115 104 105
115 104 105
115 104 105
115 104 105
115 104 105
116 104 105
116 104 105
116 104 105
116 104 105
116 104 105
116 104 105
116 104 105
116 104 105
116 105 105
116 105 105
116 105 105
116 105 105
116 105 105
116 105 105
116 105 105
116 105 105
117 106 106
117 106 106
117 106 106
117 106 106
117 106 106
117 106 106
117 106 106
117 106 106
118 106 106
118 106 106
118 106 106
118 106 106
118 106 106
118 106 106
118 106 106
118 106 106
119 107 106
119 107 106
119 107 106
119 107 106
119 107 106
119 107 106
119 107 106
119 107 106
120 108 107
120 108 107
120 108 107
120 108 107
120 108 107
120 108 107
120 108 107
120 108 107
121 108 107
121 108 107
121 108 107
121 108 107
121 108 107
121 108 107
121 108 107
121 108 107
121 109 107
121 109 107
121 109 107
121 109 107
121 109 107
121 109 107
121 109 107
121 109 107
122 110 107
122 110 107
122 110 107
122 110 107
122 110 107
122 110 107
122 110 107
122 110 107
123 110 107
123 110 107
123 110 107
123 110 107
123 110 107
123 110 107
123 110 107
123 110 107
124 111 108
124 111 108
124 111 108
124 111 108
124 111 108
124 111 108
124 111 108
124 111 108
125 112 108
125 112 108
125 112 108
125 112 108
125 112 108
125 112 108
125 112 108
125 112 108
126 112 108
126 112 108
126 112 108
126 112 108
126 112 108
126 112 108
126 112 108
126 112 108
127 113 108
127 113 108
127 113 108
127 113 108
127 113 108
127 113 108
127 113 108
127 113 108
128 114 108
128 114 108
128 114 108
128 114 108
128 114 108
128 114 108
128 114 108
128 114 108
129 114 108
129 114 108
129 114 108
129 114 108
129 114 108
129 114 108
129 114 108
129 114 108
130 115 108
130 115 108
130 115 108
130 115 108
130 115 108
130 115 108
130 115 108
130 115 108
131 116 108
131 116 108
131 116 108
131 116 108
131 116 108
131 116 108
131 116 108
131 116 108
132 116 108
132 116 108
132 116 108
132 116 108
132 116 108
132 116 108
132 116 108
132 116 108
133 117 108
133 117 108
133 117 108
133 117 108
133 117 108
133 117 108
133 117 108
133 117 108
133 118 108
133 118 108
133 118 108
133 118 108
133 118 108
133 118 108
133 118 108
133 118 108
134 118 108
134 118 108
134 118 108
134 118 108
134 118 108
134 118 108
134 118 108
134 118 108
135 119 108
135 119 108
135 119 108
135 119 108
135 119 108
135 119 108
135 119 108
135 119 108
136 120 108
136 120 108
136 120 108
136 120 108
136 120 108
136 120 108
136 120 108
136 120 108
137 120 108
137 120 108
137 120 108
137 120 108
137 120 108
137 120 108
137 120 108
137 120 108
138 121 108
138 121 108
138 121 108
138 121 108
138 121 108
138 121 108
138 121 108
138 121 108
139 122 108
139 122 108
139 122 108
139 122 108
139 122 108
139 122 108
139 122 108
139 122 108
140 122 108
140 122 108
140 122 108
140 122 108
140 122 108
140 122 108
140 122 108
140 122 108
141 123 108
141 123 108
141 123 108
141 123 108
141 123 108
141 123 108
141 123 108
141 123 108
142 124 108
142 124 108
142 124 108
142 124 108
142 124 108
142 124 108
142 124 108
142 124 108
143 124 107
143 124 107
143 124 107
143 124 107
143 124 107
143 124 107
143 124 107
143 124 107
144 125 107
144 125 107
144 125 107
144 125 107
144 125 107
144 125 107
144 125 107
144 125 107
145 126 107
145 126 107
145 126 107
145 126 107
145 126 107
145 126 107
145 126 107
145 126 107
146 126 107
146 126 107
146 126 107
146 126 107
146 126 107
146 126 107
146 126 107
146 126 107
147 127 107
147 127 107
147 127 107
147 127 107
147 127 107
147 127 107
147 127 107
147 127 107
148 128 107
148 128 107
148 128 107
148 128 107
148 128 107
148 128 107
148 128 107
148 128 107
149 128 107
149 128 107
149 128 107
149 128 107
149 128 107
149 128 107
149 128 107
149 128 107
150 129 107
150 129 107
150 129 107
150 129 107
150 129 107
150 129 107
150 129 107
150 129 107
151 130 107
151 130 107
151 130 107
151 130 107
151 130 107
151 130 107
151 130 107
151 130 107
152 130 106
152 130 106
152 130 106
152 130 106
152 130 106
152 130 106
152 130 106
152 130 106
153 131 106
153 131 106
153 131 106
153 131 106
153 131 106
153 131 106
153 131 106
153 131 106
154 132 106
154 132 106
154 132 106
154 132 106
154 132 106
154 132 106
154 132 106
154 132 106
155 133 106
155 133 106
155 133 106
155 133 106
155 133 106
155 133 106
155 133 106
155 133 106
156 133 106
156 133 106
156 133 106
156 133 106
156 133 106
156 133 106
156 133 106
156 133 106
157 134 106
157 134 106
157 134 106
157 134 106
157 134 106
157 134 106
157 134 106
157 134 106
158 135 105
158 135 105
158 135 105
158 135 105
158 135 105
158 135 105
158 135 105
158 135 105
159 135 105
159 135 105
159 135 105
159 135 105
159 135 105
159 135 105
159 135 105
159 135 105
160 136 105
160 136 105
160 136 105
160 136 105
160 136 105
160 136 105
160 136 105
160 136 105
161 137 105
161 137 105
161 137 105
161 137 105
161 137 105
161 137 105
161 137 105
161 137 105
162 137 105
162 137 105
162 137 105
162 137 105
162 137 105
162 137 105
162 137 105
162 137 105
163 138 104
163 138 104
163 138 104
163 138 104
163 138 104
163 138 104
163 138 104
163 138 104
164 139 104
164 139 104
164 139 104
164 139 104
164 139 104
164 139 104
164 139 104
164 139 104
165 140 104
165 140 104
165 140 104
165 140 104
165 140 104
165 140 104
165 140 104
165 140 104
166 140 104
166 140 104
166 140 104
166 140 104
166 140 104
166 140 104
166 140 104
166 140 104
167 141 103
167 141 103
167 141 103
167 141 103
167 141 103
167 141 103
167 141 103
167 141 103
168 142 103
168 142 103
168 142 103
168 142 103
168 142 103
168 142 103
168 142 103
168 142 103
169 142 103
169 142 103
169 142 103
169 142 103
169 142 103
169 142 103
169 142 103
169 142 103
170 143 103
170 143 103
170 143 103
170 143 103
170 143 103
170 143 103
170 143 103
170 143 103
171 144 102
171 144 102
171 144 102
171 144 102
171 144 102
171 144 102
171 144 102
171 144 102
172 145 102
172 145 102
172 145 102
172 145 102
172 145 102
172 145 102
172 145 102
172 145 102
173 145 102
173 145 102
173 145 102
173 145 102
173 145 102
173 145 102
173 145 102
173 145 102
174 146 101
174 146 101
174 146 101
174 146 101
174 146 101
174 146 101
174 146 101
174 146 101
175 147 101
175 147 101
175 147 101
175 147 101
175 147 101
175 147 101
175 147 101
175 147 101
176 148 101
176 148 101
176 148 101
176 148 101
176 148 101
176 148 101
176 148 101
176 148 101
177 148 100
177 148 100
177 148 100
177 148 100
177 148 100
177 148 100
177 148 100
177 148 100
178 149 100
178 149 100
178 149 100
178 149 100
178 149 100
178 149 100
178 149 100
178 149 100
179 150 100
179 150 100
179 150 100
179 150 100
179 150 100
179 150 100
179 150 100
179 150 100
180 150 99
180 150 99
180 150 99
180 150 99
180 150 99
180 150 99
180 150 99
180 150 99
181 151 99
181 151 99
181 151 99
181 151 99
181 151 99
181 151 99
181 151 99
181 151 99
182 152 99
182 152 99
182 152 99
182 152 99
182 152 99
182 152 99
182 152 99
182 152 99
183 153 98
183 153 98
183 153 98
183 153 98
183 153 98
183 153 98
183 153 98
183 153 98
184 153 98
184 153 98
184 153 98
184 153 98
184 153 98
184 153 98
184 153 98
184 153 98
185 154 98
185 154 98
185 154 98
185 154 98
185 154 98
185 154 98
185 154 98
185 154 98
186 155 97
186 155 97
186 155 97
186 155 97
186 155 97
186 155 97
186 155 97
186 155 97
187 156 97
187 156 97
187 156 97
187 156 97
187 156 97
187 156 97
187 156 97
187 156 97
188 156 96
188 156 96
188 156 96
188 156 96
188 156 96
188 156 96
188 156 96
188 156 96
189 157 96
189 157 96
189 157 96
189 157 96
189 157 96
189 157 96
189 157 96
189 157 96
190 158 96
190 158 96
190 158 96
190 158 96
190 158 96
190 158 96
190 158 96
190 158 96
191 159 95
191 159 95
191 159 95
191 159 95
191 159 95
191 159 95
191 159 95
191 159 95
193 159 95
193 159 95
193 159 95
193 159 95
193 159 95
193 159 95
193 159 95
193 159 95
194 160 94
194 160 94
194 160 94
194 160 94
194 160 94
194 160 94
194 160 94
194 160 94
195 161 94
195 161 94
195 161 94
195 161 94
195 161 94
195 161 94
195 161 94
195 161 94
196 162 93
196 162 93
196 162 93
196 162 93
196 162 93
196 162 93
196 162 93
196 162 93
197 163 93
197 163 93
197 163 93
197 163 93
197 163 93
197 163 93
197 163 93
197 163 93
198 163 92
198 163 92
198 163 92
198 163 92
198 163 92
198 163 92
198 163 92
198 163 92
199 164 92
199 164 92
199 164 92
199 164 92
199 164 92
199 164 92
199 164 92
199 164 92
200 165 91
200 165 91
200 165 91
200 165 91
200 165 91
200 165 91
200 165 91
200 165 91
201 166 91
201 166 91
201 166 91
201 166 91
201 166 91
201 166 91
201 166 91
201 166 91
202 166 90
202 166 90
202 166 90
202 166 90
202 166 90
202 166 90
202 166 90
202 166 90
203 167 90
203 167 90
203 167 90
203 167 90
203 167 90
203 167 90
203 167 90
203 167 90
204 168 89
204 168 89
204 168 89
204 168 89
204 168 89
204 168 89
204 168 89
204 168 89
205 169 88
205 169 88
205 169 88
205 169 88
205 169 88
205 169 88
205 169 88
205 169 88
206 170 88
206 170 88
206 170 88
206 170 88
206 170 88
206 170 88
206 170 88
206 170 88
207 170 87
207 170 87
207 170 87
207 170 87
207 170 87
207 170 87
207 170 87
207 170 87
208 171 87
208 171 87
208 171 87
208 171 87
208 171 87
208 171 87
208 171 87
208 171 87
210 172 86
210 172 86
210 172 86
210 172 86
210 172 86
210 172 86
210 172 86
210 172 86
211 173 85
211 173 85
211 173 85
211 173 85
211 173 85
211 173 85
211 173 85
211 173 85
212 173 85
212 173 85
212 173 85
212 173 85
212 173 85
212 173 85
212 173 85
212 173 85
213 174 84
213 174 84
213 174 84
213 174 84
213 174 84
213 174 84
213 174 84
213 174 84
214 175 83
214 175 83
214 175 83
214 175 83
214 175 83
214 175 83
214 175 83
214 175 83
215 176 83
215 176 83
215 176 83
215 176 83
215 176 83
215 176 83
215 176 83
215 176 83
216 177 82
216 177 82
216 177 82
216 177 82
216 177 82
216 177 82
216 177 82
216 177 82
217 177 81
217 177 81
217 177 81
217 177 81
217 177 81
217 177 81
217 177 81
217 177 81
218 178 81
218 178 81
218 178 81
218 178 81
218 178 81
218 178 81
218 178 81
218 178 81
219 179 80
219 179 80
219 179 80
219 179 80
219 179 80
219 179 80
219 179 80
219 179 80
220 180 79
220 180 79
220 180 79
220 180 79
220 180 79
220 180 79
220 180 79
220 180 79
222 181 78
222 181 78
222 181 78
222 181 78
222 181 78
222 181 78
222 181 78
222 181 78
223 182 77
223 182 77
223 182 77
223 182 77
223 182 77
223 182 77
223 182 77
223 182 77
224 182 77
224 182 77
224 182 77
224 182 77
224 182 77
224 182 77
224 182 77
224 182 77
225 183 76
225 183 76
225 183 76
225 183 76
225 183 76
225 183 76
225 183 76
225 183 76
226 184 75
226 184 75
226 184 75
226 184 75
226 184 75
226 184 75
226 184 75
226 184 75
227 185 74
227 185 74
227 185 74
227 185 74
227 185 74
227 185 74
227 185 74
227 185 74
228 186 73
228 186 73
228 186 73
228 186 73
228 186 73
228 186 73
228 186 73
228 186 73
229 186 72
229 186 72
229 186 72
229 186 72
229 186 72
229 186 72
229 186 72
229 186 72
230 187 71
230 187 71
230 187 71
230 187 71
230 187 71
230 187 71
230 187 71
230 187 71
232 188 70
232 188 70
232 188 70
232 188 70
232 188 70
232 188 70
232 188 70
232 188 70
233 189 69
233 189 69
233 189 69
233 189 69
233 189 69
233 189 69
233 189 69
233 189 69
234 190 68
234 190 68
234 190 68
234 190 68
234 190 68
234 190 68
234 190 68
234 190 68
235 191 67
235 191 67
235 191 67
235 191 67
235 191 67
235 191 67
235 191 67
235 191 67
236 191 66
236 191 66
236 191 66
236 191 66
236 191 66
236 191 66
236 191 66
236 191 66
237 192 65
237 192 65
237 192 65
237 192 65
237 192 65
237 192 65
237 192 65
237 192 65
238 193 64
238 193 64
238 193 64
238 193 64
238 193 64
238 193 64
238 193 64
238 193 64
239 194 63
239 194 63
239 194 63
239 194 63
239 194 63
239 194 63
239 194 63
239 194 63
241 195 62
241 195 62
241 195 62
241 195 62
241 195 62
241 195 62
241 195 62
241 195 62
242 196 60
242 196 60
242 196 60
242 196 60
242 196 60
242 196 60
242 196 60
242 196 60
243 197 59
243 197 59
243 197 59
243 197 59
243 197 59
243 197 59
243 197 59
243 197 59
244 197 58
244 197 58
244 197 58
244 197 58
244 197 58
244 197 58
244 197 58
244 197 58
245 198 56
245 198 56
245 198 56
245 198 56
245 198 56
245 198 56
245 198 56
245 198 56
246 199 55
246 199 55
246 199 55
246 199 55
246 199 55
246 199 55
246 199 55
246 199 55
248 200 53
248 200 53
248 200 53
248 200 53
248 200 53
248 200 53
248 200 53
248 200 53
249 201 52
249 201 52
249 201 52
249 201 52
249 201 52
249 201 52
249 201 52
249 201 52
250 202 50
250 202 50
250 202 50
250 202 50
250 202 50
250 202 50
250 202 50
250 202 50
251 203 48
251 203 48
251 203 48
251 203 48
251 203 48
251 203 48
251 203 48
251 203 48
253 203 47
253 203 47
253 203 47
253 203 47
253 203 47
253 203 47
253 203 47
253 203 47
253 204 46
253 204 46
253 204 46
253 204 46
253 204 46
253 204 46
253 204 46
253 204 46
253 206 47
253 206 47
253 206 47
253 206 47
253 206 47
253 206 47
253 206 47
253 206 47
253 207 48
253 207 48
253 207 48
253 207 48
253 207 48
253 207 48
253 207 48
253 207 48
253 208 49
253 208 49
253 208 49
253 208 49
253 208 49
253 208 49
253 208 49
253 208 49
