0 0 0
0 0 0
0 0 0
0 0 1
0 0 1
0 0 2
0 0 2
1 0 3
1 1 3
1 1 4
1 1 4
1 1 4
1 1 5
1 1 5
2 1 6
2 2 6
2 2 7
2 2 7
2 2 8
2 2 8
2 2 8
3 2 9
3 2 9
3 3 10
3 3 10
3 3 11
3 3 11
4 3 12
4 3 12
4 3 13
4 4 13
4 4 13
4 4 14
4 4 14
5 4 15
5 4 15
5 4 16
5 4 16
5 5 17
5 5 17
5 5 17
6 5 18
6 5 18
6 5 19
6 5 19
6 6 20
6 6 20
7 6 21
7 6 21
7 6 21
7 6 22
7 6 22
7 6 23
7 7 23
8 7 24
8 7 24
8 7 25
8 7 25
8 7 26
8 7 26
8 8 26
9 8 27
9 8 27
9 8 28
9 8 28
9 8 29
9 8 29
10 9 30
10 9 30
10 9 30
10 9 31
10 9 31
10 9 32
10 9 32
11 9 33
11 10 33
11 10 34
11 10 34
11 10 34
11 10 35
11 10 35
12 10 36
12 11 36
12 11 37
12 11 37
12 11 38
12 11 38
13 11 39
13 11 39
13 11 39
13 12 40
13 12 40
13 12 41
13 12 41
14 12 42
14 12 42
14 12 43
14 13 43
14 13 43
14 13 44
14 13 44
15 13 45
15 13 45
15 13 46
15 13 46
15 14 47
15 14 47
15 14 47
16 14 48
16 14 48
16 14 49
16 14 49
16 15 50
16 15 50
17 15 51
17 15 51
17 15 52
17 15 52
17 15 52
17 16 53
17 16 53
18 16 54
18 16 54
18 16 55
18 16 55
18 16 56
18 16 56
18 17 56
19 17 57
19 17 57
19 17 58
19 17 58
19 17 59
19 17 59
20 18 60
20 18 60
20 18 60
20 18 61
20 18 61
20 18 62
20 18 62
21 18 63
21 19 63
21 19 64
21 19 64
21 19 65
21 19 65
21 19 65
22 19 66
22 20 66
22 20 67
22 20 67
22 20 68
22 20 68
23 20 69
23 20 69
23 20 69
23 21 70
23 21 70
23 21 71
23 21 71
24 21 72
24 21 72
24 21 73
24 22 73
24 22 73
24 22 74
24 22 74
25 22 75
25 22 75
25 22 76
25 23 76
25 23 77
25 23 77
26 23 78
26 23 78
26 23 78
26 23 79
26 23 79
26 24 80
26 24 80
27 24 81
27 24 81
27 24 82
27 24 82
27 24 82
27 25 83
27 25 83
28 25 84
28 25 84
28 25 85
28 25 85
28 25 86
28 25 86
29 26 87
29 26 87
29 26 87
29 26 88
29 26 88
29 26 89
29 26 89
30 27 90
30 27 90
30 27 91
30 27 91
30 27 91
30 27 92
30 27 92
31 27 93
31 28 93
31 28 94
31 28 94
31 28 95
31 28 95
31 28 95
32 28 96
32 29 96
32 29 97
32 29 97
32 29 98
32 29 98
33 29 99
33 29 99
33 30 100
33 30 100
33 30 100
33 30 101
33 30 101
34 30 102
34 30 102
34 30 103
34 31 103
34 31 104
34 31 104
34 31 104
35 31 105
35 31 105
35 31 106
35 32 106
35 32 107
35 32 107
36 32 108
36 32 108
36 32 108
36 32 109
36 32 109
36 33 110
36 33 110
37 33 111
37 33 111
37 33 112
37 33 112
37 33 113
37 34 113
37 34 113
38 34 114
38 34 114
38 34 115
38 34 115
38 34 115
38 34 115
39 34 115
39 34 116
39 34 116
39 34 116
39 34 116
39 34 117
39 34 117
40 34 117
40 34 117
40 34 117
40 34 118
40 34 118
40 34 118
40 34 118
41 34 119
41 34 119
41 34 119
41 34 119
41 34 119
41 34 120
42 34 120
42 34 120
42 34 120
42 34 121
42 34 121
42 34 121
42 34 121
43 34 121
43 34 122
43 34 122
43 34 122
43 34 122
43 34 123
43 34 123
44 34 123
44 34 123
44 34 123
44 34 124
44 34 124
44 34 124
44 34 124
45 34 125
45 34 125
45 34 125
45 34 125
45 34 125
45 34 126
46 34 126
46 34 126
46 34 126
46 34 127
46 34 127
46 34 127
46 34 127
47 34 128
47 34 128
47 34 128
47 34 128
47 34 128
47 34 129
47 34 129
48 34 129
48 34 129
48 34 130
48 34 130
48 34 130
48 34 130
49 34 130
49 34 131
49 34 131
49 34 131
49 34 131
49 34 132
49 34 132
50 34 132
50 34 132
50 34 132
50 34 133
50 34 133
50 34 133
50 34 133
51 34 134
51 34 134
51 34 134
51 34 134
51 34 134
51 34 135
52 34 135
52 34 135
52 34 135
52 34 136
52 34 136
52 34 136
52 34 136
53 34 136
53 34 137
53 34 137
53 34 137
53 34 137
53 34 138
53 34 138
54 34 138
54 34 138
54 34 138
54 34 139
54 34 139
54 34 139
55 34 139
55 34 140
55 34 140
55 34 140
55 34 140
55 34 141
55 34 141
56 34 141
56 34 141
56 34 141
56 34 142
56 34 142
56 34 142
56 34 142
57 34 143
57 34 143
57 34 143
57 34 143
57 34 143
57 34 144
58 34 144
58 34 144
58 34 144
58 34 145
58 34 145
58 34 145
58 34 145
59 34 145
59 34 146
59 34 146
59 34 146
59 34 146
59 34 147
59 34 147
60 34 147
60 34 147
60 34 147
60 34 148
60 34 148
60 34 148
60 34 148
61 34 149
61 34 149
61 34 149
61 34 149
61 34 149
61 34 150
62 34 150
62 34 150
62 34 150
62 34 151
62 34 151
62 34 151
62 34 151
63 34 152
63 34 152
63 34 152
63 34 152
63 34 152
63 34 153
63 34 153
64 34 153
64 34 153
64 34 154
64 34 154
64 34 154
64 34 154
65 34 154
65 34 155
65 34 155
65 34 155
65 34 155
65 34 156
65 34 156
66 34 156
66 34 156
66 34 156
66 34 157
66 34 157
66 34 157
66 34 157
67 34 158
67 34 158
67 34 158
67 34 158
67 34 158
67 34 159
68 34 159
68 34 159
68 34 159
68 34 160
68 34 160
68 34 160
68 34 160
69 34 160
69 34 161
69 34 161
69 34 161
69 34 161
69 34 162
69 34 162
70 34 162
70 34 162
70 34 162
70 34 163
70 34 163
70 34 163
71 34 163
71 34 164
71 34 164
71 34 164
71 34 164
71 34 165
71 34 165
72 34 165
72 34 165
72 34 165
72 34 166
72 34 166
72 34 166
72 34 166
73 34 167
73 34 167
73 34 167
73 34 167
73 34 167
73 34 168
73 34 168
74 34 168
74 34 168
74 34 169
74 34 169
74 34 169
74 34 169
75 34 169
75 34 170
75 34 170
75 34 170
75 34 170
75 34 171
75 34 171
76 34 171
76 34 171
76 34 171
76 34 172
76 34 171
77 34 171
77 34 171
77 34 171
78 34 170
78 34 170
78 34 170
78 34 170
79 34 170
79 34 169
79 34 169
80 34 169
80 35 169
80 35 168
81 35 168
81 35 168
81 35 168
81 35 168
82 35 167
82 35 167
82 35 167
83 35 167
83 35 166
83 35 166
84 35 166
84 35 166
84 35 166
84 35 165
85 35 165
85 35 165
85 35 165
86 35 164
86 35 164
86 35 164
87 36 164
87 36 163
87 36 163
87 36 163
88 36 163
88 36 163
88 36 162
89 36 162
89 36 162
89 36 162
90 36 161
90 36 161
90 36 161
90 36 161
91 36 161
91 36 160
91 36 160
92 36 160
92 36 160
92 36 159
93 36 159
93 36 159
93 36 159
93 37 159
94 37 158
94 37 158
94 37 158
95 37 158
95 37 157
95 37 157
96 37 157
96 37 157
96 37 157
96 37 156
97 37 156
97 37 156
97 37 156
98 37 155
98 37 155
98 37 155
98 37 155
99 37 155
99 37 154
99 37 154
100 37 154
100 38 154
100 38 153
101 38 153
101 38 153
101 38 153
101 38 153
102 38 152
102 38 152
102 38 152
103 38 152
103 38 151
103 38 151
104 38 151
104 38 151
104 38 150
104 38 150
105 38 150
105 38 150
105 38 150
106 38 149
106 38 149
106 38 149
107 39 149
107 39 148
107 39 148
107 39 148
108 39 148
108 39 148
108 39 147
109 39 147
109 39 147
109 39 147
110 39 146
110 39 146
110 39 146
110 39 146
111 39 146
111 39 145
111 39 145
112 39 145
112 39 145
112 39 144
113 39 144
113 39 144
113 39 144
113 40 144
114 40 143
114 40 143
114 40 143
115 40 143
115 40 142
115 40 142
116 40 142
116 40 142
116 40 142
116 40 141
117 40 141
117 40 141
117 40 141
118 40 140
118 40 140
118 40 140
119 40 140
119 40 140
119 40 139
119 40 139
120 40 139
120 41 139
120 41 138
121 41 138
121 41 138
121 41 138
122 41 137
122 41 137
122 41 137
122 41 137
123 41 137
123 41 136
123 41 136
124 41 136
124 41 136
124 41 135
125 41 135
125 41 135
125 41 135
125 41 135
126 41 134
126 41 134
126 41 134
127 42 134
127 42 133
127 42 133
127 42 133
128 42 133
128 42 133
128 42 132
129 42 132
129 42 132
129 42 132
130 42 131
130 42 131
130 42 131
130 42 131
131 42 131
131 42 130
131 42 130
132 42 130
132 42 130
132 42 129
133 42 129
133 42 129
133 43 129
133 43 129
134 43 128
134 43 128
134 43 128
135 43 128
135 43 127
135 43 127
136 43 127
136 43 127
136 43 126
136 43 126
137 43 126
137 43 126
137 43 126
138 43 125
138 43 125
138 43 125
139 43 125
139 43 124
139 43 124
139 43 124
140 43 124
140 44 124
140 44 123
141 44 123
141 44 123
141 44 123
142 44 122
142 44 122
142 44 122
142 44 122
143 44 122
143 44 121
143 44 121
144 44 121
144 44 121
144 44 120
145 44 120
145 44 120
145 44 120
145 44 120
146 44 119
146 44 119
146 44 119
147 45 119
147 45 118
147 45 118
148 45 118
148 45 118
148 45 118
148 45 117
149 45 117
149 45 117
149 45 117
150 45 116
150 45 116
150 45 116
151 45 116
151 45 116
151 45 115
151 45 115
152 45 115
152 45 115
152 45 114
153 45 114
153 45 114
153 46 114
154 46 113
154 46 113
155 46 113
155 46 112
155 46 112
156 46 112
156 46 111
157 46 111
157 46 111
157 46 110
158 46 110
158 46 110
159 46 109
159 46 109
159 46 109
160 46 108
160 46 108
161 46 108
161 46 108
161 46 107
162 46 107
162 46 107
163 47 106
163 47 106
163 47 106
164 47 105
164 47 105
165 47 105
165 47 104
165 47 104
166 47 104
166 47 103
167 47 103
167 47 103
167 47 103
168 47 102
168 47 102
169 47 102
169 47 101
169 47 101
170 47 101
170 47 100
171 47 100
171 47 100
171 48 99
172 48 99
172 48 99
173 48 98
173 48 98
173 48 98
174 48 97
174 48 97
175 48 97
175 48 97
175 48 96
176 48 96
176 48 96
177 48 95
177 48 95
177 48 95
178 48 94
178 48 94
179 48 94
179 48 93
179 48 93
180 48 93
180 49 92
181 49 92
181 49 92
181 49 92
182 49 91
182 49 91
183 49 91
183 49 90
183 49 90
184 49 90
184 49 89
185 49 89
185 49 89
185 49 88
186 49 88
186 49 88
187 49 87
187 49 87
187 49 87
188 49 87
188 49 86
189 49 86
189 49 86
189 50 85
190 50 85
190 50 85
191 50 84
191 50 84
191 50 84
192 50 83
192 50 83
193 50 83
193 50 82
193 50 82
194 50 82
194 50 81
195 50 81
195 50 81
195 50 81
196 50 80
196 50 80
196 50 80
197 50 79
197 50 79
198 50 79
198 51 78
198 51 78
199 51 78
199 51 77
200 51 77
200 51 77
200 51 76
201 51 76
201 51 76
202 51 76
202 51 75
202 51 75
203 51 75
203 51 74
204 51 74
204 51 74
204 51 73
205 51 73
205 51 73
206 51 72
206 51 72
206 51 72
207 52 71
207 52 71
208 52 71
208 52 70
208 52 70
209 52 70
209 52 70
210 52 69
210 52 69
210 52 69
211 52 68
211 52 68
212 52 68
212 52 67
212 52 67
213 52 67
213 52 66
214 52 66
214 52 66
214 52 65
215 52 65
215 52 65
216 53 65
216 53 64
216 53 64
217 53 64
217 53 63
218 53 63
218 53 63
218 53 62
219 53 62
219 53 62
220 53 61
220 53 61
220 53 61
221 53 60
221 53 60
222 53 60
222 53 60
222 53 59
223 53 59
223 53 59
224 53 58
224 53 58
224 53 58
225 54 57
225 54 57
226 54 57
226 54 56
226 54 56
227 54 56
227 54 55
228 54 55
228 54 55
228 54 54
229 54 54
229 54 54
230 54 54
230 54 53
230 54 53
231 54 53
231 54 52
232 54 52
232 54 52
232 54 51
233 54 51
233 54 51
234 55 50
234 55 50
234 55 50
235 55 49
235 55 49
236 55 49
236 55 49
236 55 48
237 55 48
237 55 48
238 55 47
238 55 47
238 55 47
239 55 46
239 55 46
240 55 46
240 55 45
240 55 45
241 55 45
241 55 44
242 55 44
242 55 44
242 56 43
243 56 43
243 56 43
244 56 43
244 56 42
244 56 42
245 56 42
245 56 41
246 56 41
246 56 41
246 56 40
247 56 40
247 56 40
248 56 39
248 56 39
248 56 39
249 56 38
249 56 38
250 56 38
250 56 38
250 56 37
251 56 37
251 56 37
252 57 36
252 57 36
252 57 36
253 57 35
253 57 35
254 57 35
254 57 34
254 57 34
254 57 34
254 57 34
254 57 34
254 58 33
254 58 33
254 58 33
254 58 33
254 59 33
254 59 33
254 59 33
253 59 33
253 59 32
253 60 32
253 60 32
253 60 32
253 60 32
253 61 32
253 61 32
253 61 31
253 61 31
252 61 31
252 62 31
252 62 31
252 62 31
252 62 31
252 63 30
252 63 30
252 63 30
252 63 30
252 63 30
251 64 30
251 64 30
251 64 30
251 64 29
251 65 29
251 65 29
251 65 29
251 65 29
251 66 29
251 66 29
250 66 28
250 66 28
250 66 28
250 67 28
250 67 28
250 67 28
250 67 28
250 68 28
250 68 27
250 68 27
249 68 27
249 68 27
249 69 27
249 69 27
249 69 27
249 69 26
249 70 26
249 70 26
249 70 26
249 70 26
248 70 26
248 71 26
248 71 26
248 71 25
248 71 25
248 72 25
248 72 25
248 72 25
248 72 25
248 72 25
247 73 24
247 73 24
247 73 24
247 73 24
247 74 24
247 74 24
247 74 24
247 74 23
247 74 23
247 75 23
246 75 23
246 75 23
246 75 23
246 76 23
246 76 23
246 76 22
246 76 22
246 76 22
246 77 22
246 77 22
245 77 22
245 77 22
245 78 21
245 78 21
245 78 21
245 78 21
245 79 21
245 79 21
245 79 21
245 79 21
244 79 20
244 80 20
244 80 20
244 80 20
244 80 20
244 81 20
244 81 20
244 81 19
244 81 19
244 81 19
243 82 19
243 82 19
243 82 19
243 82 19
243 83 19
243 83 18
243 83 18
243 83 18
243 83 18
243 84 18
242 84 18
242 84 18
242 84 17
242 85 17
242 85 17
242 85 17
242 85 17
242 85 17
242 86 17
242 86 17
241 86 16
241 86 16
241 87 16
241 87 16
241 87 16
241 87 16
241 87 16
241 88 15
241 88 15
241 88 15
240 88 15
240 89 15
240 89 15
240 89 15
240 89 14
240 90 14
240 90 14
240 90 14
240 90 14
240 90 14
240 91 14
239 91 14
239 91 13
239 91 13
239 92 13
239 92 13
239 92 13
239 92 13
239 92 13
239 93 12
239 93 12
238 93 12
238 93 12
238 94 12
238 94 12
238 94 12
238 94 12
238 94 11
238 95 11
238 95 11
238 95 11
237 95 11
237 96 11
237 96 11
237 96 10
237 96 10
237 96 10
237 97 10
237 97 10
237 97 10
237 97 10
236 98 10
236 98 9
236 98 9
236 98 9
236 98 9
236 99 9
236 99 9
236 99 9
236 99 8
236 100 8
235 100 8
235 100 8
235 100 8
235 100 8
235 101 8
235 101 7
235 101 7
235 101 7
235 102 7
235 102 7
234 102 7
234 102 7
234 103 7
234 103 6
234 103 6
234 103 6
234 103 6
234 104 6
234 104 6
234 104 6
233 104 5
233 105 5
233 105 5
233 105 5
233 105 5
233 105 5
233 106 5
233 106 5
233 106 4
233 106 4
232 107 4
232 107 4
232 107 4
232 107 4
232 107 4
232 108 3
232 108 3
232 108 3
232 108 3
232 109 3
231 109 3
231 109 3
231 109 3
231 109 2
231 110 2
231 110 2
231 110 2
231 110 2
231 111 2
231 111 2
230 111 1
230 111 1
230 111 1
230 112 1
230 112 1
230 112 1
230 112 1
230 113 0
230 113 0
230 113 0
229 113 0
229 113 0
229 114 0
229 114 0
229 114 0
229 114 0
229 115 0
229 115 0
229 115 0
229 115 0
229 116 0
229 116 0
229 116 0
229 116 0
229 116 0
229 117 0
229 117 1
229 117 1
229 117 1
229 118 1
229 118 1
229 118 1
229 118 1
229 118 1
229 119 1
229 119 1
229 119 1
229 119 2
229 120 2
229 120 2
229 120 2
229 120 2
229 120 2
229 121 2
229 121 2
229 121 2
229 121 2
229 122 2
229 122 3
229 122 3
229 122 3
229 122 3
229 123 3
229 123 3
229 123 3
229 123 3
229 124 3
229 124 3
229 124 3
229 124 4
229 124 4
229 125 4
229 125 4
229 125 4
229 125 4
229 126 4
229 126 4
229 126 4
229 126 4
229 126 4
229 127 4
229 127 5
229 127 5
229 127 5
229 128 5
229 128 5
229 128 5
229 128 5
229 129 5
229 129 5
229 129 5
229 129 5
229 129 6
229 130 6
229 130 6
229 130 6
229 130 6
229 131 6
229 131 6
229 131 6
229 131 6
229 131 6
229 132 6
229 132 7
229 132 7
229 132 7
229 133 7
229 133 7
229 133 7
229 133 7
229 133 7
229 134 7
229 134 7
229 134 7
229 134 8
229 135 8
229 135 8
229 135 8
229 135 8
229 135 8
229 136 8
229 136 8
229 136 8
229 136 8
229 137 8
229 137 9
229 137 9
229 137 9
229 137 9
229 138 9
229 138 9
229 138 9
229 138 9
229 139 9
229 139 9
229 139 9
229 139 10
229 140 10
229 140 10
229 140 10
229 140 10
229 140 10
229 141 10
229 141 10
229 141 10
229 141 10
229 142 10
229 142 10
229 142 11
229 142 11
229 142 11
229 143 11
229 143 11
229 143 11
229 143 11
229 144 11
229 144 11
229 144 11
229 144 11
229 144 12
229 145 12
229 145 12
229 145 12
229 145 12
229 146 12
229 146 12
229 146 12
229 146 12
229 146 12
229 147 12
229 147 13
229 147 13
229 147 13
229 148 13
229 148 13
229 148 13
229 148 13
229 148 13
229 149 13
229 149 13
229 149 13
229 149 14
229 150 14
229 150 14
229 150 14
229 150 14
229 150 14
229 151 14
229 151 14
229 151 14
229 151 14
229 152 14
229 152 15
229 152 15
229 152 15
229 153 15
229 153 15
229 153 15
229 153 15
229 153 15
229 154 15
229 154 15
229 154 15
229 154 16
229 155 16
229 155 16
229 155 16
229 155 16
229 155 16
229 156 16
229 156 16
229 156 16
229 156 16
229 157 16
229 157 17
229 157 17
229 157 17
229 157 17
229 158 17
229 158 17
229 158 17
229 158 17
229 159 17
229 159 17
229 159 17
229 159 17
229 159 18
229 160 18
229 160 18
229 160 18
229 160 18
229 161 18
229 161 18
229 161 18
229 161 18
229 161 18
229 162 18
229 162 19
229 162 19
229 162 19
229 163 19
229 163 19
229 163 19
229 163 19
229 163 19
229 164 19
229 164 19
229 164 19
229 164 20
229 165 20
229 165 20
229 165 20
229 165 20
229 166 20
229 166 20
229 166 20
229 166 20
229 166 20
229 167 20
229 167 21
229 167 21
229 167 21
229 168 21
229 168 21
229 168 21
229 168 21
229 168 21
229 169 21
229 169 21
229 169 21
229 169 22
229 170 22
229 170 22
229 170 22
229 170 22
229 170 22
229 171 22
229 171 22
229 171 22
229 171 22
229 172 22
229 172 23
229 172 23
229 172 23
229 172 24
229 172 24
229 172 25
229 173 25
229 173 25
229 173 26
229 173 26
229 173 26
229 173 27
229 173 27
229 173 27
229 174 28
229 174 28
229 174 28
229 174 29
229 174 29
229 174 30
229 174 30
229 175 30
229 175 31
229 175 31
229 175 31
229 175 32
229 175 32
229 175 32
229 175 33
229 176 33
229 176 33
229 176 34
229 176 34
229 176 35
229 176 35
229 176 35
229 177 36
229 177 36
229 177 36
229 177 37
229 177 37
229 177 37
229 177 38
229 178 38
229 178 39
229 178 39
229 178 39
229 178 40
229 178 40
229 178 40
229 178 41
229 179 41
229 179 41
229 179 42
229 179 42
229 179 42
229 179 43
229 179 43
229 180 44
229 180 44
229 180 44
229 180 45
229 180 45
229 180 45
229 180 46
229 180 46
229 181 46
229 181 47
229 181 47
229 181 47
229 181 48
229 181 48
229 181 49
229 182 49
229 182 49
229 182 50
229 182 50
229 182 50
229 182 51
229 182 51
229 182 51
229 183 52
229 183 52
229 183 52
229 183 53
229 183 53
229 183 54
229 183 54
229 184 54
229 184 55
229 184 55
229 184 55
229 184 56
229 184 56
229 184 56
229 185 57
229 185 57
229 185 58
229 185 58
229 185 58
229 185 59
229 185 59
229 185 59
229 186 60
229 186 60
229 186 60
229 186 61
229 186 61
229 186 61
229 186 62
229 187 62
229 187 63
229 187 63
229 187 63
229 187 64
229 187 64
229 187 64
229 187 65
229 188 65
229 188 65
229 188 66
229 188 66
229 188 66
229 188 67
229 188 67
229 189 68
229 189 68
229 189 68
229 189 69
229 189 69
229 189 69
229 189 70
229 189 70
229 190 70
229 190 71
229 190 71
229 190 72
229 190 72
229 190 72
229 190 73
229 191 73
229 191 73
229 191 74
229 191 74
229 191 74
229 191 75
229 191 75
229 192 75
229 192 76
229 192 76
229 192 77
229 192 77
229 192 77
229 192 78
229 192 78
229 193 78
229 193 79
229 193 79
229 193 79
229 193 80
229 193 80
229 193 80
229 194 81
229 194 81
229 194 82
229 194 82
229 194 82
229 194 83
229 194 83
229 194 83
229 195 84
229 195 84
229 195 84
229 195 85
229 195 85
229 195 86
229 195 86
229 196 86
229 196 87
229 196 87
229 196 87
229 196 88
229 196 88
229 196 88
229 196 89
229 197 89
229 197 89
229 197 90
229 197 90
229 197 91
229 197 91
229 197 91
229 198 92
229 198 92
229 198 92
229 198 93
229 198 93
229 198 93
229 198 94
229 198 94
229 199 94
229 199 95
229 199 95
229 199 96
229 199 96
229 199 96
229 199 97
229 200 97
229 200 97
229 200 98
229 200 98
229 200 98
229 200 99
229 200 99
229 201 99
229 201 100
229 201 100
229 201 101
229 201 101
229 201 101
229 201 102
229 201 102
229 202 102
229 202 103
229 202 103
229 202 103
229 202 104
229 202 104
229 202 105
229 203 105
229 203 105
229 203 106
229 203 106
229 203 106
229 203 107
229 203 107
229 203 107
229 204 108
229 204 108
229 204 108
229 204 109
229 204 109
229 204 110
229 204 110
229 205 110
229 205 111
229 205 111
229 205 111
229 205 112
229 205 112
229 205 112
229 205 113
229 206 113
229 206 113
229 206 114
229 206 114
229 206 115
229 206 115
229 206 116
229 206 116
229 206 116
230 207 117
230 207 117
230 207 118
230 207 118
230 207 119
230 207 119
230 207 120
230 207 120
230 207 120
230 207 121
231 207 121
231 208 122
231 208 122
231 208 123
231 208 123
231 208 124
231 208 124
231 208 125
231 208 125
231 208 125
232 208 126
232 208 126
232 209 127
232 209 127
232 209 128
232 209 128
232 209 129
232 209 129
232 209 129
232 209 130
233 209 130
233 209 131
233 209 131
233 210 132
233 210 132
233 210 133
233 210 133
233 210 133
233 210 134
233 210 134
234 210 135
234 210 135
234 210 136
234 210 136
234 211 137
234 211 137
234 211 138
234 211 138
234 211 138
234 211 139
235 211 139
235 211 140
235 211 140
235 211 141
235 211 141
235 212 142
235 212 142
235 212 142
235 212 143
235 212 143
236 212 144
236 212 144
236 212 145
236 212 145
236 212 146
236 212 146
236 212 146
236 213 147
236 213 147
236 213 148
237 213 148
237 213 149
237 213 149
237 213 150
237 213 150
237 213 151
237 213 151
237 213 151
237 214 152
237 214 152
238 214 153
238 214 153
238 214 154
238 214 154
238 214 155
238 214 155
238 214 155
238 214 156
238 214 156
238 215 157
239 215 157
239 215 158
239 215 158
239 215 159
239 215 159
239 215 159
239 215 160
239 215 160
239 215 161
239 215 161
240 216 162
240 216 162
240 216 163
240 216 163
240 216 164
240 216 164
240 216 164
240 216 165
240 216 165
240 216 166
241 216 166
241 217 167
241 217 167
241 217 168
241 217 168
241 217 168
241 217 169
241 217 169
241 217 170
241 217 170
242 217 171
242 217 171
242 218 172
242 218 172
242 218 172
242 218 173
242 218 173
242 218 174
242 218 174
242 218 175
243 218 175
243 218 176
243 218 176
243 219 177
243 219 177
243 219 177
243 219 178
243 219 178
243 219 179
243 219 179
244 219 180
244 219 180
244 219 181
244 219 181
244 219 181
244 220 182
244 220 182
244 220 183
244 220 183
244 220 184
245 220 184
245 220 185
245 220 185
245 220 185
245 220 186
245 220 186
245 221 187
245 221 187
245 221 188
245 221 188
246 221 189
246 221 189
246 221 190
246 221 190
246 221 190
246 221 191
246 221 191
246 222 192
246 222 192
246 222 193
247 222 193
247 222 194
247 222 194
247 222 194
247 222 195
247 222 195
247 222 196
247 222 196
247 223 197
247 223 197
248 223 198
248 223 198
248 223 199
248 223 199
248 223 199
248 223 200
248 223 200
248 223 201
248 223 201
248 224 202
249 224 202
249 224 203
249 224 203
249 224 203
249 224 204
249 224 204
249 224 205
249 224 205
249 224 206
249 224 206
250 225 207
250 225 207
250 225 207
250 225 208
250 225 208
250 225 209
250 225 209
250 225 210
250 225 210
250 225 211
251 225 211
251 226 212
251 226 212
251 226 212
251 226 213
251 226 213
251 226 214
251 226 214
251 226 215
251 226 215
252 226 216
252 226 216
252 226 216
252 227 217
252 227 217
252 227 218
252 227 218
252 227 219
252 227 219
252 227 220
253 227 220
253 227 220
253 227 221
253 227 221
253 228 222
253 228 222
253 228 223
253 228 223
253 228 224
253 228 224
254 228 225
254 228 225
254 228 225
254 228 226
254 228 226
254 229 227
254 229 227
254 229 228
254 229 228
254 229 229
255 229 229
