0 229 229
0 229 229
0 229 229
0 229 229
0 229 229
0 228 229
0 228 229
0 228 229
0 228 229
1 228 229
1 228 229
1 228 229
1 228 229
1 228 229
1 227 229
1 227 229
1 227 229
2 227 229
2 227 229
2 227 229
2 227 229
2 227 229
2 227 229
2 226 229
2 226 229
3 226 229
3 226 229
3 226 229
3 226 229
3 226 229
3 226 229
3 226 229
3 225 229
4 225 229
4 225 229
4 225 229
4 225 229
4 225 229
4 225 229
4 225 229
4 225 229
5 224 229
5 224 229
5 224 229
5 224 229
5 224 229
5 224 229
5 224 229
5 224 229
6 224 229
6 223 229
6 223 229
6 223 229
6 223 229
6 223 229
6 223 229
6 223 229
7 223 229
7 222 229
7 222 229
7 222 229
7 222 229
7 222 229
7 222 229
7 222 229
8 222 229
8 222 229
8 221 229
8 221 229
8 221 229
8 221 229
8 221 229
8 221 229
9 221 229
9 221 229
9 221 229
9 220 229
9 220 229
9 220 229
9 220 229
9 220 229
10 220 229
10 220 229
10 220 229
10 220 229
10 219 229
10 219 229
10 219 229
10 219 229
11 219 229
11 219 229
11 219 229
11 219 229
11 219 229
11 218 229
11 218 229
11 218 229
12 218 229
12 218 229
12 218 229
12 218 229
12 218 229
12 218 229
12 217 229
12 217 229
13 217 229
13 217 229
13 217 229
13 217 229
13 217 229
13 217 229
13 217 229
13 216 229
14 216 229
14 216 229
14 216 229
14 216 229
14 216 229
14 216 229
14 216 229
14 216 229
15 215 229
15 215 229
15 215 229
15 215 229
15 215 229
15 215 229
15 215 229
15 215 229
16 215 229
16 214 229
16 214 229
16 214 229
16 214 229
16 214 229
16 214 229
16 214 229
17 214 229
17 214 229
17 213 229
17 213 229
17 213 229
17 213 229
17 213 229
17 213 229
18 213 229
18 213 229
18 213 229
18 212 229
18 212 229
18 212 229
18 212 229
18 212 229
19 212 229
19 212 229
19 212 229
19 212 229
19 211 229
19 211 229
19 211 229
19 211 229
20 211 229
20 211 229
20 211 229
20 211 229
20 211 229
20 210 229
20 210 229
20 210 229
21 210 229
21 210 229
21 210 229
21 210 229
21 210 229
21 209 229
21 209 229
21 209 229
22 209 229
22 209 229
22 209 229
22 209 229
22 209 229
22 209 229
22 208 229
22 208 229
23 208 229
23 208 229
23 208 229
23 208 229
23 208 229
23 208 229
23 208 229
23 207 229
24 207 229
24 207 229
24 207 229
24 207 229
24 207 229
24 207 229
24 207 229
24 207 229
25 206 229
25 206 229
25 206 229
25 206 229
25 206 229
25 206 229
25 206 229
25 206 229
26 206 229
26 205 229
26 205 229
26 205 229
26 205 229
26 205 229
26 205 229
26 205 229
27 205 229
27 205 229
27 204 229
27 204 229
27 204 229
27 204 229
27 204 229
27 204 229
28 204 229
28 204 229
28 204 229
28 203 229
28 203 229
28 203 229
28 203 229
28 203 229
29 203 229
29 203 229
29 203 229
29 203 229
29 202 229
29 202 229
29 202 229
29 202 229
30 202 229
30 202 229
30 202 229
30 202 229
30 202 229
30 201 229
30 201 229
30 201 229
31 201 229
31 201 229
31 201 229
31 201 229
31 201 229
31 201 229
31 200 229
31 200 229
32 200 229
32 200 229
32 200 229
32 200 229
32 200 229
32 200 229
32 200 229
32 199 229
33 199 229
33 199 229
33 199 229
33 199 229
33 199 229
33 199 229
33 199 229
33 199 229
34 198 229
34 198 229
34 198 229
34 198 229
34 198 229
34 198 229
34 198 229
34 198 229
35 197 229
35 197 229
35 197 229
35 197 229
35 197 229
35 197 229
35 197 229
35 197 229
36 197 229
36 196 229
36 196 229
36 196 229
36 196 229
36 196 229
36 196 229
36 196 229
36 196 229
37 196 229
37 195 229
37 195 229
37 195 229
37 195 229
37 195 229
37 195 229
37 195 229
38 195 229
38 195 229
38 194 229
38 194 229
38 194 229
38 194 229
38 194 229
38 194 229
39 194 229
39 194 229
39 194 229
39 193 229
39 193 229
39 193 229
39 193 229
39 193 229
40 193 229
40 193 229
40 193 229
40 193 229
40 192 229
40 192 229
40 192 229
40 192 229
41 192 229
41 192 229
41 192 229
41 192 229
41 192 229
41 191 229
41 191 229
41 191 229
42 191 229
42 191 229
42 191 229
42 191 229
42 191 229
42 191 229
42 190 229
42 190 229
43 190 229
43 190 229
43 190 229
43 190 229
43 190 229
43 190 229
43 190 229
43 189 229
44 189 229
44 189 229
44 189 229
44 189 229
44 189 229
44 189 229
44 189 229
44 189 229
45 188 229
45 188 229
45 188 229
45 188 229
45 188 229
45 188 229
45 188 229
45 188 229
46 188 229
46 187 229
46 187 229
46 187 229
46 187 229
46 187 229
46 187 229
46 187 229
47 187 229
47 187 229
47 186 229
47 186 229
47 186 229
47 186 229
47 186 229
47 186 229
48 186 229
48 186 229
48 185 229
48 185 229
48 185 229
48 185 229
48 185 229
48 185 229
49 185 229
49 185 229
49 185 229
49 184 229
49 184 229
49 184 229
49 184 229
49 184 229
50 184 229
50 184 229
50 184 229
50 184 229
50 183 229
50 183 229
50 183 229
50 183 229
51 183 229
51 183 229
51 183 229
51 183 229
51 183 229
51 182 229
51 182 229
51 182 229
52 182 229
52 182 229
52 182 229
52 182 229
52 182 229
52 182 229
52 181 229
52 181 229
53 181 229
53 181 229
53 181 229
53 181 229
53 181 229
53 181 229
53 181 229
53 180 229
54 180 229
54 180 229
54 180 229
54 180 229
54 180 229
54 180 229
54 180 229
54 180 229
55 179 229
55 179 229
55 179 229
55 179 229
55 179 229
55 179 229
55 179 229
55 179 229
56 179 229
56 178 229
56 178 229
56 178 229
56 178 229
56 178 229
56 178 229
56 178 229
57 178 229
57 178 229
57 177 229
57 177 229
57 177 229
57 177 229
57 177 229
57 177 229
58 177 229
58 177 229
58 177 229
58 176 229
58 176 229
58 176 229
58 176 229
58 176 229
59 176 229
59 176 229
59 176 229
59 176 229
59 175 229
59 175 229
59 175 229
59 175 229
60 175 229
60 175 229
60 175 229
60 175 229
60 175 229
60 174 229
60 174 229
60 174 229
61 174 229
61 174 229
61 174 229
61 174 229
61 174 229
61 174 229
61 173 229
61 173 229
62 173 229
62 173 229
62 173 229
62 173 229
62 173 229
62 173 229
62 172 229
62 172 229
63 172 229
63 172 229
63 172 229
63 172 229
63 172 229
63 172 229
63 172 229
63 171 229
64 171 229
64 171 229
64 171 229
64 171 229
64 171 229
64 171 229
64 171 229
64 171 229
65 170 229
65 170 229
65 170 229
65 170 229
65 170 229
65 170 229
65 170 229
65 170 229
66 170 229
66 169 229
66 169 229
66 169 229
66 169 229
66 169 229
66 169 229
66 169 229
67 169 229
67 169 229
67 168 229
67 168 229
67 168 229
67 168 229
67 168 229
67 168 229
68 168 229
68 168 229
68 168 229
68 167 229
68 167 229
68 167 229
68 167 229
68 167 229
69 167 229
69 167 229
69 167 229
69 167 229
69 166 229
69 166 229
69 166 229
69 166 229
70 166 229
70 166 229
70 166 229
70 166 229
70 166 229
70 165 229
70 165 229
70 165 229
71 165 229
71 165 229
71 165 229
71 165 229
71 165 229
71 165 229
71 164 229
71 164 229
72 164 229
72 164 229
72 164 229
72 164 229
72 164 229
72 164 229
72 164 229
72 163 229
72 163 229
73 163 229
73 163 229
73 163 229
73 163 229
73 163 229
73 163 229
73 163 229
73 162 229
74 162 229
74 162 229
74 162 229
74 162 229
74 162 229
74 162 229
74 162 229
74 162 229
75 161 229
75 161 229
75 161 229
75 161 229
75 161 229
75 161 229
75 161 229
75 161 229
76 160 229
76 160 229
76 160 229
76 160 229
76 160 229
76 160 229
76 160 229
76 160 229
77 160 229
77 159 229
77 159 229
77 159 229
77 159 229
77 159 229
77 159 229
77 159 229
78 159 229
78 159 229
78 158 229
78 158 229
78 158 229
78 158 229
78 158 229
78 158 229
79 158 229
79 158 229
79 158 229
79 157 229
79 157 229
79 157 229
79 157 229
79 157 229
80 157 229
80 157 229
80 157 229
80 157 229
80 156 229
80 156 229
80 156 229
80 156 229
81 156 229
81 156 229
81 156 229
81 156 229
81 156 229
81 155 229
81 155 229
81 155 229
82 155 229
82 155 229
82 155 229
82 155 229
82 155 229
82 155 229
82 154 229
82 154 229
83 154 229
83 154 229
83 154 229
83 154 229
83 154 229
83 154 229
83 154 229
83 153 229
84 153 229
84 153 229
84 153 229
84 153 229
84 153 229
84 153 229
84 153 229
84 153 229
85 152 229
85 152 229
85 152 229
85 152 229
85 152 229
85 152 229
85 152 229
85 152 229
86 152 229
86 151 229
86 151 229
86 151 229
86 151 229
86 151 229
86 151 229
86 151 229
87 151 229
87 151 229
87 150 229
87 150 229
87 150 229
87 150 229
87 150 229
87 150 229
88 150 229
88 150 229
88 150 229
88 149 229
88 149 229
88 149 229
88 149 229
88 149 229
89 149 229
89 149 229
89 149 229
89 149 229
89 148 229
89 148 229
89 148 229
89 148 229
90 148 229
90 148 229
90 148 229
90 148 229
90 147 229
90 147 229
90 147 229
90 147 229
91 147 229
91 147 229
91 147 229
91 147 229
91 147 229
91 146 229
91 146 229
91 146 229
92 146 229
92 146 229
92 146 229
92 146 229
92 146 229
92 146 229
92 145 229
92 145 229
93 145 229
93 145 229
93 145 229
93 145 229
93 145 229
93 145 229
93 145 229
93 144 229
94 144 229
94 144 229
94 144 229
94 144 229
94 144 229
94 144 229
94 144 229
94 144 229
95 143 229
95 143 229
95 143 229
95 143 229
95 143 229
95 143 229
95 143 229
95 143 229
96 143 229
96 142 229
96 142 229
96 142 229
96 142 229
96 142 229
96 142 229
96 142 229
97 142 229
97 142 229
97 141 229
97 141 229
97 141 229
97 141 229
97 141 229
97 141 229
98 141 229
98 141 229
98 141 229
98 140 229
98 140 229
98 140 229
98 140 229
98 140 229
99 140 229
99 140 229
99 140 229
99 140 229
99 139 229
99 139 229
99 139 229
99 139 229
100 139 229
100 139 229
100 139 229
100 139 229
100 139 229
100 138 229
100 138 229
100 138 229
101 138 229
101 138 229
101 138 229
101 138 229
101 138 229
101 138 229
101 137 229
101 137 229
102 137 229
102 137 229
102 137 229
102 137 229
102 137 229
102 137 229
102 137 229
102 136 229
103 136 229
103 136 229
103 136 229
103 136 229
103 136 229
103 136 229
103 136 229
103 135 229
104 135 229
104 135 229
104 135 229
104 135 229
104 135 229
104 135 229
104 135 229
104 135 229
105 134 229
105 134 229
105 134 229
105 134 229
105 134 229
105 134 229
105 134 229
105 134 229
106 134 229
106 133 229
106 133 229
106 133 229
106 133 229
106 133 229
106 133 229
106 133 229
107 133 229
107 133 229
107 132 229
107 132 229
107 132 229
107 132 229
107 132 229
107 132 229
108 132 229
108 132 229
108 132 229
108 131 229
108 131 229
108 131 229
108 131 229
108 131 229
109 131 229
109 131 229
109 131 229
109 131 229
109 130 229
109 130 229
109 130 229
109 130 229
109 130 229
110 130 229
110 130 229
110 130 229
110 130 229
110 129 229
110 129 229
110 129 229
110 129 229
111 129 229
111 129 229
111 129 229
111 129 229
111 129 229
111 128 229
111 128 229
111 128 229
112 128 229
112 128 229
112 128 229
112 128 229
112 128 229
112 128 229
112 127 229
112 127 229
113 127 229
113 127 229
113 127 229
113 127 229
113 127 229
113 127 229
113 127 229
113 126 229
114 126 229
114 126 229
114 126 229
114 126 229
114 126 229
114 126 229
114 126 229
114 126 229
115 125 229
115 125 229
115 125 229
115 125 229
115 125 229
115 125 229
115 125 229
115 125 229
116 125 229
116 124 229
116 124 229
116 124 229
116 124 229
116 124 229
116 124 229
116 124 229
117 124 229
117 123 229
117 123 229
117 123 229
117 123 229
117 123 229
117 123 229
117 123 229
118 123 229
118 123 229
118 122 229
118 122 229
118 122 229
118 122 229
118 122 229
118 122 229
119 122 229
119 122 229
119 122 229
119 121 229
119 121 229
119 121 229
119 121 229
119 121 229
120 121 229
120 121 229
120 121 229
120 121 229
120 120 229
120 120 229
120 120 229
120 120 229
121 120 229
121 120 229
121 120 229
121 120 229
121 120 229
121 119 229
121 119 229
121 119 229
122 119 229
122 119 229
122 119 229
122 119 229
122 119 229
122 119 229
122 118 229
122 118 229
123 118 229
123 118 229
123 118 229
123 118 229
123 118 229
123 118 229
123 118 229
123 117 229
124 117 229
124 117 229
124 117 229
124 117 229
124 117 229
124 117 229
124 117 229
124 117 229
125 116 229
125 116 229
125 116 229
125 116 229
125 116 229
125 116 229
125 116 229
125 116 229
126 116 229
126 115 229
126 115 229
126 115 229
126 115 229
126 115 229
126 115 229
126 115 229
127 115 229
127 115 229
127 114 229
127 114 229
127 114 229
127 114 229
127 114 229
127 114 229
128 114 229
128 114 229
128 114 229
128 113 229
128 113 229
128 113 229
128 113 229
128 113 229
129 113 229
129 113 229
129 113 229
129 113 229
129 112 229
129 112 229
129 112 229
129 112 229
130 112 229
130 112 229
130 112 229
130 112 229
130 112 229
130 111 229
130 111 229
130 111 229
131 111 229
131 111 229
131 111 229
131 111 229
131 111 229
131 110 229
131 110 229
131 110 229
132 110 229
132 110 229
132 110 229
132 110 229
132 110 229
132 110 229
132 109 229
132 109 229
133 109 229
133 109 229
133 109 229
133 109 229
133 109 229
133 109 229
133 109 229
133 108 229
134 108 229
134 108 229
134 108 229
134 108 229
134 108 229
134 108 229
134 108 229
134 108 229
135 107 229
135 107 229
135 107 229
135 107 229
135 107 229
135 107 229
135 107 229
135 107 229
136 107 229
136 106 229
136 106 229
136 106 229
136 106 229
136 106 229
136 106 229
136 106 229
137 106 229
137 106 229
137 105 229
137 105 229
137 105 229
137 105 229
137 105 229
137 105 229
138 105 229
138 105 229
138 105 229
138 104 229
138 104 229
138 104 229
138 104 229
138 104 229
139 104 229
139 104 229
139 104 229
139 104 229
139 103 229
139 103 229
139 103 229
139 103 229
140 103 229
140 103 229
140 103 229
140 103 229
140 103 229
140 102 229
140 102 229
140 102 229
141 102 229
141 102 229
141 102 229
141 102 229
141 102 229
141 102 229
141 101 229
141 101 229
142 101 229
142 101 229
142 101 229
142 101 229
142 101 229
142 101 229
142 101 229
142 100 229
143 100 229
143 100 229
143 100 229
143 100 229
143 100 229
143 100 229
143 100 229
143 100 229
144 99 229
144 99 229
144 99 229
144 99 229
144 99 229
144 99 229
144 99 229
144 99 229
145 98 229
145 98 229
145 98 229
145 98 229
145 98 229
145 98 229
145 98 229
145 98 229
145 98 229
146 97 229
146 97 229
146 97 229
146 97 229
146 97 229
146 97 229
146 97 229
146 97 229
147 97 229
147 96 229
147 96 229
147 96 229
147 96 229
147 96 229
147 96 229
147 96 229
148 96 229
148 96 229
148 95 229
148 95 229
148 95 229
148 95 229
148 95 229
148 95 229
149 95 229
149 95 229
149 95 229
149 94 229
149 94 229
149 94 229
149 94 229
149 94 229
150 94 229
150 94 229
150 94 229
150 94 229
150 93 229
150 93 229
150 93 229
150 93 229
151 93 229
151 93 229
151 93 229
151 93 229
151 93 229
151 92 229
151 92 229
151 92 229
152 92 229
152 92 229
152 92 229
152 92 229
152 92 229
152 92 229
152 91 229
152 91 229
153 91 229
153 91 229
153 91 229
153 91 229
153 91 229
153 91 229
153 91 229
153 90 229
154 90 229
154 90 229
154 90 229
154 90 229
154 90 229
154 90 229
154 90 229
154 90 229
155 89 229
155 89 229
155 89 229
155 89 229
155 89 229
155 89 229
155 89 229
155 89 229
156 89 229
156 88 229
156 88 229
156 88 229
156 88 229
156 88 229
156 88 229
156 88 229
157 88 229
157 88 229
157 87 229
157 87 229
157 87 229
157 87 229
157 87 229
157 87 229
158 87 229
158 87 229
158 87 229
158 86 229
158 86 229
158 86 229
158 86 229
158 86 229
159 86 229
159 86 229
159 86 229
159 85 229
159 85 229
159 85 229
159 85 229
159 85 229
160 85 229
160 85 229
160 85 229
160 85 229
160 84 229
160 84 229
160 84 229
160 84 229
161 84 229
161 84 229
161 84 229
161 84 229
161 84 229
161 83 229
161 83 229
161 83 229
162 83 229
162 83 229
162 83 229
162 83 229
162 83 229
162 83 229
162 82 229
162 82 229
163 82 229
163 82 229
163 82 229
163 82 229
163 82 229
163 82 229
163 82 229
163 81 229
164 81 229
164 81 229
164 81 229
164 81 229
164 81 229
164 81 229
164 81 229
164 81 229
165 80 229
165 80 229
165 80 229
165 80 229
165 80 229
165 80 229
165 80 229
165 80 229
166 80 229
166 79 229
166 79 229
166 79 229
166 79 229
166 79 229
166 79 229
166 79 229
167 79 229
167 79 229
167 78 229
167 78 229
167 78 229
167 78 229
167 78 229
167 78 229
168 78 229
168 78 229
168 78 229
168 77 229
168 77 229
168 77 229
168 77 229
168 77 229
169 77 229
169 77 229
169 77 229
169 77 229
169 76 229
169 76 229
169 76 229
169 76 229
170 76 229
170 76 229
170 76 229
170 76 229
170 76 229
170 75 229
170 75 229
170 75 229
171 75 229
171 75 229
171 75 229
171 75 229
171 75 229
171 75 229
171 74 229
171 74 229
172 74 229
172 74 229
172 74 229
172 74 229
172 74 229
172 74 229
172 73 229
172 73 229
173 73 229
173 73 229
173 73 229
173 73 229
173 73 229
173 73 229
173 73 229
173 72 229
174 72 229
174 72 229
174 72 229
174 72 229
174 72 229
174 72 229
174 72 229
174 72 229
175 71 229
175 71 229
175 71 229
175 71 229
175 71 229
175 71 229
175 71 229
175 71 229
176 71 229
176 70 229
176 70 229
176 70 229
176 70 229
176 70 229
176 70 229
176 70 229
177 70 229
177 70 229
177 69 229
177 69 229
177 69 229
177 69 229
177 69 229
177 69 229
178 69 229
178 69 229
178 69 229
178 68 229
178 68 229
178 68 229
178 68 229
178 68 229
179 68 229
179 68 229
179 68 229
179 68 229
179 67 229
179 67 229
179 67 229
179 67 229
180 67 229
180 67 229
180 67 229
180 67 229
180 67 229
180 66 229
180 66 229
180 66 229
181 66 229
181 66 229
181 66 229
181 66 229
181 66 229
181 66 229
181 65 229
181 65 229
182 65 229
182 65 229
182 65 229
182 65 229
182 65 229
182 65 229
182 65 229
182 64 229
182 64 229
183 64 229
183 64 229
183 64 229
183 64 229
183 64 229
183 64 229
183 64 229
183 63 229
184 63 229
184 63 229
184 63 229
184 63 229
184 63 229
184 63 229
184 63 229
184 63 229
185 62 229
185 62 229
185 62 229
185 62 229
185 62 229
185 62 229
185 62 229
185 62 229
186 61 229
186 61 229
186 61 229
186 61 229
186 61 229
186 61 229
186 61 229
186 61 229
187 61 229
187 60 229
187 60 229
187 60 229
187 60 229
187 60 229
187 60 229
187 60 229
188 60 229
188 60 229
188 59 229
188 59 229
188 59 229
188 59 229
188 59 229
188 59 229
189 59 229
189 59 229
189 59 229
189 58 229
189 58 229
189 58 229
189 58 229
189 58 229
190 58 229
190 58 229
190 58 229
190 58 229
190 57 229
190 57 229
190 57 229
190 57 229
191 57 229
191 57 229
191 57 229
191 57 229
191 57 229
191 56 229
191 56 229
191 56 229
192 56 229
192 56 229
192 56 229
192 56 229
192 56 229
192 56 229
192 55 229
192 55 229
193 55 229
193 55 229
193 55 229
193 55 229
193 55 229
193 55 229
193 55 229
193 54 229
194 54 229
194 54 229
194 54 229
194 54 229
194 54 229
194 54 229
194 54 229
194 54 229
195 53 229
195 53 229
195 53 229
195 53 229
195 53 229
195 53 229
195 53 229
195 53 229
196 53 229
196 52 229
196 52 229
196 52 229
196 52 229
196 52 229
196 52 229
196 52 229
197 52 229
197 52 229
197 51 229
197 51 229
197 51 229
197 51 229
197 51 229
197 51 229
198 51 229
198 51 229
198 51 229
198 50 229
198 50 229
198 50 229
198 50 229
198 50 229
199 50 229
199 50 229
199 50 229
199 50 229
199 49 229
199 49 229
199 49 229
199 49 229
200 49 229
200 49 229
200 49 229
200 49 229
200 48 229
200 48 229
200 48 229
200 48 229
201 48 229
201 48 229
201 48 229
201 48 229
201 48 229
201 47 229
201 47 229
201 47 229
202 47 229
202 47 229
202 47 229
202 47 229
202 47 229
202 47 229
202 46 229
202 46 229
203 46 229
203 46 229
203 46 229
203 46 229
203 46 229
203 46 229
203 46 229
203 45 229
204 45 229
204 45 229
204 45 229
204 45 229
204 45 229
204 45 229
204 45 229
204 45 229
205 44 229
205 44 229
205 44 229
205 44 229
205 44 229
205 44 229
205 44 229
205 44 229
206 44 229
206 43 229
206 43 229
206 43 229
206 43 229
206 43 229
206 43 229
206 43 229
207 43 229
207 43 229
207 42 229
207 42 229
207 42 229
207 42 229
207 42 229
207 42 229
208 42 229
208 42 229
208 42 229
208 41 229
208 41 229
208 41 229
208 41 229
208 41 229
209 41 229
209 41 229
209 41 229
209 41 229
209 40 229
209 40 229
209 40 229
209 40 229
210 40 229
210 40 229
210 40 229
210 40 229
210 40 229
210 39 229
210 39 229
210 39 229
211 39 229
211 39 229
211 39 229
211 39 229
211 39 229
211 39 229
211 38 229
211 38 229
212 38 229
212 38 229
212 38 229
212 38 229
212 38 229
212 38 229
212 38 229
212 37 229
213 37 229
213 37 229
213 37 229
213 37 229
213 37 229
213 37 229
213 37 229
213 36 229
214 36 229
214 36 229
214 36 229
214 36 229
214 36 229
214 36 229
214 36 229
214 36 229
215 35 229
215 35 229
215 35 229
215 35 229
215 35 229
215 35 229
215 35 229
215 35 229
216 35 229
216 34 229
216 34 229
216 34 229
216 34 229
216 34 229
216 34 229
216 34 229
217 34 229
217 34 229
217 33 229
217 33 229
217 33 229
217 33 229
217 33 229
217 33 229
218 33 229
218 33 229
218 33 229
218 32 229
218 32 229
218 32 229
218 32 229
218 32 229
218 32 229
219 32 229
219 32 229
219 32 229
219 31 229
219 31 229
219 31 229
219 31 229
219 31 229
220 31 229
220 31 229
220 31 229
220 31 229
220 30 229
220 30 229
220 30 229
220 30 229
221 30 229
221 30 229
221 30 229
221 30 229
221 30 229
221 29 229
221 29 229
221 29 229
222 29 229
222 29 229
222 29 229
222 29 229
222 29 229
222 29 229
222 28 229
222 28 229
223 28 229
223 28 229
223 28 229
223 28 229
223 28 229
223 28 229
223 28 229
223 27 229
224 27 229
224 27 229
224 27 229
224 27 229
224 27 229
224 27 229
224 27 229
224 27 229
225 26 229
225 26 229
225 26 229
225 26 229
225 26 229
225 26 229
225 26 229
225 26 229
226 26 229
226 25 229
226 25 229
226 25 229
226 25 229
226 25 229
226 25 229
226 25 229
227 25 229
227 25 229
227 24 229
227 24 229
227 24 229
227 24 229
227 24 229
227 24 229
228 24 229
228 24 229
228 23 229
228 23 229
228 23 229
228 23 229
228 23 229
228 23 229
229 23 229
229 23 229
229 23 229
229 22 229
229 22 229
229 22 229
229 22 229
229 22 229
230 22 229
230 22 229
230 22 229
230 22 229
230 21 229
230 21 229
230 21 229
230 21 229
231 21 229
231 21 229
231 21 229
231 21 229
231 21 229
231 20 229
231 20 229
231 20 229
232 20 229
232 20 229
232 20 229
232 20 229
232 20 229
232 20 229
232 19 229
232 19 229
233 19 229
233 19 229
233 19 229
233 19 229
233 19 229
233 19 229
233 19 229
233 18 229
234 18 229
234 18 229
234 18 229
234 18 229
234 18 229
234 18 229
234 18 229
234 18 229
235 17 229
235 17 229
235 17 229
235 17 229
235 17 229
235 17 229
235 17 229
235 17 229
236 17 229
236 16 229
236 16 229
236 16 229
236 16 229
236 16 229
236 16 229
236 16 229
237 16 229
237 16 229
237 15 229
237 15 229
237 15 229
237 15 229
237 15 229
237 15 229
238 15 229
238 15 229
238 15 229
238 14 229
238 14 229
238 14 229
238 14 229
238 14 229
239 14 229
239 14 229
239 14 229
239 14 229
239 13 229
239 13 229
239 13 229
239 13 229
240 13 229
240 13 229
240 13 229
240 13 229
240 13 229
240 12 229
240 12 229
240 12 229
241 12 229
241 12 229
241 12 229
241 12 229
241 12 229
241 11 229
241 11 229
241 11 229
242 11 229
242 11 229
242 11 229
242 11 229
242 11 229
242 11 229
242 10 229
242 10 229
243 10 229
243 10 229
243 10 229
243 10 229
243 10 229
243 10 229
243 10 229
243 9 229
244 9 229
244 9 229
244 9 229
244 9 229
244 9 229
244 9 229
244 9 229
244 9 229
245 8 229
245 8 229
245 8 229
245 8 229
245 8 229
245 8 229
245 8 229
245 8 229
246 8 229
246 7 229
246 7 229
246 7 229
246 7 229
246 7 229
246 7 229
246 7 229
247 7 229
247 7 229
247 6 229
247 6 229
247 6 229
247 6 229
247 6 229
247 6 229
248 6 229
248 6 229
248 6 229
248 5 229
248 5 229
248 5 229
248 5 229
248 5 229
249 5 229
249 5 229
249 5 229
249 5 229
249 4 229
249 4 229
249 4 229
249 4 229
250 4 229
250 4 229
250 4 229
250 4 229
250 4 229
250 3 229
250 3 229
250 3 229
251 3 229
251 3 229
251 3 229
251 3 229
251 3 229
251 3 229
251 2 229
251 2 229
252 2 229
252 2 229
252 2 229
252 2 229
252 2 229
252 2 229
252 2 229
252 1 229
253 1 229
253 1 229
253 1 229
253 1 229
253 1 229
253 1 229
253 1 229
253 1 229
254 0 229
254 0 229
254 0 229
254 0 229
254 0 229
254 0 229
254 0 229
254 0 229
255 0 229
