58 68 172
58 68 173
58 68 173
59 69 173
59 69 173
59 69 173
59 69 173
59 69 174
59 70 174
59 70 174
60 70 174
60 70 174
60 70 175
60 71 175
60 71 175
60 71 175
60 71 175
61 71 175
61 72 176
61 72 176
61 72 176
61 72 176
61 72 176
61 73 176
62 73 177
62 73 177
62 73 177
62 73 177
62 74 177
62 74 177
62 74 178
63 74 178
63 74 178
63 74 178
63 75 178
63 75 178
63 75 179
63 75 179
64 75 179
64 76 179
64 76 179
64 76 179
64 76 180
64 76 180
64 77 180
65 77 180
65 77 180
65 77 181
65 77 181
65 78 181
65 78 181
66 78 181
66 78 181
66 78 182
66 79 182
66 79 182
66 79 182
66 79 182
67 79 182
67 80 183
67 80 183
67 80 183
67 80 183
67 80 183
67 81 183
68 81 184
68 81 184
68 81 184
68 81 184
68 81 184
68 82 184
68 82 185
69 82 185
69 82 185
69 82 185
69 83 185
69 83 185
69 83 185
69 83 186
70 83 186
70 84 186
70 84 186
70 84 186
70 84 186
70 84 187
71 85 187
71 85 187
71 85 187
71 85 187
71 85 187
71 86 187
71 86 188
72 86 188
72 86 188
72 86 188
72 86 188
72 87 188
72 87 189
72 87 189
73 87 189
73 87 189
73 88 189
73 88 189
73 88 190
73 88 190
74 88 190
74 89 190
74 89 190
74 89 190
74 89 190
74 89 191
74 90 191
75 90 191
75 90 191
75 90 191
75 90 191
75 91 192
75 91 192
75 91 192
76 91 192
76 91 192
76 91 192
76 92 192
76 92 193
76 92 193
77 92 193
77 92 193
77 93 193
77 93 193
77 93 194
77 93 194
77 93 194
78 94 194
78 94 194
78 94 194
78 94 194
78 94 195
78 94 195
79 95 195
79 95 195
79 95 195
79 95 195
79 95 195
79 96 196
79 96 196
80 96 196
80 96 196
80 96 196
80 97 196
80 97 196
80 97 196
81 97 197
81 97 197
81 97 197
81 98 197
81 98 197
81 98 197
81 98 197
82 98 198
82 99 198
82 99 198
82 99 198
82 99 198
82 99 198
83 100 198
83 100 199
83 100 199
83 100 199
83 100 199
83 100 199
84 101 199
84 101 199
84 101 200
84 101 200
84 101 200
84 102 200
84 102 200
85 102 200
85 102 200
85 102 201
85 103 201
85 103 201
85 103 201
86 103 201
86 103 201
86 103 201
86 104 201
86 104 202
86 104 202
86 104 202
87 104 202
87 105 202
87 105 202
87 105 202
87 105 203
87 105 203
88 106 203
88 106 203
88 106 203
88 106 203
88 106 203
88 106 203
89 107 204
89 107 204
89 107 204
89 107 204
89 107 204
89 108 204
89 108 204
90 108 204
90 108 205
90 108 205
90 108 205
90 109 205
90 109 205
91 109 205
91 109 205
91 109 205
91 110 205
91 110 206
91 110 206
92 110 206
92 110 206
92 110 206
92 111 206
92 111 206
92 111 206
93 111 207
93 111 207
93 112 207
93 112 207
93 112 207
93 112 207
94 112 207
94 112 207
94 113 208
94 113 208
94 113 208
94 113 208
94 113 208
95 114 208
95 114 208
95 114 208
95 114 208
95 114 209
95 114 209
96 115 209
96 115 209
96 115 209
96 115 209
96 115 209
96 116 209
97 116 210
97 116 210
97 116 210
97 116 210
97 116 210
97 117 210
98 117 210
98 117 210
98 117 210
98 117 211
98 117 211
98 118 211
99 118 211
99 118 211
99 118 211
99 118 211
99 119 211
99 119 211
99 119 211
100 119 212
100 119 212
100 119 212
100 120 212
100 120 212
100 120 212
101 120 212
101 120 212
101 120 212
101 121 212
101 121 213
101 121 213
102 121 213
102 121 213
102 122 213
102 122 213
102 122 213
102 122 213
103 122 213
103 122 213
103 123 214
103 123 214
103 123 214
103 123 214
104 123 214
104 123 214
104 124 214
104 124 214
104 124 214
104 124 215
105 124 215
105 124 215
105 125 215
105 125 215
105 125 215
105 125 215
106 125 215
106 126 215
106 126 215
106 126 216
106 126 216
106 126 216
107 126 216
107 127 216
107 127 216
107 127 216
107 127 216
107 127 216
108 127 216
108 128 217
108 128 217
108 128 217
108 128 217
108 128 217
109 128 217
109 129 217
109 129 217
109 129 217
109 129 217
109 129 217
110 129 217
110 130 218
110 130 218
110 130 218
110 130 218
110 130 218
111 130 218
111 131 218
111 131 218
111 131 218
111 131 218
111 131 218
112 131 218
112 132 218
112 132 219
112 132 219
112 132 219
112 132 219
113 132 219
113 133 219
113 133 219
113 133 219
113 133 219
113 133 219
114 133 219
114 134 219
114 134 220
114 134 220
114 134 220
114 134 220
115 134 220
115 135 220
115 135 220
115 135 220
115 135 220
115 135 220
116 135 220
116 136 220
116 136 220
116 136 221
116 136 221
117 136 221
117 136 221
117 137 221
117 137 221
117 137 221
117 137 221
118 137 221
118 137 221
118 138 221
118 138 221
118 138 222
118 138 222
119 138 222
119 138 222
119 139 222
119 139 222
119 139 222
119 139 222
120 139 222
120 139 222
120 140 222
120 140 222
120 140 222
120 140 222
121 140 222
121 140 222
121 140 223
121 141 223
121 141 223
121 141 223
122 141 223
122 141 223
122 141 223
122 142 223
122 142 223
122 142 223
123 142 223
123 142 223
123 142 223
123 143 223
123 143 223
123 143 223
124 143 223
124 143 224
124 143 224
124 143 224
124 144 224
125 144 224
125 144 224
125 144 224
125 144 224
125 144 224
125 145 224
126 145 224
126 145 224
126 145 224
126 145 224
126 145 224
126 145 224
127 146 225
127 146 225
127 146 225
127 146 225
127 146 225
127 146 225
128 147 225
128 147 225
128 147 225
128 147 225
128 147 225
128 147 225
129 148 225
129 148 225
129 148 225
129 148 225
129 148 225
129 148 226
130 148 226
130 149 226
130 149 226
130 149 226
130 149 226
131 149 226
131 149 226
131 149 226
131 150 226
131 150 226
131 150 226
132 150 226
132 150 226
132 150 226
132 150 226
132 151 226
132 151 226
133 151 226
133 151 226
133 151 226
133 151 226
133 152 226
133 152 226
134 152 226
134 152 226
134 152 227
134 152 227
134 152 227
135 153 227
135 153 227
135 153 227
135 153 227
135 153 227
135 153 227
136 153 227
136 154 227
136 154 227
136 154 227
136 154 227
136 154 227
137 154 227
137 154 227
137 155 227
137 155 227
137 155 227
137 155 227
138 155 227
138 155 227
138 155 227
138 156 227
138 156 227
138 156 227
139 156 228
139 156 228
139 156 228
139 156 228
139 157 228
140 157 228
140 157 228
140 157 228
140 157 228
140 157 228
140 157 228
141 158 228
141 158 228
141 158 228
141 158 228
141 158 228
141 158 228
142 158 228
142 159 228
142 159 228
142 159 228
142 159 228
142 159 228
143 159 228
143 159 228
143 160 228
143 160 228
143 160 228
143 160 228
144 160 228
144 160 228
144 160 228
144 160 228
144 161 228
145 161 228
145 161 228
145 161 228
145 161 228
145 161 228
145 161 228
146 162 228
146 162 228
146 162 228
146 162 228
146 162 228
146 162 228
147 162 229
147 162 229
147 163 229
147 163 229
147 163 229
147 163 229
148 163 229
148 163 229
148 163 229
148 164 229
148 164 229
148 164 229
149 164 229
149 164 229
149 164 229
149 164 229
149 164 229
150 165 229
150 165 229
150 165 229
150 165 229
150 165 229
150 165 229
151 165 229
151 166 229
151 166 229
151 166 229
151 166 229
151 166 229
152 166 229
152 166 229
152 166 229
152 167 229
152 167 229
152 167 229
153 167 229
153 167 229
153 167 229
153 167 229
153 167 229
153 168 229
154 168 229
154 168 229
154 168 229
154 168 229
154 168 229
155 168 229
155 168 229
155 168 229
155 169 229
155 169 229
155 169 229
156 169 229
156 169 229
156 169 229
156 169 229
156 169 229
156 170 229
157 170 229
157 170 229
157 170 229
157 170 229
157 170 229
157 170 229
158 170 229
158 171 229
158 171 229
158 171 229
158 171 229
158 171 229
159 171 229
159 171 229
159 171 229
159 171 229
159 172 229
159 172 229
160 172 229
160 172 229
160 172 229
160 172 229
160 172 229
160 172 229
161 173 229
161 173 229
161 173 229
161 173 229
161 173 229
162 173 229
162 173 229
162 173 229
162 174 229
162 174 229
162 174 229
163 174 229
163 174 229
163 174 229
163 174 228
163 174 228
163 174 228
164 174 228
164 175 228
164 175 228
164 175 228
164 175 228
164 175 228
165 175 228
165 175 228
165 175 228
165 175 228
165 176 228
165 176 228
166 176 228
166 176 228
166 176 228
166 176 228
166 176 228
166 176 228
167 176 228
167 176 228
167 177 228
167 177 228
167 177 228
167 177 228
168 177 228
168 177 228
168 177 228
168 177 228
168 177 228
168 178 228
169 178 228
169 178 228
169 178 228
169 178 227
169 178 227
169 178 227
170 178 227
170 178 227
170 178 227
170 179 227
170 179 227
170 179 227
171 179 227
171 179 227
171 179 227
171 179 227
171 179 227
171 179 227
172 180 227
172 180 227
172 180 227
172 180 227
172 180 227
172 180 227
173 180 227
173 180 227
173 180 227
173 180 227
173 181 227
173 181 227
174 181 227
174 181 227
174 181 227
174 181 227
174 181 226
174 181 226
175 181 226
175 181 226
175 181 226
175 182 226
175 182 226
175 182 226
176 182 226
176 182 226
176 182 226
176 182 226
176 182 226
176 182 226
177 182 226
177 182 226
177 183 226
177 183 226
177 183 226
177 183 226
178 183 225
178 183 225
178 183 225
178 183 225
178 183 225
178 183 225
179 183 225
179 184 225
179 184 225
179 184 225
179 184 225
179 184 225
179 184 225
180 184 225
180 184 225
180 184 225
180 184 225
180 184 225
180 185 225
181 185 225
181 185 224
181 185 224
181 185 224
181 185 224
181 185 224
182 185 224
182 185 224
182 185 224
182 185 224
182 186 224
182 186 224
183 186 224
183 186 224
183 186 224
183 186 224
183 186 224
183 186 224
184 186 224
184 186 224
184 186 224
184 186 223
184 187 223
184 187 223
185 187 223
185 187 223
185 187 223
185 187 223
185 187 223
185 187 223
185 187 223
186 187 223
186 187 223
186 187 223
186 187 223
186 187 222
186 188 222
187 188 222
187 188 222
187 188 222
187 188 222
187 188 222
187 188 222
187 188 222
188 188 222
188 188 222
188 188 222
188 188 222
188 188 222
188 189 221
189 189 221
189 189 221
189 189 221
189 189 221
189 189 221
189 189 221
190 189 221
190 189 221
190 189 221
190 189 221
190 189 221
190 189 221
190 189 221
191 190 220
191 190 220
191 190 220
191 190 220
191 190 220
191 190 220
192 190 220
192 190 220
192 190 220
192 190 220
192 190 220
192 190 220
192 190 220
193 190 220
193 191 220
193 191 219
193 191 219
193 191 219
193 191 219
194 191 219
194 191 219
194 191 219
194 191 219
194 191 219
194 191 219
194 191 219
195 191 219
195 191 218
195 191 218
195 191 218
195 192 218
195 192 218
196 192 218
196 192 218
196 192 218
196 192 218
196 192 218
196 192 218
196 192 217
197 192 217
197 192 217
197 192 217
197 192 217
197 192 217
197 192 217
197 192 217
198 192 217
198 192 217
198 193 217
198 193 216
198 193 216
198 193 216
198 193 216
199 193 216
199 193 216
199 193 216
199 193 216
199 193 216
199 193 216
200 193 216
200 193 215
200 193 215
200 193 215
200 193 215
200 193 215
200 193 215
201 194 215
201 194 215
201 194 215
201 194 215
201 194 215
201 194 214
201 194 214
202 194 214
202 194 214
202 194 214
202 194 214
202 194 214
202 194 214
202 194 214
203 194 214
203 194 214
203 194 213
203 194 213
203 195 213
203 195 213
204 195 213
204 195 213
204 195 213
204 195 213
204 195 213
204 195 213
204 195 212
204 195 212
205 195 212
205 195 212
205 195 212
205 195 212
205 195 212
205 195 212
205 195 212
206 195 211
206 195 211
206 195 211
206 195 211
206 195 211
206 195 211
206 195 211
207 195 211
207 195 211
207 196 210
207 196 210
207 196 210
207 196 210
207 196 210
208 196 210
208 196 210
208 196 210
208 196 210
208 196 209
208 196 209
208 196 209
208 196 209
209 196 209
209 196 209
209 196 209
209 196 209
209 196 209
209 196 208
209 196 208
210 196 208
210 196 208
210 196 208
210 196 208
210 196 208
210 196 208
210 196 208
211 197 207
211 197 207
211 197 207
211 197 207
211 197 207
211 197 207
211 197 207
212 197 207
212 197 207
212 197 206
212 197 206
212 197 206
212 197 206
212 197 206
212 197 206
213 197 206
213 197 206
213 197 205
213 197 205
213 197 205
213 197 205
213 197 205
213 197 205
214 197 205
214 197 205
214 197 204
214 197 204
214 197 204
214 197 204
214 197 204
215 197 204
215 197 204
215 197 204
215 197 203
215 197 203
215 197 203
215 197 203
215 197 203
216 197 203
216 197 203
216 197 203
216 197 202
216 198 202
216 198 202
216 198 202
216 198 202
217 198 202
217 198 202
217 198 201
217 198 201
217 198 201
217 198 201
217 198 201
217 198 201
218 198 201
218 198 201
218 198 200
218 198 200
218 198 200
218 198 200
218 198 200
218 198 200
219 198 200
219 198 200
219 198 199
219 198 199
219 198 199
219 198 199
219 198 199
219 198 199
220 198 199
220 198 199
220 198 198
220 198 198
220 198 198
220 198 198
220 198 198
220 198 198
221 198 198
221 198 197
221 198 197
221 198 197
221 198 197
221 198 197
221 198 197
222 197 196
222 197 196
222 197 196
222 197 196
222 197 196
222 197 196
222 197 195
222 197 195
223 197 195
223 197 195
223 197 195
223 197 195
223 197 195
223 197 194
223 197 194
223 197 194
224 197 194
224 196 194
224 196 194
224 196 193
224 196 193
224 196 193
224 196 193
225 196 193
225 196 193
225 196 192
225 196 192
225 196 192
225 196 192
225 196 192
225 196 192
226 196 191
226 196 191
226 196 191
226 195 191
226 195 191
226 195 191
226 195 191
226 195 190
227 195 190
227 195 190
227 195 190
227 195 190
227 195 190
227 195 189
227 195 189
227 195 189
228 195 189
228 195 189
228 195 189
228 195 188
228 194 188
228 194 188
228 194 188
228 194 188
229 194 188
229 194 187
229 194 187
229 194 187
229 194 187
229 194 187
229 194 187
229 194 186
229 194 186
230 194 186
230 193 186
230 193 186
230 193 186
230 193 185
230 193 185
230 193 185
230 193 185
230 193 185
230 193 185
231 193 184
231 193 184
231 193 184
231 193 184
231 192 184
231 192 184
231 192 183
231 192 183
231 192 183
232 192 183
232 192 183
232 192 183
232 192 182
232 192 182
232 192 182
232 192 182
232 192 182
232 191 182
232 191 181
233 191 181
233 191 181
233 191 181
233 191 181
233 191 181
233 191 180
233 191 180
233 191 180
233 191 180
234 191 180
234 191 180
234 190 179
234 190 179
234 190 179
234 190 179
234 190 179
234 190 179
234 190 178
234 190 178
235 190 178
235 190 178
235 190 178
235 190 178
235 189 177
235 189 177
235 189 177
235 189 177
235 189 177
235 189 177
236 189 176
236 189 176
236 189 176
236 189 176
236 189 176
236 188 176
236 188 175
236 188 175
236 188 175
236 188 175
236 188 175
236 188 175
236 188 174
237 188 174
237 188 174
237 188 174
237 187 174
237 187 174
237 187 173
237 187 173
237 187 173
237 187 173
237 187 173
237 187 173
237 187 172
238 187 172
238 186 172
238 186 172
238 186 172
238 186 171
238 186 171
238 186 171
238 186 171
238 186 171
238 186 171
238 186 170
238 186 170
239 185 170
239 185 170
239 185 170
239 185 170
239 185 169
239 185 169
239 185 169
239 185 169
239 185 169
239 185 169
239 184 168
239 184 168
239 184 168
240 184 168
240 184 168
240 184 168
240 184 167
240 184 167
240 184 167
240 184 167
240 184 167
240 183 167
240 183 166
240 183 166
240 183 166
240 183 166
241 183 166
241 183 165
241 183 165
241 183 165
241 182 165
241 182 165
241 182 165
241 182 164
241 182 164
241 182 164
241 182 164
241 182 164
241 182 164
241 181 163
241 181 163
241 181 163
241 181 163
242 181 163
242 181 163
242 181 162
242 181 162
242 181 162
242 180 162
242 180 162
242 180 161
242 180 161
242 180 161
242 180 161
242 180 161
242 180 161
242 180 160
242 179 160
242 179 160
242 179 160
242 179 160
243 179 160
243 179 159
243 179 159
243 179 159
243 179 159
243 178 159
243 178 158
243 178 158
243 178 158
243 178 158
243 178 158
243 178 158
243 178 157
243 178 157
243 177 157
243 177 157
243 177 157
244 177 157
244 177 156
244 177 156
244 177 156
244 177 156
244 177 156
244 176 156
244 176 155
244 176 155
244 176 155
244 176 155
244 176 155
244 176 154
244 176 154
244 175 154
244 175 154
244 175 154
244 175 154
244 175 153
244 175 153
244 175 153
244 175 153
244 174 153
245 174 153
245 174 152
245 174 152
245 174 152
245 174 152
245 174 152
245 174 151
245 173 151
245 173 151
245 173 151
245 173 151
245 173 151
245 173 150
245 173 150
245 173 150
245 172 150
245 172 150
245 172 150
245 172 149
245 172 149
245 172 149
245 172 149
245 171 149
245 171 148
245 171 148
245 171 148
245 171 148
245 171 148
245 171 148
245 171 147
246 170 147
246 170 147
246 170 147
246 170 147
246 170 147
246 170 146
246 170 146
246 170 146
246 169 146
246 169 146
246 169 145
246 169 145
246 169 145
246 169 145
246 169 145
246 169 145
246 168 144
246 168 144
246 168 144
246 168 144
246 168 144
246 168 144
246 168 143
246 167 143
246 167 143
246 167 143
246 167 143
246 167 142
246 167 142
246 167 142
246 166 142
246 166 142
246 166 142
246 166 141
246 166 141
246 166 141
246 166 141
246 165 141
246 165 140
246 165 140
246 165 140
246 165 140
246 165 140
246 165 140
246 164 139
246 164 139
246 164 139
246 164 139
246 164 139
246 164 139
246 164 138
247 163 138
247 163 138
247 163 138
247 163 138
247 163 137
247 163 137
247 163 137
247 162 137
247 162 137
247 162 137
247 162 136
247 162 136
247 162 136
247 162 136
247 161 136
247 161 136
247 161 135
247 161 135
247 161 135
247 161 135
247 161 135
247 160 134
247 160 134
247 160 134
247 160 134
247 160 134
247 160 134
247 160 133
247 159 133
247 159 133
247 159 133
247 159 133
247 159 133
247 159 132
247 159 132
247 158 132
247 158 132
247 158 132
247 158 131
247 158 131
247 158 131
247 157 131
247 157 131
247 157 131
247 157 130
247 157 130
247 157 130
247 157 130
247 156 130
247 156 130
247 156 129
247 156 129
247 156 129
247 156 129
247 155 129
247 155 128
247 155 128
247 155 128
247 155 128
247 155 128
246 154 128
246 154 127
246 154 127
246 154 127
246 154 127
246 154 127
246 154 127
246 153 126
246 153 126
246 153 126
246 153 126
246 153 126
246 153 125
246 152 125
246 152 125
246 152 125
246 152 125
246 152 125
246 152 124
246 151 124
246 151 124
246 151 124
246 151 124
246 151 124
246 151 123
246 151 123
246 150 123
246 150 123
246 150 123
246 150 122
246 150 122
246 150 122
246 149 122
246 149 122
246 149 122
246 149 121
246 149 121
246 149 121
246 148 121
246 148 121
246 148 121
246 148 120
246 148 120
246 148 120
246 147 120
246 147 120
246 147 120
246 147 119
246 147 119
246 147 119
246 146 119
246 146 119
245 146 118
245 146 118
245 146 118
245 146 118
245 145 118
245 145 118
245 145 117
245 145 117
245 145 117
245 145 117
245 144 117
245 144 117
245 144 116
245 144 116
245 144 116
245 144 116
245 143 116
245 143 116
245 143 115
245 143 115
245 143 115
245 143 115
245 142 115
245 142 114
245 142 114
245 142 114
245 142 114
245 141 114
245 141 114
244 141 113
244 141 113
244 141 113
244 141 113
244 140 113
244 140 113
244 140 112
244 140 112
244 140 112
244 140 112
244 139 112
244 139 112
244 139 111
244 139 111
244 139 111
244 139 111
244 138 111
244 138 110
244 138 110
244 138 110
244 138 110
244 138 110
244 137 110
244 137 109
244 137 109
243 137 109
243 137 109
243 136 109
243 136 109
243 136 108
243 136 108
243 136 108
243 136 108
243 135 108
243 135 108
243 135 107
243 135 107
243 135 107
243 134 107
243 134 107
243 134 107
243 134 106
242 134 106
242 133 106
242 133 106
242 133 106
242 133 106
242 133 105
242 133 105
242 132 105
242 132 105
242 132 105
242 132 104
242 132 104
242 131 104
242 131 104
242 131 104
242 131 104
242 131 103
242 131 103
241 130 103
241 130 103
241 130 103
241 130 103
241 130 102
241 129 102
241 129 102
241 129 102
241 129 102
241 129 102
241 129 101
241 128 101
241 128 101
241 128 101
241 128 101
241 128 101
241 127 100
240 127 100
240 127 100
240 127 100
240 127 100
240 127 100
240 126 99
240 126 99
240 126 99
240 126 99
240 126 99
240 125 99
240 125 98
240 125 98
240 125 98
240 125 98
239 124 98
239 124 98
239 124 97
239 124 97
239 124 97
239 123 97
239 123 97
239 123 97
239 123 96
239 123 96
239 122 96
239 122 96
239 122 96
238 122 96
238 122 95
238 121 95
238 121 95
238 121 95
238 121 95
238 121 95
238 121 94
238 120 94
238 120 94
238 120 94
238 120 94
237 120 94
237 119 93
237 119 93
237 119 93
237 119 93
237 119 93
237 118 93
237 118 92
237 118 92
237 118 92
237 118 92
237 117 92
237 117 92
236 117 91
236 117 91
236 117 91
236 116 91
236 116 91
236 116 91
236 116 90
236 116 90
236 115 90
236 115 90
236 115 90
236 115 90
236 115 89
235 114 89
235 114 89
235 114 89
235 114 89
235 114 89
235 113 88
235 113 88
235 113 88
235 113 88
235 113 88
235 112 88
234 112 87
234 112 87
234 112 87
234 112 87
234 111 87
234 111 87
234 111 86
234 111 86
234 111 86
234 110 86
233 110 86
233 110 86
233 110 86
233 110 85
233 109 85
233 109 85
233 109 85
233 109 85
233 108 85
233 108 84
232 108 84
232 108 84
232 108 84
232 107 84
232 107 84
232 107 83
232 107 83
232 107 83
232 106 83
232 106 83
231 106 83
231 106 82
231 106 82
231 105 82
231 105 82
231 105 82
231 105 82
231 105 82
231 104 81
231 104 81
230 104 81
230 104 81
230 104 81
230 103 81
230 103 80
230 103 80
230 103 80
230 102 80
230 102 80
230 102 80
229 102 79
229 102 79
229 101 79
229 101 79
229 101 79
229 101 79
229 101 78
229 100 78
229 100 78
229 100 78
228 100 78
228 100 78
228 99 78
228 99 77
228 99 77
228 99 77
228 98 77
228 98 77
227 98 77
227 98 76
227 98 76
227 97 76
227 97 76
227 97 76
227 97 76
227 96 76
227 96 75
226 96 75
226 96 75
226 96 75
226 95 75
226 95 75
226 95 74
226 95 74
226 94 74
225 94 74
225 94 74
225 94 74
225 94 74
225 93 73
225 93 73
225 93 73
225 93 73
224 93 73
224 92 73
224 92 72
224 92 72
224 92 72
224 91 72
224 91 72
224 91 72
224 91 72
223 91 71
223 90 71
223 90 71
223 90 71
223 90 71
223 89 71
223 89 70
223 89 70
222 89 70
222 89 70
222 88 70
222 88 70
222 88 70
222 88 69
222 87 69
222 87 69
222 87 69
221 87 69
221 87 69
221 86 68
221 86 68
221 86 68
221 86 68
221 85 68
220 85 68
220 85 68
220 85 67
220 84 67
220 84 67
220 84 67
220 84 67
220 84 67
219 83 67
219 83 66
219 83 66
219 83 66
219 82 66
219 82 66
219 82 66
218 82 65
218 81 65
218 81 65
218 81 65
218 81 65
218 80 65
218 80 65
217 80 64
217 80 64
217 80 64
217 79 64
217 79 64
217 79 64
217 79 64
216 78 63
216 78 63
216 78 63
216 78 63
216 77 63
216 77 63
216 77 63
216 77 62
215 76 62
215 76 62
215 76 62
215 76 62
215 76 62
215 75 62
215 75 61
214 75 61
214 75 61
214 74 61
214 74 61
214 74 61
214 74 60
214 73 60
213 73 60
213 73 60
213 73 60
213 73 60
213 72 60
213 72 59
213 72 59
212 72 59
212 71 59
212 71 59
212 71 59
212 71 59
212 70 58
212 70 58
211 70 58
211 70 58
211 69 58
211 69 58
211 69 58
211 69 57
210 68 57
210 68 57
210 68 57
210 67 57
210 67 57
210 67 57
210 67 57
209 66 56
209 66 56
209 66 56
209 66 56
209 65 56
209 65 56
208 65 56
208 65 55
208 64 55
208 64 55
208 64 55
208 64 55
208 63 55
207 63 55
207 63 54
207 63 54
207 62 54
207 62 54
207 62 54
206 62 54
206 61 54
206 61 53
206 61 53
206 61 53
206 60 53
206 60 53
205 60 53
205 60 53
205 59 52
205 59 52
205 59 52
205 58 52
204 58 52
204 58 52
204 58 52
204 57 52
204 57 51
204 57 51
203 57 51
203 56 51
203 56 51
203 56 51
203 56 51
203 55 50
203 55 50
202 55 50
202 55 50
202 54 50
202 54 50
202 54 50
202 53 49
201 53 49
201 53 49
201 52 49
201 52 49
201 52 49
201 52 49
200 51 49
200 51 48
200 51 48
200 50 48
200 50 48
199 50 48
199 49 48
199 49 48
199 49 48
199 49 47
199 48 47
198 48 47
198 48 47
198 47 47
198 47 47
198 47 47
198 46 46
197 46 46
197 46 46
197 46 46
197 45 46
197 45 46
197 45 46
196 44 46
196 44 45
196 44 45
196 43 45
196 43 45
196 43 45
195 43 45
195 42 45
195 42 45
195 42 44
195 41 44
194 41 44
194 41 44
194 40 44
194 40 44
194 40 44
194 40 43
193 39 43
193 39 43
193 39 43
193 38 43
193 38 43
193 38 43
192 37 43
192 37 42
192 37 42
192 37 42
192 36 42
192 36 42
191 36 42
191 35 42
191 35 42
191 34 41
191 34 41
190 33 41
190 33 41
190 32 41
190 32 41
190 31 41
190 31 41
189 30 40
189 30 40
189 29 40
189 28 40
189 28 40
188 27 40
188 27 40
188 26 40
188 26 39
188 25 39
187 25 39
187 24 39
187 24 39
187 23 39
187 23 39
187 22 39
186 22 38
186 21 38
186 21 38
186 20 38
186 20 38
185 19 38
185 19 38
185 18 38
185 18 38
185 17 37
184 17 37
184 16 37
184 16 37
184 15 37
184 15 37
184 14 37
183 14 37
183 13 36
183 13 36
183 12 36
183 12 36
182 11 36
182 11 36
182 10 36
182 10 36
182 9 35
182 9 35
181 8 35
181 8 35
181 7 35
181 7 35
181 6 35
180 6 35
180 5 34
180 5 34
180 4 34
180 4 34
179 3 34
