0 0 0
0 0 0
0 0 0
0 0 0
0 0 0
0 0 0
0 0 0
1 0 0
1 0 0
1 0 0
1 0 0
1 1 0
1 1 0
2 1 0
2 1 0
2 1 0
2 1 0
2 1 1
2 1 1
2 1 1
3 1 1
3 2 1
3 2 1
3 2 1
3 2 1
3 2 1
4 2 1
4 2 1
4 2 1
4 2 1
4 2 1
4 3 1
4 3 1
5 3 2
5 3 2
5 3 2
5 3 2
5 3 2
5 3 2
6 3 2
6 3 2
6 3 2
6 4 2
6 4 2
6 4 2
6 4 2
7 4 2
7 4 2
7 4 2
7 4 3
7 4 3
7 4 3
8 5 3
8 5 3
8 5 3
8 5 3
8 5 3
8 5 3
8 5 3
9 5 3
9 5 3
9 5 3
9 6 3
9 6 3
9 6 3
10 6 4
10 6 4
10 6 4
10 6 4
10 6 4
10 6 4
10 6 4
11 7 4
11 7 4
11 7 4
11 7 4
11 7 4
11 7 4
12 7 4
12 7 4
12 7 4
12 7 5
12 7 5
12 8 5
12 8 5
13 8 5
13 8 5
13 8 5
13 8 5
13 8 5
13 8 5
14 8 5
14 8 5
14 9 5
14 9 5
14 9 5
14 9 5
14 9 6
15 9 6
15 9 6
15 9 6
15 9 6
15 9 6
15 10 6
16 10 6
16 10 6
16 10 6
16 10 6
16 10 6
16 10 6
16 10 6
17 10 6
17 10 6
17 10 7
17 11 7
17 11 7
17 11 7
18 11 7
18 11 7
18 11 7
18 11 7
18 11 7
18 11 7
18 11 7
19 12 7
19 12 7
19 12 7
19 12 7
19 12 7
19 12 7
20 12 8
20 12 8
20 12 8
20 12 8
20 13 8
20 13 8
20 13 8
21 13 8
21 13 8
21 13 8
21 13 8
21 13 8
21 13 8
22 13 8
22 14 8
22 14 8
22 14 9
22 14 9
22 14 9
22 14 9
23 14 9
23 14 9
23 14 9
23 14 9
23 14 9
23 15 9
24 15 9
24 15 9
24 15 9
24 15 9
24 15 9
24 15 9
24 15 10
25 15 10
25 15 10
25 16 10
25 16 10
25 16 10
25 16 10
26 16 10
26 16 10
26 16 10
26 16 10
26 16 10
26 16 10
26 17 10
27 17 10
27 17 10
27 17 11
27 17 11
27 17 11
27 17 11
28 17 11
28 17 11
28 17 11
28 18 11
28 18 11
28 18 11
28 18 11
29 18 11
29 18 11
29 18 11
29 18 11
29 18 11
29 18 12
30 18 12
30 19 12
30 19 12
30 19 12
30 19 12
30 19 12
30 19 12
31 19 12
31 19 12
31 19 12
31 19 12
31 20 12
31 20 12
32 20 12
32 20 12
32 20 13
32 20 13
32 20 13
32 20 13
32 20 13
33 20 13
33 21 13
33 21 13
33 21 13
33 21 13
33 21 13
34 21 13
34 21 13
34 21 13
34 21 13
34 21 13
34 21 14
34 22 14
35 22 14
35 22 14
35 22 14
35 22 14
35 22 14
35 22 14
36 22 14
36 22 14
36 22 14
36 23 14
36 23 14
36 23 14
36 23 14
37 23 14
37 23 14
37 23 15
37 23 15
37 23 15
37 23 15
38 24 15
38 24 15
38 24 15
38 24 15
38 24 15
38 24 15
38 24 15
39 24 15
39 24 15
39 24 15
39 25 15
39 25 15
39 25 16
40 25 16
40 25 16
40 25 16
40 25 16
40 25 16
40 25 16
40 25 16
41 25 16
41 26 16
41 26 16
41 26 16
41 26 16
41 26 16
42 26 16
42 26 16
42 26 17
42 26 17
42 26 17
42 27 17
42 27 17
43 27 17
43 27 17
43 27 17
43 27 17
43 27 17
43 27 17
44 27 17
44 27 17
44 28 17
44 28 17
44 28 17
44 28 18
44 28 18
45 28 18
45 28 18
45 28 18
45 28 18
45 28 18
45 29 18
46 29 18
46 29 18
46 29 18
46 29 18
46 29 18
46 29 18
46 29 18
47 29 18
47 29 19
47 29 19
47 30 19
47 30 19
47 30 19
48 30 19
48 30 19
48 30 19
48 30 19
48 30 19
48 30 19
48 30 19
49 31 19
49 31 19
49 31 19
49 31 19
49 31 20
49 31 20
50 31 20
50 31 20
50 31 20
50 31 20
50 32 20
50 32 20
50 32 20
51 32 20
51 32 20
51 32 20
51 32 20
51 32 20
51 32 20
52 32 20
52 32 21
52 33 21
52 33 21
52 33 21
52 33 21
52 33 21
53 33 21
53 33 21
53 33 21
53 33 21
53 33 21
53 34 21
54 34 21
54 34 21
54 34 21
54 34 21
54 34 22
54 34 22
54 34 22
55 34 22
55 34 22
55 35 22
55 35 22
55 35 22
55 35 22
56 35 22
56 35 22
56 35 22
56 35 22
56 35 22
56 35 22
56 36 22
57 36 22
57 36 23
57 36 23
57 36 23
57 36 23
57 36 23
58 36 23
58 36 23
58 36 23
58 36 23
58 37 23
58 37 23
58 37 23
59 37 23
59 37 23
59 37 23
59 37 23
59 37 24
59 37 24
60 37 24
60 38 24
60 38 24
60 38 24
60 38 24
60 38 24
60 38 24
61 38 24
61 38 24
61 38 24
61 38 24
61 39 24
61 39 24
62 39 24
62 39 25
62 39 25
62 39 25
62 39 25
62 39 25
62 39 25
63 39 25
63 39 25
63 40 25
63 40 25
63 40 25
63 40 25
64 40 25
64 40 25
64 40 25
64 40 25
64 40 26
64 40 26
64 41 26
65 41 26
65 41 26
65 41 26
65 41 26
65 41 26
65 41 26
66 41 26
66 41 26
66 41 26
66 42 26
66 42 26
66 42 26
66 42 26
67 42 27
67 42 27
67 42 27
67 42 27
67 42 27
67 42 27
68 43 27
68 43 27
68 43 27
68 43 27
68 43 27
68 43 27
68 43 27
69 43 27
69 43 27
69 43 27
69 43 28
69 44 28
69 44 28
70 44 28
70 44 28
70 44 28
70 44 28
70 44 28
70 44 28
70 44 28
71 44 28
71 45 28
71 45 28
71 45 28
71 45 28
71 45 28
72 45 29
72 45 29
72 45 29
72 45 29
72 45 29
72 46 29
72 46 29
73 46 29
73 46 29
73 46 29
73 46 29
73 46 29
73 46 29
74 46 29
74 46 29
74 47 29
74 47 29
74 47 30
74 47 30
74 47 30
75 47 30
75 47 30
75 47 30
75 47 30
75 47 30
75 47 30
76 48 30
76 48 30
76 48 30
76 48 30
76 48 30
76 48 30
76 48 30
77 48 31
77 48 31
77 48 31
77 49 31
77 49 31
77 49 31
78 49 31
78 49 31
78 49 31
78 49 31
78 49 31
78 49 31
78 49 31
79 50 31
79 50 31
79 50 31
79 50 32
79 50 32
79 50 32
80 50 32
80 50 32
80 50 32
80 50 32
80 50 32
80 51 32
80 51 32
81 51 32
81 51 32
81 51 32
81 51 32
81 51 32
81 51 32
82 51 33
82 51 33
82 52 33
82 52 33
82 52 33
82 52 33
82 52 33
83 52 33
83 52 33
83 52 33
83 52 33
83 52 33
83 53 33
84 53 33
84 53 33
84 53 33
84 53 34
84 53 34
84 53 34
84 53 34
85 53 34
85 53 34
85 54 34
85 54 34
85 54 34
85 54 34
86 54 34
86 54 34
86 54 34
86 54 34
86 54 34
86 54 34
86 54 35
87 55 35
87 55 35
87 55 35
87 55 35
87 55 35
87 55 35
88 55 35
88 55 35
88 55 35
88 55 35
88 56 35
88 56 35
88 56 35
89 56 35
89 56 35
89 56 36
89 56 36
89 56 36
89 56 36
90 56 36
90 57 36
90 57 36
90 57 36
90 57 36
90 57 36
90 57 36
91 57 36
91 57 36
91 57 36
91 57 36
91 58 36
91 58 36
92 58 37
92 58 37
92 58 37
92 58 37
92 58 37
92 58 37
92 58 37
93 58 37
93 58 37
93 59 37
93 59 37
93 59 37
93 59 37
94 59 37
94 59 37
94 59 37
94 59 38
94 59 38
94 59 38
94 60 38
95 60 38
95 60 38
95 60 38
95 60 38
95 60 38
95 60 38
96 60 38
96 60 38
96 60 38
96 61 38
96 61 38
96 61 38
96 61 39
97 61 39
97 61 39
97 61 39
97 61 39
97 61 39
97 61 39
98 61 39
98 62 39
98 62 39
98 62 39
98 62 39
98 62 39
98 62 39
99 62 39
99 62 39
99 62 40
99 62 40
99 63 40
99 63 40
100 63 40
100 63 40
100 63 40
100 63 40
100 63 40
100 63 40
100 63 40
101 63 40
101 64 40
101 64 40
101 64 40
101 64 40
101 64 41
102 64 41
102 64 41
102 64 41
102 64 41
102 64 41
102 65 41
102 65 41
103 65 41
103 65 41
103 65 41
103 65 41
103 65 41
103 65 41
104 65 41
104 65 41
104 65 42
104 66 42
104 66 42
104 66 42
104 66 42
105 66 42
105 66 42
105 66 42
105 66 42
105 66 42
105 66 42
106 67 42
106 67 42
106 67 42
106 67 42
106 67 42
106 67 43
106 67 43
107 67 43
107 67 43
107 67 43
107 68 43
107 68 43
107 68 43
108 68 43
108 68 43
108 68 43
108 68 43
108 68 43
108 68 43
108 68 43
109 68 43
109 69 44
109 69 44
109 69 44
109 69 44
109 69 44
110 69 44
110 69 44
110 69 44
110 69 44
110 69 44
110 70 44
110 70 44
111 70 44
111 70 44
111 70 44
111 70 44
111 70 44
111 70 45
112 70 45
112 70 45
112 71 45
112 71 45
112 71 45
112 71 45
112 71 45
113 71 45
113 71 45
113 71 45
113 71 45
113 71 45
113 72 45
114 72 45
114 72 45
114 72 46
114 72 46
114 72 46
114 72 46
114 72 46
115 72 46
115 72 46
115 72 46
115 73 46
115 73 46
115 73 46
116 73 46
116 73 46
116 73 46
116 73 46
116 73 46
116 73 47
116 73 47
117 74 47
117 74 47
117 74 47
117 74 47
117 74 47
117 74 47
118 74 47
118 74 47
118 74 47
118 74 47
118 75 47
118 75 47
118 75 47
119 75 47
119 75 48
119 75 48
119 75 48
119 75 48
119 75 48
120 75 48
120 76 48
120 76 48
120 76 48
120 76 48
120 76 48
120 76 48
121 76 48
121 76 48
121 76 48
121 76 48
121 76 49
121 77 49
122 77 49
122 77 49
122 77 49
122 77 49
122 77 49
122 77 49
122 77 49
123 77 49
123 77 49
123 78 49
123 78 49
123 78 49
123 78 49
124 78 49
124 78 50
124 78 50
124 78 50
124 78 50
124 78 50
124 79 50
125 79 50
125 79 50
125 79 50
125 79 50
125 79 50
125 79 50
126 79 50
126 79 50
126 79 50
126 79 50
126 80 51
126 80 51
126 80 51
127 80 51
127 80 51
127 80 51
127 80 51
127 80 51
127 80 51
128 80 51
128 81 51
128 81 51
128 81 51
128 81 51
128 81 51
128 81 51
129 81 51
129 81 52
129 81 52
129 81 52
129 82 52
129 82 52
130 82 52
130 82 52
130 82 52
130 82 52
130 82 52
130 82 52
130 82 52
131 82 52
131 83 52
131 83 52
131 83 52
131 83 53
131 83 53
132 83 53
132 83 53
132 83 53
132 83 53
132 83 53
132 83 53
132 84 53
133 84 53
133 84 53
133 84 53
133 84 53
133 84 53
133 84 53
134 84 53
134 84 54
134 84 54
134 85 54
134 85 54
134 85 54
134 85 54
135 85 54
135 85 54
135 85 54
135 85 54
135 85 54
135 85 54
136 86 54
136 86 54
136 86 54
136 86 54
136 86 55
136 86 55
136 86 55
137 86 55
137 86 55
137 86 55
137 87 55
137 87 55
137 87 55
138 87 55
138 87 55
138 87 55
138 87 55
138 87 55
138 87 55
138 87 55
139 87 56
139 88 56
139 88 56
139 88 56
139 88 56
139 88 56
140 88 56
140 88 56
140 88 56
140 88 56
140 88 56
140 89 56
140 89 56
141 89 56
141 89 56
141 89 56
141 89 57
141 89 57
141 89 57
142 89 57
142 89 57
142 90 57
142 90 57
142 90 57
142 90 57
142 90 57
143 90 57
143 90 57
143 90 57
143 90 57
143 90 57
143 90 57
144 91 58
144 91 58
144 91 58
144 91 58
144 91 58
144 91 58
144 91 58
145 91 58
145 91 58
145 91 58
145 92 58
145 92 58
145 92 58
146 92 58
146 92 58
146 92 58
146 92 59
146 92 59
146 92 59
146 92 59
147 93 59
147 93 59
147 93 59
147 93 59
147 93 59
147 93 59
148 93 59
148 93 59
148 93 59
148 93 59
148 94 59
148 94 59
148 94 59
149 94 60
149 94 60
149 94 60
149 94 60
149 94 60
149 94 60
150 94 60
150 94 60
150 95 60
150 95 60
150 95 60
150 95 60
150 95 60
151 95 60
151 95 60
151 95 60
151 95 61
151 95 61
151 96 61
152 96 61
152 96 61
152 96 61
152 96 61
152 96 61
152 96 61
152 96 61
153 96 61
153 96 61
153 97 61
153 97 61
153 97 61
153 97 61
154 97 62
154 97 62
154 97 62
154 97 62
154 97 62
154 97 62
154 97 62
155 98 62
155 98 62
155 98 62
155 98 62
155 98 62
155 98 62
156 98 62
156 98 62
156 98 62
156 98 63
156 99 63
156 99 63
156 99 63
157 99 63
157 99 63
157 99 63
157 99 63
157 99 63
157 99 63
158 99 63
158 100 63
158 100 63
158 100 63
158 100 63
158 100 63
158 100 64
159 100 64
159 100 64
159 100 64
159 100 64
159 101 64
159 101 64
160 101 64
160 101 64
160 101 64
160 101 64
160 101 64
160 101 64
160 101 64
161 101 64
161 101 64
161 102 65
161 102 65
161 102 65
161 102 65
162 102 65
162 102 65
162 102 65
162 102 65
162 102 65
162 102 65
162 103 65
163 103 65
163 103 65
163 103 65
163 103 65
163 103 65
163 103 66
164 103 66
164 103 66
164 103 66
164 104 66
164 104 66
164 104 66
164 104 66
165 104 66
165 104 66
165 104 66
165 104 66
165 104 66
165 104 66
166 105 66
166 105 66
166 105 66
166 105 67
166 105 67
166 105 67
166 105 67
167 105 67
167 105 67
167 105 67
167 105 67
167 106 67
167 106 67
168 106 67
168 106 67
168 106 67
168 106 67
168 106 67
168 106 67
168 106 68
169 106 68
169 107 68
169 107 68
169 107 68
169 107 68
169 107 68
170 107 68
170 107 68
170 107 68
170 107 68
170 107 68
170 108 68
170 108 68
171 108 68
171 108 68
171 108 69
171 108 69
171 108 69
171 108 69
172 108 69
172 108 69
172 108 69
172 109 69
172 109 69
172 109 69
172 109 69
173 109 69
173 109 69
173 109 69
173 109 69
173 109 69
173 109 70
174 110 70
174 110 70
174 110 70
174 110 70
174 110 70
174 110 70
174 110 70
175 110 70
175 110 70
175 110 70
175 111 70
175 111 70
175 111 70
176 111 70
176 111 70
176 111 71
176 111 71
176 111 71
176 111 71
176 111 71
177 112 71
177 112 71
177 112 71
177 112 71
177 112 71
177 112 71
178 112 71
178 112 71
178 112 71
178 112 71
178 112 71
178 113 72
178 113 72
179 113 72
179 113 72
179 113 72
179 113 72
179 113 72
179 113 72
180 113 72
180 113 72
180 114 72
180 114 72
180 114 72
180 114 72
180 114 72
181 114 72
181 114 73
181 114 73
181 114 73
181 114 73
181 115 73
182 115 73
182 115 73
182 115 73
182 115 73
182 115 73
182 115 73
182 115 73
183 115 73
183 115 73
183 116 73
183 116 73
183 116 73
183 116 74
184 116 74
184 116 74
184 116 74
184 116 74
184 116 74
184 116 74
184 116 74
185 117 74
185 117 74
185 117 74
185 117 74
185 117 74
185 117 74
186 117 74
186 117 74
186 117 75
186 117 75
186 118 75
186 118 75
186 118 75
187 118 75
187 118 75
187 118 75
187 118 75
187 118 75
187 118 75
188 118 75
188 119 75
188 119 75
188 119 75
188 119 75
188 119 76
188 119 76
189 119 76
189 119 76
189 119 76
189 119 76
189 119 76
189 120 76
190 120 76
190 120 76
190 120 76
190 120 76
190 120 76
190 120 76
190 120 76
191 120 76
191 120 77
191 121 77
191 121 77
191 121 77
191 121 77
192 121 77
192 121 77
192 121 77
192 121 77
192 121 77
192 121 77
192 122 77
193 122 77
193 122 77
193 122 77
193 122 77
193 122 78
193 122 78
194 122 78
194 122 78
194 122 78
194 123 78
194 123 78
194 123 78
194 123 78
195 123 78
195 123 78
195 123 78
195 123 78
195 123 78
195 123 78
196 123 78
196 124 79
196 124 79
196 124 79
196 124 79
196 124 79
196 124 79
197 124 79
197 124 79
197 124 79
197 124 79
197 125 79
197 125 79
198 125 79
198 125 79
198 125 79
198 125 79
198 125 80
198 125 80
198 125 80
199 125 80
199 126 80
199 126 80
199 126 80
199 126 80
199 126 80
200 126 80
200 126 80
200 126 80
200 126 80
200 126 80
200 126 80
200 127 80
201 127 81
201 127 81
201 127 81
201 127 81
201 127 81
201 127 81
202 127 81
202 127 81
202 127 81
202 128 81
202 128 81
202 128 81
202 128 81
203 128 81
203 128 81
203 128 81
203 128 81
203 128 82
203 128 82
204 129 82
204 129 82
204 129 82
204 129 82
204 129 82
204 129 82
204 129 82
205 129 82
205 129 82
205 129 82
205 130 82
205 130 82
205 130 82
206 130 82
206 130 83
206 130 83
206 130 83
206 130 83
206 130 83
206 130 83
207 130 83
207 131 83
207 131 83
207 131 83
207 131 83
207 131 83
208 131 83
208 131 83
208 131 83
208 131 83
208 131 84
208 132 84
208 132 84
209 132 84
209 132 84
209 132 84
209 132 84
209 132 84
209 132 84
210 132 84
210 132 84
210 133 84
210 133 84
210 133 84
210 133 84
210 133 84
211 133 85
211 133 85
211 133 85
211 133 85
211 133 85
211 134 85
212 134 85
212 134 85
212 134 85
212 134 85
212 134 85
212 134 85
212 134 85
213 134 85
213 134 85
213 134 85
213 135 86
213 135 86
213 135 86
214 135 86
214 135 86
214 135 86
214 135 86
214 135 86
214 135 86
214 135 86
215 136 86
215 136 86
215 136 86
215 136 86
215 136 86
215 136 86
216 136 87
216 136 87
216 136 87
216 136 87
216 137 87
216 137 87
216 137 87
217 137 87
217 137 87
217 137 87
217 137 87
217 137 87
217 137 87
218 137 87
218 137 87
218 138 87
218 138 88
218 138 88
218 138 88
218 138 88
219 138 88
219 138 88
219 138 88
219 138 88
219 138 88
219 139 88
220 139 88
220 139 88
220 139 88
220 139 88
220 139 88
220 139 88
220 139 88
221 139 89
221 139 89
221 140 89
221 140 89
221 140 89
221 140 89
222 140 89
222 140 89
222 140 89
222 140 89
222 140 89
222 140 89
222 141 89
223 141 89
223 141 89
223 141 89
223 141 90
223 141 90
223 141 90
224 141 90
224 141 90
224 141 90
224 141 90
224 142 90
224 142 90
224 142 90
225 142 90
225 142 90
225 142 90
225 142 90
225 142 90
225 142 90
226 142 91
226 143 91
226 143 91
226 143 91
226 143 91
226 143 91
226 143 91
227 143 91
227 143 91
227 143 91
227 143 91
227 144 91
227 144 91
228 144 91
228 144 91
228 144 91
228 144 92
228 144 92
228 144 92
228 144 92
229 144 92
229 145 92
229 145 92
229 145 92
229 145 92
229 145 92
230 145 92
230 145 92
230 145 92
230 145 92
230 145 92
230 145 92
230 146 93
231 146 93
231 146 93
231 146 93
231 146 93
231 146 93
231 146 93
232 146 93
232 146 93
232 146 93
232 147 93
232 147 93
232 147 93
232 147 93
233 147 93
233 147 93
233 147 94
233 147 94
233 147 94
233 147 94
234 148 94
234 148 94
234 148 94
234 148 94
234 148 94
234 148 94
234 148 94
235 148 94
235 148 94
235 148 94
235 148 94
235 149 94
235 149 95
236 149 95
236 149 95
236 149 95
236 149 95
236 149 95
236 149 95
236 149 95
237 149 95
237 150 95
237 150 95
237 150 95
237 150 95
237 150 95
238 150 95
238 150 95
238 150 95
238 150 96
238 150 96
238 151 96
238 151 96
239 151 96
239 151 96
239 151 96
239 151 96
239 151 96
239 151 96
240 151 96
240 151 96
240 152 96
240 152 96
240 152 96
240 152 96
240 152 97
241 152 97
241 152 97
241 152 97
241 152 97
241 152 97
241 152 97
242 153 97
242 153 97
242 153 97
242 153 97
242 153 97
242 153 97
242 153 97
243 153 97
243 153 97
243 153 98
243 154 98
243 154 98
243 154 98
244 154 98
244 154 98
244 154 98
244 154 98
244 154 98
244 154 98
244 154 98
245 155 98
245 155 98
245 155 98
245 155 98
245 155 98
245 155 99
246 155 99
246 155 99
246 155 99
246 155 99
246 155 99
246 156 99
246 156 99
247 156 99
247 156 99
247 156 99
247 156 99
247 156 99
247 156 99
248 156 99
248 156 99
248 157 100
248 157 100
248 157 100
248 157 100
248 157 100
249 157 100
249 157 100
249 157 100
249 157 100
249 157 100
249 158 100
250 158 100
250 158 100
250 158 100
250 158 100
250 158 100
250 158 101
250 158 101
251 158 101
251 158 101
251 159 101
251 159 101
251 159 101
251 159 101
252 159 101
252 159 101
252 159 101
252 159 101
252 159 101
252 159 101
252 159 101
253 160 101
253 160 102
253 160 102
253 160 102
253 160 102
253 160 102
254 160 102
254 160 102
254 160 102
254 160 102
254 161 102
254 161 102
254 161 102
255 161 102
255 161 102
255 161 102
255 161 102
255 161 103
255 161 103
255 161 103
255 162 103
255 162 103
255 162 103
255 162 103
255 162 103
255 162 103
255 162 103
255 162 103
255 162 103
255 162 103
255 163 103
255 163 103
255 163 103
255 163 103
255 163 104
255 163 104
255 163 104
255 163 104
255 163 104
255 163 104
255 163 104
255 164 104
255 164 104
255 164 104
255 164 104
255 164 104
255 164 104
255 164 104
255 164 104
255 164 104
255 164 105
255 165 105
255 165 105
255 165 105
255 165 105
255 165 105
255 165 105
255 165 105
255 165 105
255 165 105
255 165 105
255 166 105
255 166 105
255 166 105
255 166 105
255 166 105
255 166 106
255 166 106
255 166 106
255 166 106
255 166 106
255 166 106
255 167 106
255 167 106
255 167 106
255 167 106
255 167 106
255 167 106
255 167 106
255 167 106
255 167 106
255 167 106
255 168 107
255 168 107
255 168 107
255 168 107
255 168 107
255 168 107
255 168 107
255 168 107
255 168 107
255 168 107
255 169 107
255 169 107
255 169 107
255 169 107
255 169 107
255 169 107
255 169 108
255 169 108
255 169 108
255 169 108
255 170 108
255 170 108
255 170 108
255 170 108
255 170 108
255 170 108
255 170 108
255 170 108
255 170 108
255 170 108
255 170 108
255 171 108
255 171 109
255 171 109
255 171 109
255 171 109
255 171 109
255 171 109
255 171 109
255 171 109
255 171 109
255 172 109
255 172 109
255 172 109
255 172 109
255 172 109
255 172 109
255 172 109
255 172 110
255 172 110
255 172 110
255 173 110
255 173 110
255 173 110
255 173 110
255 173 110
255 173 110
255 173 110
255 173 110
255 173 110
255 173 110
255 174 110
255 174 110
255 174 110
255 174 110
255 174 111
255 174 111
255 174 111
255 174 111
255 174 111
255 174 111
255 174 111
255 175 111
255 175 111
255 175 111
255 175 111
255 175 111
255 175 111
255 175 111
255 175 111
255 175 111
255 175 112
255 176 112
255 176 112
255 176 112
255 176 112
255 176 112
255 176 112
255 176 112
255 176 112
255 176 112
255 176 112
255 177 112
255 177 112
255 177 112
255 177 112
255 177 112
255 177 113
255 177 113
255 177 113
255 177 113
255 177 113
255 177 113
255 178 113
255 178 113
255 178 113
255 178 113
255 178 113
255 178 113
255 178 113
255 178 113
255 178 113
255 178 113
255 179 114
255 179 114
255 179 114
255 179 114
255 179 114
255 179 114
255 179 114
255 179 114
255 179 114
255 179 114
255 180 114
255 180 114
255 180 114
255 180 114
255 180 114
255 180 114
255 180 115
255 180 115
255 180 115
255 180 115
255 181 115
255 181 115
255 181 115
255 181 115
255 181 115
255 181 115
255 181 115
255 181 115
255 181 115
255 181 115
255 181 115
255 182 115
255 182 116
255 182 116
255 182 116
255 182 116
255 182 116
255 182 116
255 182 116
255 182 116
255 182 116
255 183 116
255 183 116
255 183 116
255 183 116
255 183 116
255 183 116
255 183 116
255 183 117
255 183 117
255 183 117
255 184 117
255 184 117
255 184 117
255 184 117
255 184 117
255 184 117
255 184 117
255 184 117
255 184 117
255 184 117
255 184 117
255 185 117
255 185 117
255 185 118
255 185 118
255 185 118
255 185 118
255 185 118
255 185 118
255 185 118
255 185 118
255 186 118
255 186 118
255 186 118
255 186 118
255 186 118
255 186 118
255 186 118
255 186 118
255 186 118
255 186 119
255 187 119
255 187 119
255 187 119
255 187 119
255 187 119
255 187 119
255 187 119
255 187 119
255 187 119
255 187 119
255 188 119
255 188 119
255 188 119
255 188 119
255 188 119
255 188 120
255 188 120
255 188 120
255 188 120
255 188 120
255 188 120
255 189 120
255 189 120
255 189 120
255 189 120
255 189 120
255 189 120
255 189 120
255 189 120
255 189 120
255 189 120
255 190 121
255 190 121
255 190 121
255 190 121
255 190 121
255 190 121
255 190 121
255 190 121
255 190 121
255 190 121
255 191 121
255 191 121
255 191 121
255 191 121
255 191 121
255 191 121
255 191 122
255 191 122
255 191 122
255 191 122
255 192 122
255 192 122
255 192 122
255 192 122
255 192 122
255 192 122
255 192 122
255 192 122
255 192 122
255 192 122
255 192 122
255 193 122
255 193 123
255 193 123
255 193 123
255 193 123
255 193 123
255 193 123
255 193 123
255 193 123
255 193 123
255 194 123
255 194 123
255 194 123
255 194 123
255 194 123
255 194 123
255 194 123
255 194 124
255 194 124
255 194 124
255 195 124
255 195 124
255 195 124
255 195 124
255 195 124
255 195 124
255 195 124
255 195 124
255 195 124
255 195 124
255 195 124
255 196 124
255 196 124
255 196 125
255 196 125
255 196 125
255 196 125
255 196 125
255 196 125
255 196 125
255 196 125
255 197 125
255 197 125
255 197 125
255 197 125
255 197 125
255 197 125
255 197 125
255 197 125
255 197 125
255 197 126
255 198 126
255 198 126
255 198 126
255 198 126
255 198 126
255 198 126
255 198 126
255 198 126
255 198 126
255 198 126
255 199 126
255 199 126
255 199 126
