0 0 0
0 0 0
0 0 0
0 0 0
0 0 0
1 0 0
1 0 1
1 0 1
1 0 1
1 0 1
2 0 1
2 0 1
2 0 2
2 0 2
2 0 2
3 0 2
3 0 2
3 1 2
3 1 3
3 1 3
4 1 3
4 1 3
4 1 3
4 1 4
4 1 4
5 1 4
5 1 4
5 1 4
5 1 4
5 1 5
6 1 5
6 1 5
6 2 5
6 2 5
6 2 6
7 2 6
7 2 6
7 2 6
7 2 6
7 2 7
8 2 7
8 2 7
8 2 7
8 2 7
8 2 8
8 2 8
9 2 8
9 3 8
9 3 8
9 3 9
9 3 9
10 3 9
10 3 9
10 3 9
10 3 10
10 3 10
10 3 10
11 3 10
11 3 10
11 3 11
11 3 11
11 4 11
11 4 11
12 4 11
12 4 12
12 4 12
12 4 12
12 4 12
12 4 13
13 4 13
13 4 13
13 4 13
13 4 13
13 4 14
13 5 14
14 5 14
14 5 14
14 5 14
14 5 15
14 5 15
14 5 15
14 5 15
15 5 16
15 5 16
15 5 16
15 5 16
15 6 16
15 6 17
15 6 17
16 6 17
16 6 17
16 6 17
16 6 18
16 6 18
16 6 18
16 6 18
17 6 19
17 6 19
17 7 19
17 7 19
17 7 19
17 7 20
17 7 20
17 7 20
18 7 20
18 7 21
18 7 21
18 7 21
18 7 21
18 8 21
18 8 22
18 8 22
19 8 22
19 8 22
19 8 23
19 8 23
19 8 23
19 8 23
19 8 23
19 9 24
19 9 24
20 9 24
20 9 24
20 9 25
20 9 25
20 9 25
20 9 25
20 9 26
20 9 26
20 9 26
21 10 26
21 10 26
21 10 27
21 10 27
21 10 27
21 10 27
21 10 28
21 10 28
21 10 28
21 11 28
22 11 28
22 11 29
22 11 29
22 11 29
22 11 29
22 11 30
22 11 30
22 11 30
22 11 30
22 12 30
22 12 31
22 12 31
23 12 31
23 12 31
23 12 32
23 12 32
23 12 32
23 13 32
23 13 33
23 13 33
23 13 33
23 13 33
23 13 33
23 13 34
23 13 34
23 13 34
24 14 34
24 14 35
24 14 35
24 14 35
24 14 35
24 14 35
24 14 36
24 14 36
24 15 36
24 15 36
24 15 37
24 15 37
24 15 37
24 15 37
24 15 37
24 15 38
24 15 38
25 16 38
25 16 38
25 16 38
25 16 39
25 16 39
25 16 39
25 16 39
25 17 40
25 17 40
25 17 40
25 17 40
25 17 40
25 17 41
25 17 41
25 17 41
25 18 41
25 18 42
25 18 42
25 18 42
25 18 42
25 18 42
25 18 43
25 19 43
25 19 43
26 19 43
26 19 43
26 19 44
26 19 44
26 19 44
26 19 44
26 20 44
26 20 45
26 20 45
26 20 45
26 20 45
26 20 45
26 20 46
26 21 46
26 21 46
26 21 46
26 21 46
26 21 47
26 21 47
26 21 47
26 22 47
26 22 47
26 22 48
26 22 48
26 22 48
26 22 48
26 23 48
26 23 49
26 23 49
26 23 49
26 23 49
26 23 49
26 23 50
26 24 50
26 24 50
26 24 50
26 24 50
26 24 51
26 24 51
26 24 51
26 25 51
26 25 51
26 25 51
26 25 52
26 25 52
26 25 52
26 26 52
26 26 52
26 26 53
26 26 53
26 26 53
26 26 53
26 27 53
26 27 53
26 27 54
26 27 54
26 27 54
26 27 54
26 28 54
26 28 55
26 28 55
26 28 55
26 28 55
26 28 55
26 28 55
26 29 56
26 29 56
26 29 56
26 29 56
26 29 56
26 29 56
26 30 57
26 30 57
26 30 57
26 30 57
26 30 57
26 30 57
26 31 57
26 31 58
26 31 58
26 31 58
26 31 58
26 32 58
26 32 58
26 32 59
26 32 59
25 32 59
25 32 59
25 33 59
25 33 59
25 33 59
25 33 60
25 33 60
25 33 60
25 34 60
25 34 60
25 34 60
25 34 60
25 34 61
25 34 61
25 35 61
25 35 61
25 35 61
25 35 61
25 35 61
25 36 62
25 36 62
25 36 62
25 36 62
25 36 62
25 36 62
25 37 62
25 37 62
25 37 63
25 37 63
25 37 63
25 38 63
25 38 63
25 38 63
24 38 63
24 38 63
24 38 64
24 39 64
24 39 64
24 39 64
24 39 64
24 39 64
24 40 64
24 40 64
24 40 64
24 40 65
24 40 65
24 41 65
24 41 65
24 41 65
24 41 65
24 41 65
24 41 65
24 42 65
24 42 65
24 42 66
24 42 66
24 42 66
24 43 66
24 43 66
24 43 66
23 43 66
23 43 66
23 44 66
23 44 66
23 44 66
23 44 67
23 44 67
23 45 67
23 45 67
23 45 67
23 45 67
23 45 67
23 45 67
23 46 67
23 46 67
23 46 67
23 46 67
23 46 68
23 47 68
23 47 68
23 47 68
23 47 68
23 47 68
23 48 68
23 48 68
23 48 68
22 48 68
22 48 68
22 49 68
22 49 68
22 49 68
22 49 68
22 49 69
22 50 69
22 50 69
22 50 69
22 50 69
22 50 69
22 51 69
22 51 69
22 51 69
22 51 69
22 51 69
22 52 69
22 52 69
22 52 69
22 52 69
22 52 69
22 53 69
22 53 69
22 53 69
22 53 69
22 53 69
22 54 70
22 54 70
21 54 70
21 54 70
21 54 70
21 54 70
21 55 70
21 55 70
21 55 70
21 55 70
21 55 70
21 56 70
21 56 70
21 56 70
21 56 70
21 56 70
21 57 70
21 57 70
21 57 70
21 57 70
21 57 70
21 58 70
21 58 70
21 58 70
21 58 70
21 58 70
21 59 70
21 59 70
21 59 70
21 59 70
21 59 70
21 60 70
21 60 70
21 60 70
21 60 70
21 60 70
21 61 70
21 61 70
21 61 70
21 61 70
21 61 70
21 62 70
21 62 70
21 62 70
21 62 70
21 62 70
21 63 70
21 63 70
21 63 70
21 63 70
20 63 70
20 64 70
20 64 70
20 64 70
20 64 70
20 64 70
20 65 70
20 65 70
20 65 70
20 65 70
20 65 70
20 66 70
20 66 70
20 66 70
20 66 70
20 66 70
20 67 70
20 67 70
20 67 70
20 67 70
20 67 70
20 67 70
20 68 70
20 68 69
20 68 69
21 68 69
21 68 69
21 69 69
21 69 69
21 69 69
21 69 69
21 69 69
21 70 69
21 70 69
21 70 69
21 70 69
21 70 69
21 71 69
21 71 69
21 71 69
21 71 69
21 71 69
21 72 69
21 72 69
21 72 69
21 72 68
21 72 68
21 72 68
21 73 68
21 73 68
21 73 68
21 73 68
21 73 68
21 74 68
21 74 68
21 74 68
21 74 68
21 74 68
21 75 68
21 75 68
21 75 68
21 75 68
21 75 67
21 75 67
21 76 67
22 76 67
22 76 67
22 76 67
22 76 67
22 77 67
22 77 67
22 77 67
22 77 67
22 77 67
22 77 67
22 78 67
22 78 66
22 78 66
22 78 66
22 78 66
22 79 66
22 79 66
22 79 66
22 79 66
23 79 66
23 79 66
23 80 66
23 80 66
23 80 65
23 80 65
23 80 65
23 80 65
23 81 65
23 81 65
23 81 65
23 81 65
23 81 65
23 81 65
23 82 65
24 82 65
24 82 64
24 82 64
24 82 64
24 83 64
24 83 64
24 83 64
24 83 64
24 83 64
24 83 64
24 84 64
24 84 64
25 84 63
25 84 63
25 84 63
25 84 63
25 85 63
25 85 63
25 85 63
25 85 63
25 85 63
25 85 63
26 85 62
26 86 62
26 86 62
26 86 62
26 86 62
26 86 62
26 86 62
26 87 62
26 87 62
27 87 62
27 87 61
27 87 61
27 87 61
27 88 61
27 88 61
27 88 61
27 88 61
27 88 61
28 88 61
28 88 60
28 89 60
28 89 60
28 89 60
28 89 60
28 89 60
28 89 60
29 90 60
29 90 60
29 90 59
29 90 59
29 90 59
29 90 59
29 90 59
30 91 59
30 91 59
30 91 59
30 91 59
30 91 58
30 91 58
30 91 58
31 92 58
31 92 58
31 92 58
31 92 58
31 92 58
31 92 58
31 92 57
32 93 57
32 93 57
32 93 57
32 93 57
32 93 57
32 93 57
33 93 57
33 94 57
33 94 56
33 94 56
33 94 56
33 94 56
34 94 56
34 94 56
34 94 56
34 95 56
34 95 56
34 95 55
35 95 55
35 95 55
35 95 55
35 95 55
35 96 55
36 96 55
36 96 55
36 96 55
36 96 54
36 96 54
37 96 54
37 96 54
37 97 54
37 97 54
37 97 54
37 97 54
38 97 54
38 97 53
38 97 53
38 97 53
38 97 53
39 98 53
39 98 53
39 98 53
39 98 53
40 98 53
40 98 52
40 98 52
40 98 52
40 99 52
41 99 52
41 99 52
41 99 52
41 99 52
41 99 52
42 99 51
42 99 51
42 99 51
42 99 51
43 100 51
43 100 51
43 100 51
43 100 51
43 100 51
44 100 50
44 100 50
44 100 50
44 100 50
45 101 50
45 101 50
45 101 50
45 101 50
46 101 50
46 101 50
46 101 49
46 101 49
47 101 49
47 101 49
47 102 49
47 102 49
48 102 49
48 102 49
48 102 49
48 102 49
49 102 48
49 102 48
49 102 48
49 102 48
50 102 48
50 103 48
50 103 48
50 103 48
51 103 48
51 103 48
51 103 47
51 103 47
52 103 47
52 103 47
52 103 47
52 103 47
53 103 47
53 104 47
53 104 47
54 104 47
54 104 47
54 104 46
54 104 46
55 104 46
55 104 46
55 104 46
56 104 46
56 104 46
56 104 46
56 105 46
57 105 46
57 105 46
57 105 46
58 105 45
58 105 45
58 105 45
58 105 45
59 105 45
59 105 45
59 105 45
60 105 45
60 105 45
60 105 45
60 105 45
61 106 45
61 106 45
61 106 44
62 106 44
62 106 44
62 106 44
63 106 44
63 106 44
63 106 44
64 106 44
64 106 44
64 106 44
64 106 44
65 106 44
65 106 44
65 106 44
66 107 44
66 107 44
66 107 43
67 107 43
67 107 43
67 107 43
68 107 43
68 107 43
68 107 43
69 107 43
69 107 43
69 107 43
70 107 43
70 107 43
70 107 43
71 107 43
71 107 43
71 107 43
72 107 43
72 108 43
72 108 43
73 108 42
73 108 42
73 108 42
74 108 42
74 108 42
74 108 42
75 108 42
75 108 42
75 108 42
76 108 42
76 108 42
76 108 42
77 108 42
77 108 42
77 108 42
78 108 42
78 108 42
78 108 42
79 108 42
79 108 42
79 108 42
80 108 42
80 108 42
80 109 42
81 109 42
81 109 42
81 109 42
82 109 42
82 109 42
82 109 42
83 109 42
83 109 42
84 109 42
84 109 42
84 109 42
85 109 42
85 109 42
85 109 42
86 109 42
86 109 42
86 109 42
87 109 42
87 109 42
87 109 42
88 109 42
88 109 42
89 109 42
89 109 42
89 109 42
90 109 42
90 109 42
90 109 42
91 109 42
91 109 42
91 109 42
92 109 42
92 109 42
93 109 42
93 109 42
93 109 42
94 109 42
94 109 42
94 109 42
95 109 42
95 110 42
96 110 42
96 110 42
96 110 42
97 110 42
97 110 42
97 110 42
98 110 42
98 110 42
99 110 42
99 110 42
99 110 42
100 110 42
100 110 42
100 110 42
101 110 42
101 110 42
102 110 43
102 110 43
102 110 43
103 110 43
103 110 43
103 110 43
104 110 43
104 110 43
105 110 43
105 110 43
105 110 43
106 110 43
106 110 43
106 110 43
107 110 43
107 110 43
108 110 43
108 110 44
108 110 44
109 110 44
109 110 44
110 110 44
110 110 44
110 110 44
111 110 44
111 110 44
111 110 44
112 110 44
112 110 44
113 110 44
113 110 45
113 110 45
114 110 45
114 110 45
115 110 45
115 110 45
115 110 45
116 110 45
116 110 45
116 110 45
117 110 45
117 110 46
118 110 46
118 110 46
118 110 46
119 110 46
119 110 46
120 110 46
120 110 46
120 110 46
121 110 46
121 110 47
121 110 47
122 110 47
122 110 47
123 110 47
123 110 47
123 110 47
124 110 47
124 110 48
125 110 48
125 110 48
125 110 48
126 110 48
126 110 48
126 110 48
127 110 48
127 110 49
128 110 49
128 110 49
128 110 49
129 110 49
129 110 49
129 110 49
130 110 49
130 110 50
131 110 50
131 110 50
131 109 50
132 109 50
132 109 50
133 109 51
133 109 51
133 109 51
134 109 51
134 109 51
134 109 51
135 109 51
135 109 52
136 109 52
136 109 52
136 109 52
137 109 52
137 109 52
137 109 53
138 109 53
138 109 53
139 109 53
139 109 53
139 109 53
140 109 54
140 109 54
140 109 54
141 109 54
141 109 54
142 109 55
142 109 55
142 109 55
143 109 55
143 109 55
143 109 55
144 109 56
144 109 56
144 109 56
145 109 56
145 109 56
146 109 57
146 109 57
146 109 57
147 109 57
147 109 57
147 109 58
148 109 58
148 109 58
148 109 58
149 109 58
149 109 59
150 109 59
150 109 59
150 109 59
151 109 59
151 109 60
151 109 60
152 109 60
152 109 60
152 109 61
153 109 61
153 109 61
153 109 61
154 109 61
154 109 62
155 109 62
155 109 62
155 109 62
156 109 63
156 109 63
156 109 63
157 109 63
157 109 63
157 109 64
158 109 64
158 109 64
158 109 64
159 109 65
159 109 65
159 109 65
160 109 65
160 108 66
160 108 66
161 108 66
161 108 66
161 108 67
162 108 67
162 108 67
162 108 67
163 108 68
163 108 68
163 108 68
164 108 68
164 108 69
164 108 69
165 108 69
165 108 69
165 108 70
166 108 70
166 108 70
166 108 70
167 108 71
167 108 71
167 108 71
168 108 72
168 108 72
168 108 72
169 108 72
169 108 73
169 108 73
170 108 73
170 108 73
170 108 74
170 108 74
171 108 74
171 108 75
171 108 75
172 108 75
172 108 75
172 108 76
173 108 76
173 108 76
173 108 77
174 108 77
174 108 77
174 108 77
174 108 78
175 108 78
175 108 78
175 108 79
176 108 79
176 108 79
176 108 79
177 108 80
177 108 80
177 108 80
177 108 81
178 108 81
178 108 81
178 108 82
179 108 82
179 108 82
179 108 82
179 108 83
180 108 83
180 108 83
180 108 84
180 108 84
181 108 84
181 108 85
181 108 85
182 108 85
182 108 86
182 108 86
182 108 86
183 108 86
183 108 87
183 108 87
183 108 87
184 108 88
184 108 88
184 108 88
185 108 89
185 108 89
185 108 89
185 108 90
186 108 90
186 108 90
186 108 91
186 108 91
187 108 91
187 108 92
187 108 92
187 109 92
188 109 93
188 109 93
188 109 93
188 109 94
189 109 94
189 109 94
189 109 95
189 109 95
190 109 95
190 109 96
190 109 96
190 109 96
190 109 97
191 109 97
191 109 97
191 109 98
191 109 98
192 109 98
192 109 99
192 109 99
192 109 99
193 109 100
193 109 100
193 109 100
193 109 101
193 109 101
194 109 101
194 109 102
194 109 102
194 109 102
194 109 103
195 109 103
195 109 103
195 109 104
195 109 104
195 109 104
196 109 105
196 109 105
196 109 106
196 109 106
196 109 106
197 110 107
197 110 107
197 110 107
197 110 108
197 110 108
198 110 108
198 110 109
198 110 109
198 110 109
198 110 110
199 110 110
199 110 110
199 110 111
199 110 111
199 110 112
200 110 112
200 110 112
200 110 113
200 110 113
200 110 113
200 110 114
201 110 114
201 110 114
201 110 115
201 111 115
201 111 115
201 111 116
202 111 116
202 111 117
202 111 117
202 111 117
202 111 118
202 111 118
202 111 118
203 111 119
203 111 119
203 111 119
203 111 120
203 111 120
203 111 121
204 111 121
204 111 121
204 111 122
204 112 122
204 112 122
204 112 123
204 112 123
205 112 123
205 112 124
205 112 124
205 112 125
205 112 125
205 112 125
205 112 126
205 112 126
206 112 126
206 112 127
206 112 127
206 112 127
206 112 128
206 113 128
206 113 129
206 113 129
207 113 129
207 113 130
207 113 130
207 113 130
207 113 131
207 113 131
207 113 131
207 113 132
207 113 132
208 113 133
208 113 133
208 114 133
208 114 134
208 114 134
208 114 134
208 114 135
208 114 135
208 114 135
208 114 136
209 114 136
209 114 137
209 114 137
209 114 137
209 115 138
209 115 138
209 115 138
209 115 139
209 115 139
209 115 139
209 115 140
209 115 140
210 115 140
210 115 141
210 115 141
210 115 142
210 116 142
210 116 142
210 116 143
210 116 143
210 116 143
210 116 144
210 116 144
210 116 144
210 116 145
210 116 145
210 116 145
211 117 146
211 117 146
211 117 147
211 117 147
211 117 147
211 117 148
211 117 148
211 117 148
211 117 149
211 117 149
211 118 149
211 118 150
211 118 150
211 118 150
211 118 151
211 118 151
211 118 151
211 118 152
211 118 152
211 119 153
211 119 153
211 119 153
212 119 154
212 119 154
212 119 154
212 119 155
212 119 155
212 119 155
212 120 156
212 120 156
212 120 156
212 120 157
212 120 157
212 120 157
212 120 158
212 120 158
212 120 158
212 121 159
212 121 159
212 121 159
212 121 160
212 121 160
212 121 160
212 121 161
212 121 161
212 122 161
212 122 162
212 122 162
212 122 162
212 122 163
212 122 163
212 122 163
212 122 164
212 123 164
212 123 164
212 123 165
212 123 165
212 123 165
212 123 166
212 123 166
212 124 166
212 124 167
212 124 167
212 124 167
212 124 168
212 124 168
212 124 168
212 124 169
212 125 169
212 125 169
212 125 170
212 125 170
212 125 170
212 125 170
212 125 171
212 126 171
212 126 171
212 126 172
212 126 172
212 126 172
212 126 173
212 126 173
212 127 173
212 127 174
212 127 174
212 127 174
212 127 174
211 127 175
211 127 175
211 128 175
211 128 176
211 128 176
211 128 176
211 128 177
211 128 177
211 129 177
211 129 177
211 129 178
211 129 178
211 129 178
211 129 179
211 129 179
211 130 179
211 130 180
211 130 180
211 130 180
211 130 180
211 130 181
211 131 181
211 131 181
211 131 181
211 131 182
210 131 182
210 131 182
210 131 183
210 132 183
210 132 183
210 132 183
210 132 184
210 132 184
210 132 184
210 133 185
210 133 185
210 133 185
210 133 185
210 133 186
210 133 186
210 134 186
210 134 186
210 134 187
209 134 187
209 134 187
209 134 187
209 135 188
209 135 188
209 135 188
209 135 189
209 135 189
209 136 189
209 136 189
209 136 190
209 136 190
209 136 190
209 136 190
209 137 191
208 137 191
208 137 191
208 137 191
208 137 192
208 137 192
208 138 192
208 138 192
208 138 192
208 138 193
208 138 193
208 138 193
208 139 193
208 139 194
208 139 194
207 139 194
207 139 194
207 140 195
207 140 195
207 140 195
207 140 195
207 140 196
207 141 196
207 141 196
207 141 196
207 141 196
207 141 197
207 141 197
206 142 197
206 142 197
206 142 197
206 142 198
206 142 198
206 143 198
206 143 198
206 143 199
206 143 199
206 143 199
206 143 199
206 144 199
205 144 200
205 144 200
205 144 200
205 144 200
205 145 200
205 145 201
205 145 201
205 145 201
205 145 201
205 146 201
205 146 202
205 146 202
204 146 202
204 146 202
204 147 202
204 147 203
204 147 203
204 147 203
204 147 203
204 148 203
204 148 203
204 148 204
204 148 204
203 148 204
203 149 204
203 149 204
203 149 205
203 149 205
203 149 205
203 150 205
203 150 205
203 150 205
203 150 206
203 150 206
203 150 206
202 151 206
202 151 206
202 151 206
202 151 207
202 151 207
202 152 207
202 152 207
202 152 207
202 152 207
202 152 207
202 153 208
201 153 208
201 153 208
201 153 208
201 154 208
201 154 208
201 154 209
201 154 209
201 154 209
201 155 209
201 155 209
201 155 209
201 155 209
200 155 210
200 156 210
200 156 210
200 156 210
200 156 210
200 156 210
200 157 210
200 157 210
200 157 211
200 157 211
200 157 211
200 158 211
199 158 211
199 158 211
199 158 211
199 158 211
199 159 212
199 159 212
199 159 212
199 159 212
199 159 212
199 160 212
199 160 212
199 160 212
198 160 212
198 160 213
198 161 213
198 161 213
198 161 213
198 161 213
198 161 213
198 162 213
198 162 213
198 162 213
198 162 214
198 163 214
198 163 214
197 163 214
197 163 214
197 163 214
197 164 214
197 164 214
197 164 214
197 164 214
197 164 214
197 165 215
197 165 215
197 165 215
197 165 215
197 165 215
197 166 215
196 166 215
196 166 215
196 166 215
196 166 215
196 167 215
196 167 215
196 167 216
196 167 216
196 167 216
196 168 216
196 168 216
196 168 216
196 168 216
196 168 216
196 169 216
195 169 216
195 169 216
195 169 216
195 170 216
195 170 216
195 170 217
195 170 217
195 170 217
195 171 217
195 171 217
195 171 217
195 171 217
195 171 217
195 172 217
195 172 217
195 172 217
195 172 217
195 172 217
194 173 217
194 173 217
194 173 217
194 173 217
194 173 217
194 174 217
194 174 218
194 174 218
194 174 218
194 174 218
194 175 218
194 175 218
194 175 218
194 175 218
194 175 218
194 176 218
194 176 218
194 176 218
194 176 218
194 176 218
194 177 218
194 177 218
194 177 218
193 177 218
193 177 218
193 178 218
193 178 218
193 178 218
193 178 218
193 178 218
193 179 218
193 179 218
193 179 218
193 179 218
193 179 218
193 180 218
193 180 218
193 180 218
193 180 218
193 180 218
193 181 218
193 181 218
193 181 219
193 181 219
193 181 219
193 182 219
193 182 219
193 182 219
193 182 219
193 182 219
193 183 219
193 183 219
193 183 219
193 183 219
193 183 219
193 184 219
193 184 219
193 184 219
193 184 219
193 184 219
193 184 219
193 185 219
193 185 219
193 185 219
193 185 219
193 185 219
193 186 219
193 186 219
193 186 219
193 186 219
193 186 219
193 187 219
193 187 219
193 187 219
193 187 219
193 187 219
193 187 219
193 188 219
193 188 219
193 188 219
193 188 219
193 188 219
193 189 219
193 189 219
193 189 219
193 189 218
193 189 218
193 190 218
193 190 218
193 190 218
193 190 218
193 190 218
193 190 218
193 191 218
193 191 218
193 191 218
193 191 218
193 191 218
193 192 218
193 192 218
193 192 218
193 192 218
194 192 218
194 192 218
194 193 218
194 193 218
194 193 218
194 193 218
194 193 218
194 193 218
194 194 218
194 194 218
194 194 218
194 194 218
194 194 218
194 194 218
194 195 218
194 195 218
194 195 218
194 195 218
194 195 218
194 196 218
194 196 218
195 196 218
195 196 218
195 196 218
195 196 218
195 197 218
195 197 218
195 197 218
195 197 217
195 197 217
195 197 217
195 198 217
195 198 217
195 198 217
195 198 217
195 198 217
196 198 217
196 198 217
196 199 217
196 199 217
196 199 217
196 199 217
196 199 217
196 199 217
196 200 217
196 200 217
196 200 217
196 200 217
196 200 217
197 200 217
197 201 217
197 201 217
197 201 217
197 201 217
197 201 217
197 201 217
197 201 217
197 202 217
197 202 217
197 202 217
198 202 216
198 202 216
198 202 216
198 203 216
198 203 216
198 203 216
198 203 216
198 203 216
198 203 216
199 203 216
199 204 216
199 204 216
199 204 216
199 204 216
199 204 216
199 204 216
199 204 216
199 205 216
200 205 216
200 205 216
200 205 216
200 205 216
200 205 216
200 205 216
200 206 216
200 206 216
200 206 216
201 206 216
201 206 216
201 206 216
201 206 216
201 207 216
201 207 215
201 207 215
201 207 215
202 207 215
202 207 215
202 207 215
202 207 215
202 208 215
202 208 215
202 208 215
203 208 215
203 208 215
203 208 215
203 208 215
203 209 215
203 209 215
203 209 215
204 209 215
204 209 215
204 209 215
204 209 215
204 209 215
204 210 215
204 210 215
205 210 215
205 210 215
205 210 215
205 210 215
205 210 215
205 210 215
206 211 215
206 211 215
206 211 215
206 211 215
206 211 215
206 211 215
207 211 215
207 211 215
207 212 215
207 212 215
207 212 215
207 212 215
207 212 214
208 212 214
208 212 214
208 212 214
208 212 214
208 213 214
209 213 214
209 213 214
209 213 214
209 213 214
209 213 214
209 213 214
210 213 214
210 213 214
210 214 214
210 214 214
210 214 214
210 214 214
211 214 214
211 214 214
211 214 214
211 214 214
211 214 214
212 215 214
212 215 214
212 215 214
212 215 214
212 215 214
212 215 214
213 215 214
213 215 214
213 215 214
213 215 214
213 216 214
214 216 214
214 216 214
214 216 214
214 216 214
214 216 214
215 216 214
215 216 214
215 216 214
215 216 214
215 217 214
216 217 214
216 217 214
216 217 214
216 217 214
216 217 214
217 217 214
217 217 214
217 217 214
217 217 214
217 218 214
218 218 214
218 218 214
218 218 214
218 218 215
218 218 215
219 218 215
219 218 215
219 218 215
219 218 215
220 218 215
220 219 215
220 219 215
220 219 215
220 219 215
221 219 215
221 219 215
221 219 215
221 219 215
221 219 215
222 219 215
222 219 215
222 219 215
222 220 215
223 220 215
223 220 215
223 220 215
223 220 215
223 220 215
224 220 215
224 220 215
224 220 215
224 220 215
225 220 215
225 220 215
225 221 215
225 221 216
225 221 216
226 221 216
226 221 216
226 221 216
226 221 216
227 221 216
227 221 216
227 221 216
227 221 216
227 221 216
228 221 216
228 222 216
228 222 216
228 222 216
229 222 216
229 222 216
229 222 216
229 222 216
229 222 217
230 222 217
230 222 217
230 222 217
230 222 217
231 222 217
231 222 217
231 223 217
231 223 217
232 223 217
232 223 217
232 223 217
232 223 217
232 223 217
233 223 217
233 223 218
233 223 218
233 223 218
234 223 218
234 223 218
234 223 218
234 224 218
235 224 218
235 224 218
235 224 218
235 224 218
236 224 218
236 224 219
236 224 219
236 224 219
236 224 219
237 224 219
237 224 219
237 224 219
237 224 219
238 224 219
238 225 219
238 225 219
238 225 220
239 225 220
239 225 220
239 225 220
239 225 220
239 225 220
240 225 220
240 225 220
240 225 220
240 225 220
241 225 221
241 225 221
241 225 221
241 226 221
242 226 221
242 226 221
242 226 221
242 226 221
243 226 221
243 226 222
243 226 222
243 226 222
243 226 222
244 226 222
244 226 222
244 226 222
244 226 222
245 226 223
245 226 223
245 226 223
245 227 223
246 227 223
246 227 223
246 227 223
246 227 223
246 227 224
247 227 224
247 227 224
247 227 224
247 227 224
248 227 224
248 227 224
248 227 225
248 227 225
249 227 225
249 227 225
249 228 225
249 228 225
249 228 225
250 228 226
250 228 226
250 228 226
250 228 226
251 228 226
251 228 226
251 228 226
251 228 227
251 228 227
252 228 227
252 228 227
252 228 227
252 228 227
253 228 228
253 229 228
253 229 228
253 229 228
253 229 228
254 229 228
254 229 229
254 229 229
254 229 229
255 229 229
