255 0 0
255 11 0
255 22 5
255 33 11
255 44 18
255 54 25
255 65 32
255 76 40
255 86 47
255 96 55
255 106 63
255 116 71
255 125 79
255 134 87
255 143 96
255 152 104
255 160 112
255 168 121
255 175 129
255 182 137
255 188 145
255 194 153
255 200 162
255 205 169
255 210 177
255 214 185
255 218 192
255 221 200
255 224 207
255 226 214
255 227 220
255 228 227
255 229 229
255 229 229
252 228 229
245 227 229
237 226 229
230 224 229
222 221 229
214 218 229
205 214 229
197 210 229
188 205 229
179 200 229
170 194 229
161 188 229
152 182 229
143 175 229
134 167 229
125 160 229
115 152 229
106 143 229
97 134 229
88 125 229
79 116 229
70 106 229
61 96 229
53 86 229
44 76 229
36 65 229
28 54 229
20 43 229
13 32 229
5 21 229
0 10 229
0 0 229
0 0 229
0 0 224
0 0 217
0 0 210
0 0 203
0 0 196
0 0 189
0 0 181
0 0 173
0 0 165
0 0 157
0 0 149
0 0 141
0 0 133
0 0 124
0 0 116
0 0 108
0 0 100
0 0 91
0 0 83
0 0 75
0 0 67
0 0 59
0 0 51
0 0 43
0 0 36
0 0 29
0 0 22
0 0 15
0 0 8
0 0 2
0 0 0
0 0 0
2 0 0
9 0 0
17 0 0
24 0 0
32 0 0
40 0 0
49 0 0
57 0 0
66 0 0
75 0 0
84 0 0
93 0 0
102 0 0
111 0 0
120 0 0
130 0 0
139 0 0
148 0 0
157 0 0
166 0 0
175 0 0
184 0 0
193 0 0
202 0 0
210 0 0
218 0 0
226 0 0
234 0 0
242 0 0
249 0 0
255 0 0
255 0 0
255 11 0
255 22 5
255 33 12
255 44 18
255 55 25
255 65 33
255 76 40
255 86 48
255 97 55
255 106 63
255 116 71
255 126 79
255 135 88
255 144 96
255 152 104
255 160 112
255 168 121
255 175 129
255 182 137
255 189 146
255 195 154
255 200 162
255 205 170
255 210 178
255 214 185
255 218 193
255 221 200
255 224 207
255 226 214
255 227 221
255 228 227
255 229 229
255 229 229
252 228 229
245 227 229
237 226 229
230 223 229
222 221 229
213 218 229
205 214 229
197 210 229
188 205 229
179 200 229
170 194 229
161 188 229
152 182 229
143 175 229
134 167 229
124 159 229
115 151 229
106 143 229
97 134 229
88 125 229
79 115 229
70 106 229
61 96 229
52 86 229
44 75 229
36 65 229
28 54 229
20 43 229
12 32 229
5 21 229
0 10 229
0 0 229
0 0 229
0 0 223
0 0 217
0 0 210
0 0 203
0 0 196
0 0 188
0 0 181
0 0 173
0 0 165
0 0 157
0 0 149
0 0 141
0 0 133
0 0 124
0 0 116
0 0 108
0 0 99
0 0 91
0 0 83
0 0 75
0 0 67
0 0 59
0 0 51
0 0 43
0 0 36
0 0 28
0 0 21
0 0 14
0 0 8
0 0 1
0 0 0
0 0 0
2 0 0
9 0 0
17 0 0
25 0 0
32 0 0
41 0 0
49 0 0
58 0 0
66 0 0
75 0 0
84 0 0
93 0 0
102 0 0
111 0 0
121 0 0
130 0 0
139 0 0
148 0 0
157 0 0
167 0 0
176 0 0
184 0 0
193 0 0
202 0 0
210 0 0
218 0 0
226 0 0
234 0 0
242 0 0
249 0 0
255 0 0
255 0 0
255 11 0
255 22 5
255 33 12
255 44 19
255 55 26
255 66 33
255 76 40
255 87 48
255 97 56
255 107 64
255 116 72
255 126 80
255 135 88
255 144 96
255 152 104
255 160 113
255 168 121
255 175 129
255 182 138
255 189 146
255 195 154
255 200 162
255 206 170
255 210 178
255 214 185
255 218 193
255 221 200
255 224 207
255 226 214
255 227 221
255 228 227
255 229 229
255 229 229
252 228 229
244 227 229
237 226 229
229 223 229
221 221 229
213 218 229
205 214 229
196 210 229
188 205 229
179 200 229
170 194 229
161 188 229
152 181 229
142 174 229
133 167 229
124 159 229
115 151 229
106 143 229
96 134 229
87 125 229
78 115 229
69 105 229
61 95 229
52 85 229
44 75 229
35 64 229
27 54 229
20 43 229
12 32 229
5 21 229
0 10 229
0 0 229
0 0 229
0 0 223
0 0 217
0 0 210
0 0 203
0 0 195
0 0 188
0 0 180
0 0 173
0 0 165
0 0 157
0 0 149
0 0 140
0 0 132
0 0 124
0 0 116
0 0 107
0 0 99
0 0 91
0 0 83
0 0 74
0 0 66
0 0 58
0 0 51
0 0 43
0 0 35
0 0 28
0 0 21
0 0 14
0 0 8
0 0 1
0 0 0
0 0 0
3 0 0
10 0 0
17 0 0
25 0 0
33 0 0
41 0 0
49 0 0
58 0 0
66 0 0
75 0 0
84 0 0
93 0 0
102 0 0
112 0 0
121 0 0
130 0 0
139 0 0
149 0 0
158 0 0
167 0 0
176 0 0
185 0 0
193 0 0
202 0 0
210 0 0
219 0 0
227 0 0
234 0 0
242 0 0
249 0 0
255 0 0
255 1 0
255 12 0
255 23 5
255 34 12
255 45 19
255 55 26
255 66 33
255 77 41
255 87 48
255 97 56
255 107 64
255 117 72
255 126 80
255 135 88
255 144 96
255 153 105
255 161 113
255 168 121
255 176 130
255 183 138
255 189 146
255 195 154
255 201 162
255 206 170
255 210 178
255 214 186
255 218 193
255 221 200
255 224 208
255 226 214
255 227 221
255 228 227
255 229 229
255 229 229
251 228 229
244 227 229
237 226 229
229 223 229
221 221 229
213 217 229
205 214 229
196 209 229
187 205 229
179 200 229
170 194 229
161 188 229
151 181 229
142 174 229
133 167 229
124 159 229
114 151 229
105 142 229
96 133 229
87 124 229
78 115 229
69 105 229
60 95 229
52 85 229
43 75 229
35 64 229
27 53 229
19 42 229
12 31 229
5 20 229
0 9 229
0 0 229
0 0 229
0 0 223
0 0 216
0 0 210
0 0 202
0 0 195
0 0 188
0 0 180
0 0 172
0 0 165
0 0 157
0 0 148
0 0 140
0 0 132
0 0 124
0 0 115
0 0 107
0 0 99
0 0 90
0 0 82
0 0 74
0 0 66
0 0 58
0 0 50
0 0 43
0 0 35
0 0 28
0 0 21
0 0 14
0 0 7
0 0 1
0 0 0
0 0 0
3 0 0
10 0 0
17 0 0
25 0 0
33 0 0
41 0 0
50 0 0
58 0 0
67 0 0
76 0 0
85 0 0
94 0 0
103 0 0
112 0 0
121 0 0
130 0 0
140 0 0
149 0 0
158 0 0
167 0 0
176 0 0
185 0 0
194 0 0
202 0 0
211 0 0
219 0 0
227 0 0
235 0 0
242 0 0
249 0 0
255 0 0
255 1 0
255 12 0
255 23 6
255 34 12
255 45 19
255 56 26
255 66 33
255 77 41
255 87 48
255 98 56
255 107 64
255 117 72
255 126 80
255 136 88
255 144 97
255 153 105
255 161 113
255 169 122
255 176 130
255 183 138
255 189 146
255 195 154
255 201 163
255 206 170
255 210 178
255 215 186
255 218 193
255 221 201
255 224 208
255 226 215
255 228 221
255 229 228
255 229 229
255 229 229
251 228 229
244 227 229
237 225 229
229 223 229
221 221 229
213 217 229
204 214 229
196 209 229
187 205 229
178 199 229
169 194 229
160 188 229
151 181 229
142 174 229
133 167 229
123 159 229
114 151 229
105 142 229
96 133 229
87 124 229
78 115 229
69 105 229
60 95 229
52 85 229
43 74 229
35 64 229
27 53 229
19 42 229
12 31 229
4 20 229
0 9 229
0 0 229
0 0 229
0 0 223
0 0 216
0 0 209
0 0 202
0 0 195
0 0 188
0 0 180
0 0 172
0 0 164
0 0 156
0 0 148
0 0 140
0 0 132
0 0 123
0 0 115
0 0 107
0 0 98
0 0 90
0 0 82
0 0 74
0 0 66
0 0 58
0 0 50
0 0 42
0 0 35
0 0 28
0 0 21
0 0 14
0 0 7
0 0 1
0 0 0
0 0 0
3 0 0
10 0 0
18 0 0
25 0 0
33 0 0
41 0 0
50 0 0
58 0 0
67 0 0
76 0 0
85 0 0
94 0 0
103 0 0
112 0 0
121 0 0
131 0 0
140 0 0
149 0 0
158 0 0
167 0 0
176 0 0
185 0 0
194 0 0
203 0 0
211 0 0
219 0 0
227 0 0
235 0 0
242 0 0
250 0 0
255 0 0
255 1 0
255 12 0
255 23 6
255 34 12
255 45 19
255 56 26
255 67 34
255 77 41
255 88 49
255 98 56
255 108 64
255 117 72
255 127 80
255 136 89
255 145 97
255 153 105
255 161 114
255 169 122
255 176 130
255 183 138
255 189 147
255 195 155
255 201 163
255 206 171
255 211 178
255 215 186
255 218 194
255 221 201
255 224 208
255 226 215
255 228 221
255 229 228
255 229 229
255 229 229
251 228 229
244 227 229
236 225 229
229 223 229
221 220 229
212 217 229
204 213 229
196 209 229
187 204 229
178 199 229
169 193 229
160 187 229
151 181 229
142 174 229
132 166 229
123 158 229
114 150 229
105 142 229
96 133 229
86 124 229
77 114 229
69 104 229
60 94 229
51 84 229
43 74 229
35 63 229
27 53 229
19 42 229
11 31 229
4 20 229
0 9 229
0 0 229
0 0 229
0 0 223
0 0 216
0 0 209
0 0 202
0 0 195
0 0 187
0 0 180
0 0 172
0 0 164
0 0 156
0 0 148
0 0 140
0 0 131
0 0 123
0 0 115
0 0 107
0 0 98
0 0 90
0 0 82
0 0 74
0 0 66
0 0 58
0 0 50
0 0 42
0 0 35
0 0 27
0 0 20
0 0 14
0 0 7
0 0 1
0 0 0
0 0 0
3 0 0
10 0 0
18 0 0
26 0 0
34 0 0
42 0 0
50 0 0
59 0 0
67 0 0
76 0 0
85 0 0
94 0 0
103 0 0
113 0 0
122 0 0
131 0 0
140 0 0
149 0 0
159 0 0
168 0 0
177 0 0
186 0 0
194 0 0
203 0 0
211 0 0
219 0 0
227 0 0
235 0 0
243 0 0
250 0 0
255 0 0
255 2 0
255 13 0
255 24 6
255 35 13
255 46 20
255 56 27
255 67 34
255 78 41
255 88 49
255 98 57
255 108 65
255 118 73
255 127 81
255 136 89
255 145 97
255 153 105
255 161 114
255 169 122
255 176 130
255 183 139
255 190 147
255 196 155
255 201 163
255 206 171
255 211 179
255 215 186
255 218 194
255 222 201
255 224 208
255 226 215
255 228 222
255 229 228
255 229 229
255 229 229
251 228 229
243 227 229
236 225 229
228 223 229
220 220 229
212 217 229
204 213 229
195 209 229
187 204 229
178 199 229
169 193 229
160 187 229
150 180 229
141 173 229
132 166 229
123 158 229
114 150 229
104 141 229
95 133 229
86 123 229
77 114 229
68 104 229
60 94 229
51 84 229
43 74 229
34 63 229
26 52 229
19 41 229
11 30 229
4 19 229
0 8 229
0 0 229
0 0 229
0 0 222
0 0 216
0 0 209
0 0 202
0 0 195
0 0 187
0 0 179
0 0 172
0 0 164
0 0 156
0 0 148
0 0 139
0 0 131
0 0 123
0 0 115
0 0 106
0 0 98
0 0 90
0 0 81
0 0 73
0 0 65
0 0 57
0 0 50
0 0 42
0 0 35
0 0 27
0 0 20
0 0 13
0 0 7
0 0 0
0 0 0
0 0 0
3 0 0
11 0 0
18 0 0
26 0 0
34 0 0
42 0 0
50 0 0
59 0 0
68 0 0
76 0 0
85 0 0
95 0 0
104 0 0
113 0 0
122 0 0
131 0 0
141 0 0
150 0 0
159 0 0
168 0 0
177 0 0
186 0 0
195 0 0
203 0 0
212 0 0
220 0 0
228 0 0
235 0 0
243 0 0
250 0 0
255 0 0
255 2 0
255 13 0
255 24 6
255 35 13
255 46 20
255 57 27
255 67 34
255 78 42
255 88 49
255 98 57
255 108 65
255 118 73
255 127 81
255 136 89
255 145 97
255 154 106
255 162 114
255 169 122
255 177 131
255 183 139
255 190 147
255 196 155
255 201 163
255 206 171
255 211 179
255 215 187
255 219 194
255 222 201
255 224 208
255 226 215
255 228 222
255 229 228
255 229 229
255 229 229
250 228 229
243 227 229
236 225 229
228 223 229
220 220 229
212 217 229
204 213 229
195 209 229
186 204 229
177 199 229
168 193 229
159 187 229
150 180 229
141 173 229
132 166 229
123 158 229
113 150 229
104 141 229
95 132 229
86 123 229
77 114 229
68 104 229
59 94 229
51 84 229
42 73 229
34 63 229
26 52 229
18 41 229
11 30 229
4 19 229
0 8 229
0 0 229
0 0 228
0 0 222
0 0 215
0 0 209
0 0 202
0 0 194
0 0 187
0 0 179
0 0 171
0 0 164
0 0 156
0 0 147
0 0 139
0 0 131
0 0 123
0 0 114
0 0 106
0 0 98
0 0 89
0 0 81
0 0 73
0 0 65
0 0 57
0 0 49
0 0 42
0 0 34
0 0 27
0 0 20
0 0 13
0 0 6
0 0 0
0 0 0
0 0 0
4 0 0
11 0 0
18 0 0
26 0 0
34 0 0
42 0 0
51 0 0
59 0 0
68 0 0
77 0 0
86 0 0
95 0 0
104 0 0
113 0 0
122 0 0
132 0 0
141 0 0
150 0 0
159 0 0
168 0 0
177 0 0
186 0 0
195 0 0
203 0 0
212 0 0
220 0 0
228 0 0
236 0 0
243 0 0
250 0 0
255 0 0
255 2 0
255 13 0
255 24 6
255 35 13
255 46 20
255 57 27
255 68 34
255 78 42
255 89 49
255 99 57
255 109 65
255 118 73
255 128 81
255 137 89
255 145 98
255 154 106
255 162 114
255 169 123
255 177 131
255 184 139
255 190 147
255 196 156
255 201 164
255 206 171
255 211 179
255 215 187
255 219 194
255 222 202
255 224 209
255 226 215
255 228 222
255 229 228
255 229 229
255 229 229
250 228 229
243 227 229
236 225 229
228 223 229
220 220 229
212 217 229
203 213 229
195 209 229
186 204 229
177 199 229
168 193 229
159 187 229
150 180 229
141 173 229
131 166 229
122 158 229
113 149 229
104 141 229
95 132 229
86 123 229
77 113 229
68 104 229
59 94 229
50 83 229
42 73 229
34 62 229
26 52 229
18 41 229
11 30 229
4 19 229
0 8 229
0 0 229
0 0 228
0 0 222
0 0 215
0 0 208
0 0 201
0 0 194
0 0 187
0 0 179
0 0 171
0 0 163
0 0 155
0 0 147
0 0 139
0 0 131
0 0 122
0 0 114
0 0 106
0 0 97
0 0 89
0 0 81
0 0 73
0 0 65
0 0 57
0 0 49
0 0 42
0 0 34
0 0 27
0 0 20
0 0 13
0 0 6
0 0 0
0 0 0
0 0 0
4 0 0
11 0 0
19 0 0
26 0 0
34 0 0
42 0 0
51 0 0
59 0 0
68 0 0
77 0 0
86 0 0
95 0 0
104 0 0
113 0 0
123 0 0
132 0 0
141 0 0
150 0 0
159 0 0
169 0 0
178 0 0
186 0 0
195 0 0
204 0 0
212 0 0
220 0 0
228 0 0
236 0 0
243 0 0
251 0 0
255 0 0
255 3 0
255 14 0
255 25 7
255 36 13
255 47 20
255 58 27
255 68 35
255 79 42
255 89 50
255 99 57
255 109 65
255 119 73
255 128 81
255 137 90
255 146 98
255 154 106
255 162 115
255 170 123
255 177 131
255 184 139
255 190 148
255 196 156
255 202 164
255 207 172
255 211 179
255 215 187
255 219 195
255 222 202
255 224 209
255 226 216
255 228 222
255 229 229
255 229 229
255 229 229
250 228 229
243 227 229
235 225 229
228 223 229
220 220 229
211 217 229
203 213 229
194 209 229
186 204 229
177 198 229
168 193 229
159 186 229
150 180 229
140 173 229
131 165 229
122 157 229
113 149 229
104 141 229
94 132 229
85 122 229
76 113 229
67 103 229
59 93 229
50 83 229
42 73 229
34 62 229
26 51 229
18 40 229
11 29 229
3 18 229
0 7 229
0 0 229
0 0 228
0 0 222
0 0 215
0 0 208
0 0 201
0 0 194
0 0 186
0 0 179
0 0 171
0 0 163
0 0 155
0 0 147
0 0 139
0 0 130
0 0 122
0 0 114
0 0 105
0 0 97
0 0 89
0 0 81
0 0 73
0 0 65
0 0 57
0 0 49
0 0 41
0 0 34
0 0 27
0 0 20
0 0 13
0 0 6
0 0 0
0 0 0
0 0 0
4 0 0
11 0 0
19 0 0
27 0 0
35 0 0
43 0 0
51 0 0
60 0 0
68 0 0
77 0 0
86 0 0
95 0 0
105 0 0
114 0 0
123 0 0
132 0 0
141 0 0
151 0 0
160 0 0
169 0 0
178 0 0
187 0 0
195 0 0
204 0 0
212 0 0
220 0 0
228 0 0
236 0 0
244 0 0
251 0 0
255 0 0
255 3 0
255 14 1
255 25 7
255 36 14
255 47 20
255 58 27
255 69 35
255 79 42
255 89 50
255 99 58
255 109 66
255 119 74
255 128 82
255 137 90
255 146 98
255 154 107
255 162 115
255 170 123
255 177 131
255 184 140
255 190 148
255 196 156
255 202 164
255 207 172
255 211 180
255 215 187
255 219 195
255 222 202
255 224 209
255 226 216
255 228 223
255 229 229
255 229 229
255 229 229
250 228 229
243 227 229
235 225 229
227 223 229
219 220 229
211 217 229
203 213 229
194 208 229
185 204 229
177 198 229
168 193 229
158 186 229
149 180 229
140 173 229
131 165 229
122 157 229
112 149 229
103 140 229
94 131 229
85 122 229
76 113 229
67 103 229
58 93 229
50 83 229
42 72 229
33 62 229
25 51 229
18 40 229
10 29 229
3 18 229
0 7 229
0 0 229
0 0 228
0 0 221
0 0 215
0 0 208
0 0 201
0 0 194
0 0 186
0 0 178
0 0 171
0 0 163
0 0 155
0 0 147
0 0 138
0 0 130
0 0 122
0 0 114
0 0 105
0 0 97
0 0 89
0 0 80
0 0 72
0 0 64
0 0 56
0 0 49
0 0 41
0 0 34
0 0 26
0 0 19
0 0 12
0 0 6
0 0 0
0 0 0
0 0 0
4 0 0
12 0 0
19 0 0
27 0 0
35 0 0
43 0 0
51 0 0
60 0 0
69 0 0
78 0 0
87 0 0
96 0 0
105 0 0
114 0 0
123 0 0
133 0 0
142 0 0
151 0 0
160 0 0
169 0 0
178 0 0
187 0 0
196 0 0
204 0 0
213 0 0
221 0 0
229 0 0
236 0 0
244 0 0
251 0 0
255 0 0
255 3 0
255 14 1
255 26 7
255 36 14
255 47 21
255 58 28
255 69 35
255 79 42
255 90 50
255 100 58
255 110 66
255 119 74
255 129 82
255 138 90
255 146 98
255 155 107
255 163 115
255 170 123
255 177 132
255 184 140
255 191 148
255 196 156
255 202 164
255 207 172
255 211 180
255 215 188
255 219 195
255 222 202
255 224 209
255 226 216
255 228 223
255 229 229
255 229 229
255 229 229
250 228 229
242 227 229
235 225 229
227 223 229
219 220 229
211 217 229
202 213 229
194 208 229
185 203 229
176 198 229
167 192 229
158 186 229
149 179 229
140 172 229
131 165 229
121 157 229
112 149 229
103 140 229
94 131 229
85 122 229
76 112 229
67 103 229
58 93 229
50 82 229
41 72 229
33 61 229
25 50 229
17 40 229
10 29 229
3 18 229
0 7 229
0 0 229
0 0 228
0 0 221
0 0 215
0 0 208
0 0 201
0 0 193
0 0 186
0 0 178
0 0 170
0 0 163
0 0 154
0 0 146
0 0 138
0 0 130
0 0 122
0 0 113
0 0 105
0 0 97
0 0 88
0 0 80
0 0 72
0 0 64
0 0 56
0 0 48
0 0 41
0 0 33
0 0 26
0 0 19
0 0 12
0 0 6
0 0 0
0 0 0
0 0 0
5 0 0
12 0 0
19 0 0
27 0 0
35 0 0
43 0 0
52 0 0
60 0 0
69 0 0
78 0 0
87 0 0
96 0 0
105 0 0
114 0 0
124 0 0
133 0 0
142 0 0
151 0 0
160 0 0
169 0 0
178 0 0
187 0 0
196 0 0
204 0 0
213 0 0
221 0 0
229 0 0
237 0 0
244 0 0
251 0 0
255 0 0
255 4 0
255 15 1
255 26 7
255 37 14
255 48 21
255 59 28
255 69 35
255 80 43
255 90 50
255 100 58
255 110 66
255 119 74
255 129 82
255 138 90
255 147 99
255 155 107
255 163 115
255 170 124
255 178 132
255 184 140
255 191 148
255 197 157
255 202 165
255 207 172
255 212 180
255 216 188
255 219 195
255 222 202
255 224 210
255 226 216
255 228 223
255 229 229
255 229 229
255 229 229
249 228 229
242 227 229
235 225 229
227 223 229
219 220 229
211 216 229
202 213 229
194 208 229
185 203 229
176 198 229
167 192 229
158 186 229
149 179 229
140 172 229
130 165 229
121 157 229
112 148 229
103 140 229
93 131 229
84 122 229
75 112 229
67 102 229
58 92 229
49 82 229
41 72 229
33 61 229
25 50 229
17 39 229
10 28 229
3 17 229
0 6 229
0 0 229
0 0 227
0 0 221
0 0 214
0 0 208
0 0 200
0 0 193
0 0 186
0 0 178
0 0 170
0 0 162
0 0 154
0 0 146
0 0 138
0 0 130
0 0 121
0 0 113
0 0 105
0 0 96
0 0 88
0 0 80
0 0 72
0 0 64
0 0 56
0 0 48
0 0 41
0 0 33
0 0 26
0 0 19
0 0 12
0 0 5
0 0 0
0 0 0
0 0 0
5 0 0
12 0 0
20 0 0
27 0 0
35 0 0
44 0 0
52 0 0
61 0 0
69 0 0
78 0 0
87 0 0
96 0 0
105 0 0
115 0 0
124 0 0
133 0 0
142 0 0
152 0 0
161 0 0
170 0 0
179 0 0
188 0 0
196 0 0
205 0 0
213 0 0
221 0 0
229 0 0
237 0 0
244 0 0
251 0 0
255 0 0
255 4 0
255 15 1
255 26 8
255 37 14
255 48 21
255 59 28
255 70 35
255 80 43
255 90 51
255 100 58
255 110 66
255 120 74
255 129 83
255 138 91
255 147 99
255 155 107
255 163 116
255 171 124
255 178 132
255 185 140
255 191 149
255 197 157
255 202 165
255 207 173
255 212 180
255 216 188
255 219 195
255 222 203
255 225 210
255 226 217
255 228 223
255 229 229
255 229 229
255 229 229
249 228 229
242 227 229
234 225 229
227 223 229
219 220 229
210 216 229
202 212 229
193 208 229
185 203 229
176 198 229
167 192 229
158 186 229
148 179 229
139 172 229
130 164 229
121 156 229
112 148 229
102 140 229
93 131 229
84 121 229
75 112 229
66 102 229
58 92 229
49 82 229
41 71 229
33 61 229
25 50 229
17 39 229
10 28 229
2 17 229
0 6 229
0 0 229
0 0 227
0 0 221
0 0 214
0 0 207
0 0 200
0 0 193
0 0 185
0 0 178
0 0 170
0 0 162
0 0 154
0 0 146
0 0 138
0 0 129
0 0 121
0 0 113
0 0 104
0 0 96
0 0 88
0 0 80
0 0 72
0 0 64
0 0 56
0 0 48
0 0 40
0 0 33
0 0 26
0 0 19
0 0 12
0 0 5
0 0 0
0 0 0
0 0 0
5 0 0
12 0 0
20 0 0
28 0 0
36 0 0
44 0 0
52 0 0
61 0 0
70 0 0
78 0 0
87 0 0
97 0 0
106 0 0
115 0 0
124 0 0
133 0 0
143 0 0
152 0 0
161 0 0
170 0 0
179 0 0
188 0 0
196 0 0
205 0 0
213 0 0
222 0 0
229 0 0
237 0 0
245 0 0
252 0 0
255 0 0
255 4 0
255 16 1
255 27 8
255 38 14
255 48 21
255 59 28
255 70 36
255 80 43
255 91 51
255 101 59
255 111 67
255 120 75
255 129 83
255 138 91
255 147 99
255 155 108
255 163 116
255 171 124
255 178 133
255 185 141
255 191 149
255 197 157
255 202 165
255 207 173
255 212 181
255 216 188
255 219 196
255 222 203
255 225 210
255 227 217
255 228 223
255 229 229
255 229 229
255 229 229
249 228 229
242 227 229
234 225 229
226 222 229
218 220 229
210 216 229
202 212 229
193 208 229
184 203 229
175 198 229
166 192 229
157 185 229
148 179 229
139 172 229
130 164 229
120 156 229
111 148 229
102 139 229
93 130 229
84 121 229
75 111 229
66 102 229
57 92 229
49 81 229
41 71 229
32 60 229
24 49 229
17 39 229
9 28 229
2 17 229
0 5 229
0 0 229
0 0 227
0 0 221
0 0 214
0 0 207
0 0 200
0 0 193
0 0 185
0 0 178
0 0 170
0 0 162
0 0 154
0 0 146
0 0 137
0 0 129
0 0 121
0 0 112
0 0 104
0 0 96
0 0 88
0 0 79
0 0 71
0 0 63
0 0 55
0 0 48
0 0 40
0 0 33
0 0 25
0 0 18
0 0 12
0 0 5
0 0 0
0 0 0
0 0 0
5 0 0
12 0 0
20 0 0
28 0 0
36 0 0
44 0 0
52 0 0
61 0 0
70 0 0
79 0 0
88 0 0
97 0 0
106 0 0
115 0 0
124 0 0
134 0 0
143 0 0
152 0 0
161 0 0
170 0 0
179 0 0
188 0 0
197 0 0
205 0 0
214 0 0
222 0 0
230 0 0
237 0 0
245 0 0
252 0 0
255 0 0
255 5 0
255 16 2
255 27 8
255 38 15
255 49 22
255 60 29
255 70 36
255 81 43
255 91 51
255 101 59
255 111 67
255 120 75
255 130 83
255 139 91
255 147 100
255 156 108
255 164 116
255 171 124
255 178 133
255 185 141
255 191 149
255 197 157
255 203 165
255 208 173
255 212 181
255 216 189
255 219 196
255 222 203
255 225 210
255 227 217
255 228 224
255 229 229
255 229 229
255 229 229
249 228 229
241 227 229
234 225 229
226 222 229
218 219 229
210 216 229
201 212 229
193 208 229
184 203 229
175 197 229
166 192 229
157 185 229
148 179 229
139 171 229
129 164 229
120 156 229
111 148 229
102 139 229
93 130 229
84 121 229
75 111 229
66 101 229
57 91 229
49 81 229
40 71 229
32 60 229
24 49 229
17 38 229
9 27 229
2 16 229
0 5 229
0 0 229
0 0 227
0 0 220
0 0 214
0 0 207
0 0 200
0 0 192
0 0 185
0 0 177
0 0 169
0 0 162
0 0 153
0 0 145
0 0 137
0 0 129
0 0 121
0 0 112
0 0 104
0 0 96
0 0 87
0 0 79
0 0 71
0 0 63
0 0 55
0 0 47
0 0 40
0 0 32
0 0 25
0 0 18
0 0 11
0 0 5
0 0 0
0 0 0
