0 0 128
0 0 126
0 1 125
0 2 124
0 3 123
0 4 122
0 5 120
0 6 119
0 7 118
0 8 117
0 9 116
0 10 115
0 10 113
0 11 112
0 12 111
0 13 110
0 14 109
0 15 108
0 16 106
0 17 105
0 18 104
0 19 103
0 20 102
0 20 101
0 21 99
0 22 98
0 23 97
0 24 96
0 25 95
0 26 94
0 27 92
0 28 91
0 29 90
0 30 89
0 30 88
0 31 86
0 32 85
0 33 84
0 34 83
0 35 82
0 36 81
0 37 79
0 38 78
0 39 77
0 40 76
0 40 75
0 41 74
0 42 72
0 43 71
0 44 70
0 45 69
0 46 68
0 47 67
0 48 65
0 49 64
0 50 63
0 50 62
0 51 61
0 52 60
0 53 58
0 54 57
0 55 56
0 56 55
0 57 54
0 58 53
0 59 51
0 60 50
0 60 49
0 61 48
0 62 47
0 63 45
0 64 44
0 65 43
0 66 42
0 67 41
0 68 40
0 69 38
0 70 37
0 70 36
0 71 35
0 72 34
0 73 33
0 74 31
0 75 30
0 76 29
0 77 28
0 78 27
0 79 26
0 80 24
0 80 23
0 81 22
0 82 21
0 83 20
0 84 19
0 85 17
0 86 16
0 87 15
0 88 14
0 89 13
0 90 11
0 90 10
0 91 9
0 92 8
0 93 7
0 94 6
0 94 6
0 93 8
0 92 11
0 91 13
0 91 15
0 90 17
0 89 19
0 88 21
0 87 23
0 86 25
0 85 27
0 85 29
0 84 31
0 83 33
0 82 35
0 81 37
0 80 40
0 80 42
0 79 44
0 78 46
0 77 48
0 76 50
0 75 52
0 74 54
0 74 56
0 73 58
0 72 60
0 71 62
0 70 64
0 69 66
0 69 69
0 68 71
0 67 73
0 66 75
0 65 77
0 64 79
0 63 81
0 63 83
0 62 85
0 61 87
0 60 89
0 59 91
0 58 93
0 58 95
0 57 98
0 56 100
0 55 102
0 54 104
0 53 106
0 53 108
0 52 110
0 51 112
0 50 114
0 49 116
0 48 118
0 47 120
0 47 122
0 46 124
0 45 127
0 44 129
0 43 131
0 42 133
0 42 135
0 41 137
0 40 139
0 39 141
0 38 143
0 37 145
0 36 147
0 36 149
0 35 151
0 34 153
0 33 156
0 32 158
0 31 160
0 31 162
0 30 164
0 29 166
0 28 168
0 27 170
0 26 172
0 25 174
0 25 176
0 24 178
0 23 180
0 22 182
0 21 185
0 20 187
0 20 189
0 19 191
0 18 193
0 17 195
0 16 197
0 15 199
0 15 201
0 14 203
0 13 205
0 12 207
0 11 209
0 10 211
0 9 214
0 9 216
0 8 218
0 7 220
0 6 222
0 5 224
0 4 226
0 4 228
0 3 230
0 2 232
0 1 234
0 0 236
0 0 238
0 2 240
0 3 243
0 5 245
0 7 247
0 9 249
0 10 251
0 12 253
0 14 255
0 16 255
0 17 255
0 19 255
0 21 255
0 23 255
0 25 255
0 26 255
0 28 255
0 30 255
0 32 255
0 33 255
0 35 255
0 37 255
0 39 255
0 40 255
0 42 255
0 44 255
0 46 255
0 47 255
0 49 255
0 51 255
0 53 255
0 54 255
0 56 255
0 58 255
0 60 255
0 61 255
0 63 255
0 65 255
0 67 255
0 68 255
0 70 255
0 72 255
0 74 255
0 76 255
0 77 255
0 79 255
0 81 255
0 83 255
0 84 255
0 86 255
0 88 255
0 90 255
0 91 255
0 93 255
0 95 255
0 97 255
0 98 255
0 100 255
0 102 255
0 104 255
0 105 255
0 107 255
0 109 255
0 111 255
0 112 255
0 114 255
0 116 255
0 118 255
0 120 255
0 121 255
0 123 255
0 125 255
0 127 255
0 128 255
0 130 255
0 132 255
0 134 255
0 135 255
0 137 255
0 139 255
0 141 255
0 142 255
0 144 255
0 146 255
0 148 255
0 149 255
0 151 255
0 153 255
0 155 255
0 156 255
0 158 255
0 160 255
0 162 255
0 163 255
0 165 255
0 167 255
0 169 255
0 171 255
0 172 255
0 174 255
0 176 255
0 178 255
0 179 255
0 181 255
0 183 255
0 184 255
0 185 255
0 186 255
0 187 255
0 188 255
0 189 255
0 190 255
0 192 255
0 192 255
0 193 255
0 194 255
0 194 255
0 195 255
0 196 255
0 196 255
0 197 255
0 198 255
0 198 255
0 199 255
0 199 255
0 200 255
0 200 255
0 201 255
0 201 255
0 202 255
0 203 255
0 203 255
0 204 255
0 204 255
0 205 255
0 205 255
0 206 255
0 206 255
0 207 255
0 208 255
0 208 255
0 209 255
0 209 255
0 210 255
0 210 255
0 211 255
0 211 255
0 212 255
0 212 255
0 213 255
0 214 255
0 214 255
0 215 255
0 215 255
0 216 255
0 216 255
0 217 255
0 217 255
0 218 255
0 219 255
0 219 255
0 220 255
0 220 255
0 221 255
0 221 255
0 222 255
0 222 255
0 223 255
0 223 255
0 224 255
0 225 255
0 225 255
0 226 255
0 226 255
0 227 255
0 227 255
0 228 255
0 228 255
0 229 255
0 229 255
0 230 255
0 231 255
0 231 255
0 232 255
0 232 255
0 233 255
0 233 255
0 234 255
0 234 255
0 235 255
0 236 255
0 236 255
0 237 255
0 237 255
0 238 255
0 238 255
0 239 255
0 239 255
0 240 255
0 240 255
0 241 255
0 242 254
0 242 253
0 243 252
0 243 252
0 244 251
0 244 250
0 245 249
0 245 248
0 246 247
0 247 247
0 247 246
0 248 245
0 248 244
0 249 243
0 249 243
0 250 242
0 250 241
0 251 240
0 251 239
0 252 238
0 253 238
0 253 237
0 254 236
0 254 235
0 254 234
0 254 234
0 254 233
0 254 232
0 254 231
0 254 230
0 254 229
0 254 229
0 254 228
0 254 227
0 254 226
0 254 225
0 254 225
0 254 224
0 254 223
0 254 222
0 254 221
0 254 221
0 253 220
0 253 219
0 253 218
0 253 217
0 253 216
0 253 216
0 253 215
0 253 214
0 253 213
0 253 212
0 253 212
0 253 211
0 253 210
0 253 209
0 253 208
0 253 207
0 253 207
0 252 206
0 252 205
0 252 204
0 252 203
0 252 203
0 252 202
0 252 201
0 252 200
0 252 199
0 252 198
0 252 198
0 252 197
0 252 196
0 252 195
0 252 194
0 252 194
0 252 193
0 252 192
0 251 191
0 251 190
0 251 189
0 251 189
0 251 188
0 251 187
0 251 186
0 251 185
0 251 185
0 251 184
0 251 183
0 251 182
0 251 181
0 251 180
0 251 180
0 251 179
0 251 178
0 251 177
0 250 176
0 250 176
0 250 175
0 250 174
0 250 173
0 250 172
0 250 172
0 250 171
0 250 170
0 250 169
0 250 168
0 250 167
0 250 167
0 250 166
0 250 165
0 250 164
0 250 163
0 250 163
0 250 162
0 250 161
0 250 160
0 250 159
0 250 158
0 250 158
0 250 157
0 250 156
0 250 155
0 250 153
0 250 152
0 250 151
0 250 149
0 250 148
0 250 147
0 250 145
0 250 144
0 250 143
0 250 142
0 250 140
0 250 139
0 250 138
0 250 136
0 250 135
0 250 134
0 250 132
0 250 131
0 250 130
0 250 129
0 250 127
0 250 126
0 250 125
0 250 123
0 250 122
0 250 121
0 250 119
0 250 118
0 250 117
0 250 116
0 250 114
0 250 113
0 250 112
0 250 110
0 251 109
0 251 108
0 251 106
0 251 105
0 251 104
0 251 103
0 251 101
0 251 100
0 251 99
0 251 97
0 251 96
0 251 95
0 251 93
0 251 92
0 251 91
0 251 90
0 251 88
0 251 87
0 251 86
0 252 84
0 252 83
0 252 82
0 252 80
0 252 79
0 252 78
0 252 77
0 252 75
0 252 74
0 252 73
0 252 71
0 252 70
0 252 69
0 252 67
0 252 66
0 252 65
0 252 64
0 252 62
0 252 61
0 253 60
0 253 58
0 253 57
0 253 56
0 253 54
0 253 53
0 253 52
0 253 51
0 253 49
0 253 48
0 253 47
0 253 45
0 253 44
0 253 43
0 253 41
0 253 40
0 253 39
0 253 38
0 253 36
0 254 35
0 254 34
0 254 32
0 254 31
0 254 30
1 254 29
2 254 27
3 254 26
3 254 25
4 254 23
5 254 22
6 254 21
7 254 19
7 254 18
8 254 17
9 254 16
10 254 14
10 254 13
11 254 12
12 254 10
13 254 9
14 254 8
14 253 6
15 253 5
16 252 4
17 252 3
18 251 1
18 251 0
19 250 0
20 250 0
21 249 0
22 249 0
22 248 0
23 248 0
24 248 0
25 247 0
26 247 0
26 246 0
27 246 0
28 245 0
29 245 0
30 244 0
30 244 0
31 243 0
32 243 0
33 242 0
33 242 0
34 241 0
35 241 0
36 240 0
37 240 0
37 240 0
38 239 0
39 239 0
40 238 0
41 238 0
41 237 0
42 237 0
43 236 0
44 236 0
45 235 0
45 235 0
46 234 0
47 234 0
48 233 0
49 233 0
49 233 0
50 232 0
51 232 0
52 231 0
53 231 0
53 230 0
54 230 0
55 229 0
56 229 0
56 228 0
57 228 0
58 227 0
59 227 0
60 226 0
60 226 0
61 225 0
62 225 0
63 225 0
64 224 0
64 224 0
65 223 0
66 223 0
67 222 0
68 222 0
68 221 0
69 221 0
70 220 0
71 220 0
72 219 0
72 219 0
73 218 0
74 218 0
75 218 0
76 217 0
76 217 0
77 216 0
78 216 0
79 215 0
79 215 0
80 214 0
81 214 0
82 213 0
83 213 0
83 212 0
84 212 0
85 211 0
86 211 0
87 210 0
87 210 0
88 210 0
89 209 0
90 209 0
91 208 0
91 208 0
92 207 0
93 207 0
94 206 0
95 206 0
95 206 0
96 206 0
97 207 0
98 207 0
99 207 0
99 208 0
100 208 0
101 209 0
101 209 0
102 209 0
102 210 0
102 210 0
102 211 0
103 211 0
103 211 0
103 212 0
103 212 0
104 213 0
104 213 0
104 213 0
104 214 0
105 214 0
105 215 0
105 215 0
105 215 0
106 216 0
106 216 0
106 217 0
106 217 0
107 218 0
107 218 0
107 218 0
107 219 0
108 219 0
108 220 0
108 220 0
108 220 0
109 221 0
109 221 0
109 222 0
109 222 0
110 222 0
110 223 0
110 223 0
110 224 0
111 224 0
111 224 0
111 225 0
111 225 0
112 226 0
112 226 0
112 226 0
112 227 0
113 227 0
113 228 0
113 228 0
113 228 0
114 229 0
114 229 0
114 230 0
114 230 0
115 231 0
115 231 0
115 231 0
115 232 0
116 232 0
116 233 0
116 233 0
116 233 0
116 234 0
117 234 0
117 235 0
117 235 0
117 235 0
118 236 0
118 236 0
118 237 0
118 237 0
119 237 0
119 238 0
119 238 0
119 239 0
120 239 0
120 239 0
120 240 0
120 240 0
121 241 0
121 241 0
121 241 0
121 242 0
122 242 0
122 243 0
122 243 0
122 244 0
123 244 0
123 244 0
123 245 0
123 245 0
124 246 1
124 246 1
124 246 2
124 247 2
125 247 3
125 248 3
125 248 4
125 248 4
126 249 4
126 249 5
126 250 5
126 250 6
127 250 6
127 251 7
127 251 7
128 252 8
128 252 8
129 252 9
129 253 9
130 253 10
131 254 10
131 254 11
132 254 11
132 255 12
133 255 12
133 255 13
134 255 13
135 255 14
135 255 14
136 255 15
136 255 15
137 255 16
137 255 16
138 255 17
138 255 17
139 255 18
140 255 18
140 255 19
141 255 19
141 255 20
142 255 20
142 255 21
143 255 21
144 255 22
144 255 22
145 255 23
145 255 23
146 255 24
146 255 24
147 255 25
148 255 25
148 255 26
149 255 26
149 255 27
150 255 27
150 255 28
151 255 28
152 255 29
152 255 29
153 255 30
153 255 30
154 255 31
154 255 31
155 255 32
155 255 32
156 255 33
157 255 33
157 255 34
158 255 34
158 255 35
159 255 35
159 255 36
160 255 36
161 255 37
161 255 37
162 255 38
162 255 38
163 255 39
163 255 39
164 255 40
165 255 40
165 255 41
166 255 41
166 255 42
167 255 42
167 255 43
168 255 43
169 255 44
169 255 44
170 255 45
170 255 45
171 255 46
171 255 46
172 255 47
172 255 47
173 255 48
174 255 48
174 255 49
175 255 49
175 255 50
176 255 50
176 255 51
177 255 51
178 255 52
178 255 52
179 255 53
179 255 53
180 255 54
180 255 54
181 255 55
182 255 55
182 255 56
183 255 56
183 255 57
184 255 57
184 255 58
185 255 58
186 255 59
186 255 59
187 255 59
187 255 58
188 255 58
188 255 57
189 255 57
189 255 56
190 255 56
191 255 55
191 255 55
192 255 54
192 255 54
193 255 53
193 255 53
194 255 52
195 255 52
195 255 51
196 255 51
196 255 50
197 255 50
197 255 49
198 255 49
199 255 48
199 255 48
200 255 47
200 255 47
201 255 46
201 255 46
202 255 45
203 255 45
203 255 44
204 255 44
204 255 43
205 255 43
205 255 43
206 255 42
207 255 42
207 255 41
208 255 41
208 255 40
209 255 40
209 255 39
210 255 39
210 255 38
211 255 38
212 255 37
212 255 37
213 255 36
213 255 36
214 255 35
214 255 35
215 255 34
216 255 34
216 255 33
217 255 33
217 255 32
218 255 32
218 255 31
219 255 31
220 255 30
220 255 30
221 255 29
221 255 29
222 255 28
222 255 28
223 255 27
224 255 27
224 255 26
225 255 26
225 255 25
226 255 25
226 255 24
227 255 24
227 255 23
228 255 23
229 255 22
229 255 22
230 255 21
230 255 21
231 255 20
231 255 20
232 255 19
233 255 19
233 255 18
234 255 18
234 255 17
235 255 17
235 255 16
236 255 16
237 255 15
237 255 15
238 255 14
238 255 14
239 255 13
239 255 13
240 255 12
241 255 12
241 254 11
242 254 11
242 254 10
243 253 10
243 253 9
244 253 9
244 253 8
245 252 8
246 252 7
246 252 7
247 251 6
247 251 6
248 251 5
248 250 5
249 250 4
250 250 4
250 249 3
251 249 3
251 249 2
252 249 2
252 248 1
253 248 1
254 248 0
254 247 0
255 247 0
255 247 0
255 246 0
255 246 0
255 246 0
255 246 0
255 245 0
255 245 0
255 245 0
255 244 0
255 244 0
255 244 0
255 243 0
255 243 0
255 243 0
255 242 0
255 242 0
255 242 0
255 242 0
255 241 0
255 241 0
255 241 0
255 240 0
255 240 0
255 240 0
255 239 0
255 239 0
255 239 0
255 238 0
255 238 0
255 238 0
255 238 0
255 237 0
255 237 0
255 237 0
255 236 0
255 236 0
255 236 0
255 235 0
255 235 0
255 235 0
255 234 0
255 234 0
255 234 0
255 234 0
255 233 0
255 233 0
255 233 0
255 232 0
255 232 0
255 232 0
255 231 0
255 231 0
255 231 0
255 230 0
255 230 0
255 230 0
255 230 0
255 229 0
255 229 0
255 229 0
255 228 0
255 228 0
255 228 0
255 227 0
255 227 0
255 227 0
255 226 0
255 226 0
255 226 0
255 226 0
255 225 0
255 225 0
255 225 0
255 224 0
255 224 0
255 224 0
255 223 0
255 223 0
255 223 0
255 222 0
255 222 0
255 222 0
255 222 0
255 221 0
255 221 0
255 221 0
255 220 0
255 220 0
255 220 0
255 219 0
255 219 0
255 219 0
255 218 0
255 218 0
255 218 0
255 218 0
255 217 0
255 217 0
255 217 0
255 216 0
255 216 0
255 216 0
255 215 0
255 215 1
255 215 1
255 214 1
255 214 1
255 214 1
255 214 1
255 213 1
255 213 2
255 213 2
255 212 2
255 212 2
255 212 2
255 211 2
255 211 2
255 211 2
255 210 3
255 210 3
255 210 3
255 210 3
255 209 3
255 209 3
255 209 3
255 208 4
255 208 4
255 208 4
255 207 4
255 207 4
255 207 4
255 206 4
255 206 4
255 206 5
255 206 5
255 205 5
255 205 5
255 205 5
255 204 5
255 204 5
255 204 6
255 203 6
255 203 6
255 203 6
255 202 6
255 202 6
255 202 6
255 202 6
255 201 7
255 201 7
255 201 7
255 200 7
255 200 7
255 200 7
255 199 7
255 199 8
255 199 8
255 198 8
255 198 8
255 198 8
255 198 8
255 197 8
255 197 8
255 197 9
255 196 9
255 196 9
255 196 9
255 195 9
255 195 9
255 195 9
255 195 10
255 194 10
255 194 10
255 194 10
255 193 10
255 193 10
255 193 10
255 192 10
255 192 11
255 192 11
255 191 11
255 191 11
255 191 11
255 191 11
255 190 11
255 190 12
255 190 12
255 189 12
255 189 12
255 189 12
255 188 12
255 188 12
255 188 12
255 187 13
255 187 13
255 187 13
255 187 13
255 186 13
255 186 13
255 186 13
255 185 13
255 184 13
255 183 13
255 182 13
255 181 13
255 180 13
255 179 13
255 178 13
255 177 13
255 176 12
255 175 12
255 174 12
255 173 12
255 172 12
255 171 12
255 170 12
255 169 12
255 168 11
255 167 11
255 166 11
255 165 11
255 163 11
255 162 11
255 161 11
255 160 11
255 159 11
255 158 10
255 157 10
255 156 10
255 155 10
255 154 10
255 153 10
255 152 10
255 151 10
255 150 9
255 149 9
255 148 9
255 147 9
255 146 9
255 145 9
255 144 9
255 143 9
255 142 9
255 141 8
255 140 8
255 139 8
255 138 8
255 137 8
255 136 8
255 135 8
255 134 8
255 133 8
255 132 7
255 131 7
255 130 7
255 129 7
255 128 7
255 127 7
255 126 7
255 125 7
255 124 6
255 123 6
255 122 6
255 121 6
255 120 6
255 119 6
255 118 6
255 117 6
255 116 6
255 115 5
255 113 5
255 112 5
255 111 5
255 110 5
255 109 5
255 108 5
255 107 5
255 106 4
255 105 4
255 104 4
255 103 4
255 102 4
255 101 4
255 100 4
255 99 4
255 98 4
255 97 3
255 96 3
255 95 3
255 94 3
255 93 3
255 92 3
255 91 3
255 90 3
255 89 3
255 88 2
255 87 2
255 86 2
255 85 2
255 84 2
255 83 2
255 82 2
255 81 2
255 80 1
255 79 1
255 78 1
255 77 1
255 76 1
255 75 1
255 74 1
255 73 1
255 72 1
255 71 0
255 70 0
255 70 0
255 69 0
255 68 0
255 68 0
255 67 0
255 67 0
255 66 0
255 65 0
255 65 0
255 64 0
255 64 0
255 63 0
255 62 0
255 62 0
255 61 0
255 61 0
255 60 0
255 59 0
255 59 0
255 58 0
255 58 0
255 57 0
255 56 0
255 56 0
255 55 0
255 55 0
255 54 0
255 54 0
255 53 0
255 52 0
255 52 0
255 51 0
255 51 0
255 50 0
255 49 0
255 49 0
255 48 0
255 48 0
255 47 0
255 46 0
255 46 0
255 45 0
255 45 0
255 44 0
255 43 0
255 43 0
255 42 0
255 42 0
255 41 0
255 41 0
255 40 0
255 39 0
255 39 0
255 38 0
255 38 0
255 37 0
255 36 0
255 36 0
255 35 0
255 35 0
255 34 0
255 33 0
255 33 0
255 32 0
255 32 0
255 31 0
255 30 0
255 30 0
255 29 0
255 29 0
255 28 0
255 27 0
255 27 0
255 26 0
255 26 0
255 25 0
255 25 0
255 24 0
255 23 0
255 23 0
255 22 0
255 22 0
255 21 0
255 20 0
255 20 0
255 19 0
255 19 0
255 18 0
255 17 0
255 17 0
255 16 0
255 16 0
255 15 0
255 14 0
255 14 0
255 13 0
255 13 0
255 12 0
255 11 0
255 11 0
255 10 0
255 10 0
255 9 0
255 9 1
255 8 3
255 7 6
255 7 8
255 6 10
255 6 12
255 5 14
255 4 17
255 4 19
255 3 21
255 3 23
255 2 25
255 1 28
255 1 30
255 0 32
255 0 34
255 0 37
255 0 39
255 0 41
255 0 43
255 0 45
255 0 48
255 0 50
255 0 52
255 0 54
255 0 56
255 0 59
255 0 61
255 0 63
255 0 65
255 0 67
255 0 70
255 0 72
255 0 74
255 0 76
255 0 78
255 0 81
255 0 83
255 0 85
255 0 87
255 0 90
255 0 92
255 0 94
255 0 96
255 0 98
255 0 101
255 0 103
255 0 105
255 0 107
255 0 109
255 0 112
255 0 114
255 0 116
255 0 118
255 0 120
255 0 123
255 0 125
255 0 127
255 0 129
255 0 132
255 0 134
255 0 136
255 0 138
255 0 140
255 0 143
255 0 145
255 0 147
255 0 149
255 0 151
255 0 154
255 0 156
255 0 158
255 0 160
255 0 162
255 0 165
255 0 167
255 0 169
255 0 171
255 0 174
255 0 176
255 0 178
255 0 180
255 0 182
255 0 185
255 0 187
255 0 189
255 0 191
255 0 193
255 0 196
255 0 198
255 0 200
255 0 202
255 0 204
255 0 207
255 0 209
255 0 211
255 0 213
255 0 215
255 0 218
255 0 220
255 0 222
255 0 224
255 0 227
255 0 229
255 0 231
255 0 233
255 0 235
255 0 238
255 0 240
255 0 242
255 0 244
255 0 246
254 0 248
253 0 248
252 1 249
252 1 249
251 1 250
250 2 250
249 2 250
248 3 251
247 3 251
246 4 252
246 4 252
245 4 253
244 5 253
243 5 253
242 6 254
241 6 254
240 7 255
240 7 255
239 7 255
238 8 255
237 8 255
236 9 255
235 9 255
234 10 255
234 10 255
233 10 255
232 11 255
231 11 255
230 12 255
229 12 255
228 13 255
228 13 255
227 13 255
226 14 255
225 14 255
224 15 255
223 15 255
222 16 255
222 16 255
221 16 255
220 17 255
219 17 255
218 18 255
217 18 255
216 19 255
216 19 255
215 19 255
214 20 255
213 20 255
212 21 255
211 21 255
210 22 255
210 22 255
209 22 255
208 23 255
207 23 255
206 24 255
205 24 255
204 25 255
204 25 255
203 25 255
202 26 255
201 26 255
200 27 255
199 27 255
198 28 255
198 28 255
197 28 255
196 29 255
195 29 255
194 30 255
193 30 255
192 31 255
192 31 255
191 31 255
190 32 255
189 32 255
188 33 255
187 33 255
186 34 255
186 34 255
185 34 255
184 35 255
183 35 255
182 36 255
181 36 255
180 37 255
180 37 255
179 37 255
178 38 255
177 38 255
176 39 255
175 39 255
174 40 255
174 40 255
173 40 255
172 41 255
171 41 255
170 42 255
169 42 255
168 43 255
168 43 255
167 43 255
166 44 255
165 44 254
164 45 254
163 46 254
162 47 254
162 47 254
161 48 254
160 49 254
159 49 253
158 50 253
159 51 253
160 52 253
160 52 253
161 53 253
162 54 253
162 55 252
163 55 252
164 56 252
165 57 252
165 58 252
166 58 252
167 59 251
168 60 251
168 61 251
169 61 251
170 62 251
171 63 251
171 63 251
172 64 250
173 65 250
174 66 250
174 66 250
175 67 250
176 68 250
177 69 250
177 69 249
178 70 249
179 71 249
179 72 249
180 72 249
181 73 249
182 74 248
182 75 248
183 75 248
184 76 248
185 77 248
185 77 248
186 78 248
187 79 247
188 80 247
188 80 247
189 81 247
190 82 247
191 83 247
191 83 247
192 84 246
193 85 246
193 86 246
194 86 246
195 87 246
196 88 246
196 89 246
197 89 245
198 90 245
199 91 245
199 91 245
200 92 245
201 93 245
202 94 244
202 94 244
203 95 244
204 96 244
205 97 244
205 97 244
206 98 244
207 99 243
208 100 243
208 100 243
209 101 243
210 102 243
210 103 243
211 103 243
212 104 242
213 105 242
213 105 242
214 106 242
215 107 242
216 108 242
216 108 241
217 109 241
218 110 241
219 111 241
219 111 241
220 112 241
221 113 241
222 114 240
222 114 240
223 115 240
224 116 240
225 117 240
225 117 240
226 118 240
227 119 239
227 119 239
228 120 239
229 121 239
230 122 239
230 122 239
231 123 238
232 124 238
233 125 238
233 125 238
234 126 238
235 127 238
235 127 238
235 128 238
235 129 238
235 129 238
235 130 238
236 130 238
236 131 238
236 131 238
236 132 238
236 133 238
236 133 239
236 134 239
236 134 239
236 135 239
236 136 239
236 136 239
236 137 239
237 137 239
237 138 239
237 138 239
237 139 239
237 140 239
237 140 239
237 141 239
237 141 240
237 142 240
237 142 240
237 143 240
238 144 240
238 144 240
238 145 240
238 145 240
238 146 240
238 147 240
238 147 240
238 148 240
238 148 240
238 149 241
238 149 241
239 150 241
239 151 241
239 151 241
239 152 241
239 152 241
239 153 241
239 153 241
239 154 241
239 155 241
239 155 241
239 156 241
239 156 242
240 157 242
240 157 242
240 158 242
240 159 242
240 159 242
240 160 242
240 160 242
240 161 242
240 162 242
240 162 242
240 163 242
241 163 242
241 164 243
241 164 243
241 165 243
241 166 243
241 166 243
241 167 243
241 167 243
241 168 243
241 168 243
241 169 243
242 170 243
242 170 243
242 171 243
242 171 244
242 172 244
242 172 244
242 173 244
242 174 244
242 174 244
242 175 244
242 175 244
243 176 244
243 177 244
243 177 244
243 178 244
243 178 244
243 179 244
243 179 245
243 180 245
243 181 245
243 181 245
243 182 245
243 182 245
244 183 245
244 183 245
244 184 245
244 185 245
244 185 245
244 186 245
244 186 245
244 187 246
244 187 246
244 188 246
244 189 246
245 189 246
245 190 246
245 190 246
245 191 246
245 192 246
245 192 246
245 193 246
245 193 246
245 194 246
245 194 247
245 195 247
246 196 247
246 196 247
246 197 247
246 197 247
246 198 247
246 198 247
246 199 247
246 200 247
246 200 247
246 201 247
246 201 247
247 202 248
247 202 248
247 203 248
247 204 248
247 204 248
247 205 248
247 205 248
247 206 248
247 207 248
247 207 248
247 208 248
247 208 248
248 209 248
248 209 249
248 210 249
248 211 249
248 211 249
248 212 249
248 212 249
248 213 249
248 213 249
248 214 249
248 215 249
249 215 249
249 216 249
249 216 249
249 217 249
249 217 250
249 218 250
249 219 250
249 219 250
249 220 250
249 220 250
249 221 250
250 222 250
250 222 250
250 223 250
250 223 250
250 224 250
250 224 250
250 225 251
250 226 251
250 226 251
250 227 251
250 227 251
250 228 251
251 228 251
251 229 251
251 230 251
251 230 251
251 231 251
251 231 251
251 232 251
251 232 252
251 233 252
251 234 252
251 234 252
252 235 252
252 235 252
252 236 252
252 237 252
252 237 252
252 238 252
252 238 252
252 239 252
252 239 252
252 240 253
252 241 253
253 241 253
253 242 253
253 242 253
253 243 253
253 243 253
253 244 253
253 245 253
253 245 253
253 246 253
253 246 253
253 247 253
254 247 254
