0 0 0
0 0 5
0 0 10
0 0 16
0 0 21
0 0 26
0 0 32
0 0 37
0 0 42
0 0 44
0 0 46
0 0 48
0 0 49
1 0 51
1 0 53
1 0 54
1 0 56
1 0 57
1 0 59
1 0 60
1 0 61
1 0 63
1 0 64
1 0 65
1 0 67
2 0 68
2 0 69
2 0 71
2 0 72
2 0 73
2 0 75
2 0 76
2 0 77
2 0 79
2 0 80
2 0 81
2 0 83
3 0 84
3 0 85
3 0 87
3 0 88
3 0 89
3 0 91
3 0 92
3 0 93
3 0 95
3 0 96
3 0 97
3 0 99
4 0 100
4 0 101
4 0 103
4 0 104
4 0 105
4 0 107
4 0 108
4 0 109
4 0 110
4 0 111
4 0 112
4 1 112
5 1 113
5 1 114
5 1 115
5 2 115
5 2 116
5 2 116
5 3 116
5 3 116
5 3 116
5 3 116
5 4 116
5 4 116
6 4 116
6 5 116
6 5 116
6 5 116
6 5 116
6 6 116
6 6 116
6 6 116
6 7 116
6 7 116
6 7 116
6 7 116
7 8 116
7 8 116
7 8 116
7 9 116
7 9 116
7 9 116
7 9 116
7 10 116
7 10 116
7 10 116
7 11 116
7 11 116
8 11 116
8 11 116
8 12 116
8 12 116
8 12 116
8 13 116
8 13 116
8 13 116
8 13 116
8 14 116
8 14 116
8 14 116
9 15 117
9 15 117
9 15 117
9 15 117
9 16 117
9 16 117
9 16 117
9 17 117
9 17 117
9 17 117
9 17 117
9 18 117
10 18 117
10 18 117
10 19 117
10 19 117
10 19 117
10 19 117
10 20 117
10 20 117
10 20 117
10 21 117
10 21 117
10 21 117
11 21 117
11 22 117
11 22 117
11 22 117
11 23 117
11 23 117
11 23 117
11 23 117
11 24 117
11 24 117
11 24 117
11 25 117
12 25 117
12 25 117
12 25 117
12 26 117
12 26 117
12 26 117
12 27 117
12 27 117
12 27 118
12 27 118
12 28 118
12 28 118
13 28 118
13 29 118
13 29 118
13 29 118
13 30 118
13 30 118
13 30 118
13 30 118
13 31 118
13 31 118
13 31 118
13 32 118
14 32 118
14 32 118
14 32 118
14 33 118
14 33 118
14 33 118
14 34 118
14 34 118
14 34 118
14 34 118
14 35 118
14 35 118
15 35 118
15 36 118
15 36 118
15 36 118
15 36 118
15 37 118
15 37 118
15 37 118
15 38 118
15 38 118
15 38 118
15 38 118
16 39 118
16 39 118
16 39 118
16 40 118
16 40 118
16 40 119
16 40 119
16 41 119
16 41 119
16 41 119
16 42 119
16 42 119
17 42 119
17 42 119
17 43 119
17 43 119
17 43 119
17 44 119
17 44 119
17 44 119
17 44 119
17 45 119
17 45 119
17 45 119
18 46 119
18 46 119
18 46 119
18 46 119
18 47 119
18 47 119
18 47 119
18 48 119
18 48 119
18 48 119
18 48 119
18 49 119
19 49 119
19 49 119
19 49 119
19 50 119
19 50 119
19 50 119
19 50 119
19 51 119
19 51 119
19 51 119
19 51 119
19 52 119
20 52 119
20 52 120
20 52 120
20 53 120
20 53 120
20 53 120
20 54 120
20 54 120
20 54 120
20 54 120
20 55 120
20 55 120
21 55 120
21 55 120
21 56 120
21 56 120
21 56 120
21 56 120
21 57 120
21 57 120
21 57 120
21 57 120
21 58 120
21 58 120
22 58 120
22 58 120
22 59 120
22 59 120
22 59 120
22 59 120
22 60 120
22 60 120
22 60 120
22 61 120
22 61 120
22 61 120
22 61 120
23 62 120
23 62 120
23 62 120
23 62 120
23 63 120
23 63 120
23 63 120
23 63 120
23 64 121
23 64 121
23 64 121
23 64 121
24 65 121
24 65 121
24 65 121
24 65 121
24 66 121
24 66 121
24 66 121
24 66 121
24 67 121
24 67 121
24 67 121
24 68 121
25 68 121
25 68 121
25 68 121
25 69 121
25 69 121
25 69 121
25 69 121
25 70 121
25 70 121
25 70 121
25 70 121
25 71 121
26 71 121
26 71 121
26 71 121
26 72 121
26 72 121
26 72 121
26 72 121
26 73 121
26 73 121
26 73 121
26 73 121
26 74 121
27 74 121
27 74 121
27 75 121
27 75 121
27 75 122
27 75 122
27 76 122
27 76 122
27 76 122
27 76 122
27 77 122
27 77 122
28 77 122
28 77 122
28 78 122
28 78 122
28 78 122
28 78 122
28 78 122
28 79 122
28 79 122
28 79 122
28 79 122
28 80 122
29 80 122
29 80 122
29 80 122
29 81 122
29 81 122
29 81 122
29 81 122
29 82 122
29 82 122
29 82 122
29 82 122
29 82 122
30 83 122
30 83 122
30 83 122
30 83 122
30 84 122
30 84 122
30 84 122
30 84 122
30 85 122
30 85 122
30 85 122
30 85 122
31 85 122
31 86 123
31 86 123
31 86 123
31 86 123
31 87 123
31 87 123
31 87 123
31 87 123
31 88 123
31 88 123
31 88 123
32 88 123
32 89 123
32 89 123
32 89 123
32 89 123
32 89 123
32 90 123
32 90 123
32 90 123
32 90 123
32 91 123
32 91 123
33 91 123
33 91 123
33 92 123
33 92 123
33 92 123
33 92 123
33 92 123
33 93 123
33 93 123
33 93 123
33 93 123
33 94 123
34 94 123
34 94 123
34 94 123
34 95 123
34 95 123
34 95 123
34 95 123
34 95 123
34 96 123
34 96 124
34 96 124
34 96 124
35 97 124
35 97 124
35 97 124
35 97 124
35 98 124
35 98 124
35 98 124
35 98 124
35 98 124
35 99 124
35 99 124
35 99 124
36 99 124
36 99 124
36 100 124
36 100 124
36 100 124
36 100 124
36 100 124
36 101 124
36 101 124
36 101 124
36 101 124
36 101 124
37 102 124
37 102 124
37 102 124
37 102 124
37 102 124
37 102 124
37 103 124
37 103 124
37 103 124
37 103 124
37 103 124
37 104 124
38 104 124
38 104 124
38 104 124
38 104 124
38 105 124
38 105 125
38 105 125
38 105 125
38 105 125
38 106 125
38 106 125
38 106 125
39 106 125
39 106 125
39 107 125
39 107 125
39 107 125
39 107 125
39 107 125
39 108 125
39 108 125
39 108 125
39 108 125
39 108 125
40 109 125
40 109 125
40 109 125
40 109 125
40 109 125
40 110 125
40 110 125
40 110 125
40 110 125
40 110 125
40 111 125
40 111 125
41 111 125
41 111 125
41 111 125
41 112 125
41 112 125
41 112 125
41 112 125
41 112 125
41 113 125
41 113 125
41 113 125
41 113 125
42 113 125
42 114 125
42 114 126
42 114 126
42 114 126
42 114 126
42 115 126
42 115 126
42 115 126
42 115 126
42 115 126
42 115 126
43 116 126
43 116 126
43 116 126
43 116 126
43 116 126
43 117 126
43 117 126
43 117 126
43 117 126
43 117 126
43 118 126
43 118 126
44 118 126
44 118 126
44 118 126
44 119 126
44 119 126
44 119 126
44 119 126
44 119 126
44 120 126
44 120 126
44 120 126
44 120 126
44 120 126
45 121 126
45 121 126
45 121 126
45 121 126
45 121 126
45 122 126
45 122 126
45 122 126
45 122 126
45 122 127
45 123 127
45 123 127
46 123 127
46 123 127
46 123 127
46 124 127
46 124 127
46 124 127
46 124 127
46 124 127
46 125 127
46 125 127
46 125 127
46 125 127
47 125 127
47 126 127
47 126 127
47 126 127
47 126 127
47 126 127
47 127 127
47 127 127
47 127 127
47 127 127
47 127 127
47 127 127
48 128 127
48 128 127
48 128 127
48 128 127
48 128 126
48 128 126
48 128 126
48 128 126
48 128 126
48 128 126
48 128 125
48 128 125
48 128 125
48 129 125
48 129 125
48 129 125
48 129 125
49 129 124
49 129 124
49 129 124
49 129 124
49 129 124
49 129 124
49 129 123
49 129 123
49 129 123
49 129 123
49 130 123
49 130 123
49 130 123
49 130 122
49 130 122
49 130 122
49 130 122
50 130 122
50 130 122
50 130 121
50 130 121
50 130 121
50 130 121
50 130 121
50 131 121
50 131 121
50 131 120
50 131 120
50 131 120
50 131 120
50 131 120
50 131 120
50 131 119
50 131 119
51 131 119
51 131 119
51 131 119
51 131 119
51 132 119
51 132 118
51 132 118
51 132 118
51 132 118
51 132 118
51 132 118
51 132 118
51 132 117
51 132 117
51 132 117
51 132 117
51 132 117
52 132 117
52 133 116
52 133 116
52 133 116
52 133 116
52 133 116
52 133 116
52 133 116
52 133 115
52 133 115
52 133 115
52 133 115
52 133 115
52 133 115
52 133 114
52 134 114
52 134 114
53 134 114
53 134 114
53 134 114
53 134 114
53 134 113
53 134 113
53 134 113
53 134 113
53 134 113
53 134 113
53 134 112
53 134 112
53 135 112
53 135 112
53 135 112
53 135 112
53 135 112
54 135 111
54 135 111
54 135 111
54 135 111
54 135 111
54 135 111
54 135 110
54 135 110
54 135 110
54 136 110
54 136 110
54 136 110
54 136 110
54 136 109
54 136 109
54 136 109
54 136 109
55 136 109
55 136 109
55 136 109
55 136 108
55 136 108
55 136 108
55 137 108
55 137 108
55 137 108
55 137 107
55 137 107
55 137 107
55 137 107
55 137 107
55 137 107
55 137 107
55 137 106
56 137 106
56 137 106
56 137 106
56 138 106
56 138 106
56 138 105
56 138 105
56 138 105
56 138 105
56 138 105
56 138 105
56 138 105
56 138 104
56 138 104
56 138 104
56 138 104
56 138 104
57 139 104
57 139 103
57 139 103
57 139 103
57 139 103
57 139 103
57 139 103
57 139 103
57 139 102
57 139 102
57 139 102
57 139 102
57 139 102
57 139 102
57 140 101
57 140 101
57 140 101
58 140 101
58 140 101
58 140 101
58 140 101
58 140 100
58 140 100
58 140 100
58 140 100
58 140 100
58 140 100
58 140 100
58 141 99
58 141 99
58 141 99
58 141 99
58 141 99
58 141 99
59 141 98
59 141 98
59 141 98
59 141 98
59 141 98
59 141 98
59 141 98
59 141 97
59 142 97
59 142 97
59 142 97
59 142 97
59 142 97
59 142 96
59 142 96
59 142 96
59 142 96
60 142 96
60 142 96
60 142 96
60 142 95
60 142 95
60 143 95
60 143 95
60 143 95
60 143 95
60 143 94
60 143 94
60 143 94
60 143 94
60 143 94
60 143 94
60 143 94
60 143 93
61 143 93
61 143 93
61 144 93
61 144 93
61 144 93
61 144 92
61 144 92
61 144 92
61 144 92
61 144 92
61 144 92
61 144 92
61 144 91
61 144 91
61 144 91
61 145 91
61 145 91
62 145 91
62 145 91
62 145 90
62 145 90
62 145 90
62 145 90
62 145 90
62 145 90
62 145 89
62 145 89
62 145 89
62 145 89
62 146 89
62 146 89
62 146 89
62 146 88
62 146 88
63 146 88
63 146 88
63 146 88
63 146 88
63 146 87
63 146 87
63 146 87
63 146 87
63 146 87
63 147 87
63 147 87
63 147 86
63 147 86
63 147 86
63 147 86
63 147 86
63 147 86
64 147 85
64 147 85
64 147 85
64 147 85
64 147 85
64 147 85
64 148 85
64 148 84
64 148 84
64 148 84
64 148 84
64 148 84
64 148 84
64 148 84
64 148 83
64 148 83
64 148 83
65 148 83
65 148 83
65 148 83
65 149 82
65 149 82
65 149 82
65 149 82
65 149 82
65 149 82
65 149 82
65 149 81
65 149 81
65 149 81
65 149 81
65 149 81
65 149 81
65 149 80
66 150 80
66 150 80
66 150 80
66 150 80
66 150 80
66 150 80
66 150 79
66 150 79
66 150 79
66 150 79
66 150 79
66 150 79
66 150 78
66 150 78
66 151 78
66 151 78
66 151 78
67 151 78
67 151 78
67 151 77
67 151 77
67 151 77
67 151 77
67 151 77
67 151 77
67 151 76
67 151 76
67 151 76
67 152 76
67 152 76
67 152 76
67 152 76
67 152 75
67 152 75
68 152 75
68 152 75
68 152 75
68 152 75
68 152 75
68 152 74
68 152 74
68 152 74
68 153 74
68 153 74
68 153 74
68 153 73
68 153 73
68 153 73
68 153 73
68 153 73
68 153 73
69 153 73
69 153 72
69 153 72
69 153 72
69 153 72
69 154 72
69 154 72
70 154 71
70 154 71
70 154 71
71 154 71
71 154 71
71 154 71
71 154 71
72 154 70
72 154 70
72 154 70
73 154 70
73 154 70
73 155 70
73 155 70
74 155 70
74 155 70
74 155 70
74 155 70
75 155 70
75 155 70
75 155 70
76 155 70
76 155 70
76 155 70
76 155 70
77 155 70
77 156 71
77 156 71
78 156 71
78 156 71
78 156 71
78 156 71
79 156 71
79 156 71
79 156 71
79 156 71
80 156 71
80 156 71
80 156 71
81 156 72
81 157 72
81 157 72
81 157 72
82 157 72
82 157 72
82 157 72
83 157 72
83 157 72
83 157 72
83 157 72
84 157 72
84 157 72
84 157 72
84 157 73
85 158 73
85 158 73
85 158 73
86 158 73
86 158 73
86 158 73
86 158 73
87 158 73
87 158 73
87 158 73
87 158 73
88 158 73
88 158 73
88 158 74
89 159 74
89 159 74
89 159 74
89 159 74
90 159 74
90 159 74
90 159 74
91 159 74
91 159 74
91 159 74
91 159 74
92 159 74
92 159 74
92 159 75
92 160 75
93 160 75
93 160 75
93 160 75
94 160 75
94 160 75
94 160 75
94 160 75
95 160 75
95 160 75
95 160 75
96 160 75
96 160 76
96 160 76
96 161 76
97 161 76
97 161 76
97 161 76
97 161 76
98 161 76
98 161 76
98 161 76
99 161 76
99 161 76
99 161 76
99 161 76
100 161 77
100 161 77
100 162 77
101 162 77
101 162 77
101 162 77
101 162 77
102 162 77
102 162 77
102 162 77
102 162 77
103 162 77
103 162 77
103 162 77
104 162 78
104 163 78
104 163 78
104 163 78
105 163 78
105 163 78
105 163 78
105 163 78
106 163 78
106 163 78
106 163 78
107 163 78
107 163 78
107 163 78
107 163 79
108 163 79
108 163 79
108 163 79
109 163 79
109 164 79
109 164 79
109 164 79
110 164 79
110 164 79
110 164 79
110 164 79
111 164 79
111 164 79
111 164 80
112 164 80
112 164 80
112 164 80
112 164 80
113 164 80
113 164 80
113 164 80
114 164 80
114 164 80
114 165 80
114 165 80
115 165 80
115 165 81
115 165 81
115 165 81
116 165 81
116 165 81
116 165 81
117 165 81
117 165 81
117 165 81
117 165 81
118 165 81
118 165 81
118 165 81
119 165 81
119 165 81
119 166 81
119 166 81
120 166 82
120 166 82
120 166 82
120 166 82
120 166 82
121 166 82
121 166 82
121 166 82
121 166 82
122 166 82
122 166 82
122 166 82
122 166 82
122 166 82
123 166 82
123 166 82
123 167 82
123 167 82
123 167 82
124 167 82
124 167 82
124 167 82
124 167 82
124 167 82
125 167 82
125 167 82
125 167 83
125 167 83
125 167 83
126 167 83
126 167 83
126 167 83
126 167 83
126 167 83
127 168 83
127 168 83
127 168 83
127 168 83
127 168 83
128 168 83
128 168 83
128 168 83
128 168 83
129 168 83
129 168 83
129 168 83
129 168 83
129 168 83
130 168 83
130 168 83
130 168 83
130 168 84
130 168 84
131 169 84
131 169 84
131 169 84
131 169 84
131 169 84
132 169 84
132 169 84
132 169 84
132 169 84
132 169 84
133 169 84
133 169 84
133 169 84
133 169 84
133 169 84
134 169 84
134 169 84
134 169 84
134 170 84
134 170 84
135 170 84
135 170 84
135 170 84
135 170 85
135 170 85
136 170 85
136 170 85
136 170 85
136 170 85
137 170 85
137 170 85
137 170 85
137 170 85
137 170 85
138 170 85
138 170 85
138 171 85
138 171 85
138 171 85
139 171 85
139 171 85
139 171 85
139 171 85
139 171 85
140 171 85
140 171 85
140 171 85
140 171 85
140 171 85
141 171 86
141 171 86
141 171 86
141 171 86
141 171 86
142 171 86
142 172 86
142 172 86
142 172 86
142 172 86
143 172 86
143 172 86
143 172 86
143 172 86
143 172 86
144 172 86
144 172 86
144 172 86
144 172 86
145 172 86
145 172 86
145 172 86
145 172 86
145 172 86
146 173 86
146 173 87
146 173 87
146 173 87
146 173 87
147 173 87
147 173 87
147 173 87
147 173 87
147 173 87
148 173 87
148 173 87
148 173 87
148 173 87
148 173 87
149 173 87
149 173 87
149 173 87
149 174 87
149 174 87
150 174 87
150 174 87
150 174 87
150 174 87
150 174 87
151 174 87
151 174 87
151 174 88
151 174 88
152 174 88
152 174 88
152 174 88
152 174 88
152 174 88
153 174 88
153 174 88
153 175 88
153 175 88
153 175 88
154 175 88
154 175 88
154 175 88
154 175 88
154 175 88
155 175 88
155 175 88
155 175 88
155 175 88
155 175 88
156 175 88
156 175 88
156 175 88
156 175 89
156 175 89
157 175 89
157 176 89
157 176 89
157 176 89
157 176 89
158 176 89
158 176 89
158 176 89
158 176 89
158 176 89
159 176 89
159 176 89
159 176 89
159 176 89
160 176 89
160 176 89
160 176 89
160 176 89
160 176 89
161 177 89
161 177 89
161 177 89
161 177 89
161 177 90
162 177 90
162 177 90
162 177 90
162 177 90
162 177 90
163 177 90
163 177 90
163 177 90
163 177 90
163 177 90
164 177 90
164 177 90
164 177 90
164 178 90
164 178 90
165 178 90
165 178 90
165 178 90
165 178 90
165 178 90
166 178 90
166 178 90
166 178 90
166 178 90
167 178 90
167 178 91
167 178 91
167 178 91
167 178 91
168 178 91
168 178 91
168 178 91
168 179 91
168 179 91
169 179 91
169 179 91
169 179 91
169 179 91
169 179 91
170 179 91
170 179 91
170 179 91
170 179 91
170 179 91
171 179 91
171 179 91
171 179 91
171 179 91
171 179 91
172 179 91
172 180 92
172 180 92
172 180 92
172 180 92
173 180 92
173 180 92
173 180 92
173 180 92
173 180 92
174 180 92
174 180 92
174 180 92
174 180 92
175 180 92
175 180 92
175 180 92
175 180 92
175 180 92
176 181 92
176 181 92
176 181 92
176 181 92
176 181 92
177 181 92
177 181 92
177 181 92
177 181 93
177 181 93
178 181 93
178 181 93
178 181 93
178 181 93
178 181 93
179 181 93
179 181 93
179 181 93
179 181 93
179 182 93
180 182 93
180 182 93
180 182 93
180 182 93
180 182 93
181 182 93
181 182 93
181 182 93
181 182 93
182 182 93
182 182 93
182 182 93
182 182 93
182 182 94
182 182 94
183 182 94
183 182 94
183 182 94
183 182 94
183 182 94
183 182 94
183 182 94
183 181 94
183 181 94
183 181 94
183 181 94
183 181 94
183 181 94
183 181 94
183 181 94
183 181 94
183 181 94
183 180 94
183 180 94
184 180 94
184 180 94
184 180 94
184 180 94
184 180 95
184 180 95
184 180 95
184 179 95
184 179 95
184 179 95
184 179 95
184 179 95
184 179 95
184 179 95
184 179 95
184 179 95
184 178 95
184 178 95
184 178 95
185 178 95
185 178 95
185 178 95
185 178 95
185 178 95
185 178 95
185 177 95
185 177 95
185 177 95
185 177 95
185 177 95
185 177 96
185 177 96
185 177 96
185 177 96
185 177 96
185 176 96
185 176 96
185 176 96
186 176 96
186 176 96
186 176 96
186 176 96
186 176 96
186 176 96
186 175 96
186 175 96
186 175 96
186 175 96
186 175 96
186 175 96
186 175 96
186 175 96
186 175 96
186 174 96
186 174 96
186 174 97
186 174 97
187 174 97
187 174 97
187 174 97
187 174 97
187 174 97
187 174 97
187 173 97
187 173 97
187 173 97
187 173 97
187 173 97
187 173 97
187 173 97
187 173 97
187 173 97
187 172 97
187 172 97
187 172 97
187 172 97
187 172 97
188 172 97
188 172 97
188 172 97
188 172 97
188 171 98
188 171 98
188 171 98
188 171 98
188 171 98
188 171 98
188 171 98
188 171 98
188 171 98
188 171 98
188 170 98
188 170 98
188 170 98
188 170 98
188 170 98
189 170 98
189 170 98
189 170 98
189 170 98
189 169 98
189 169 98
189 169 98
189 169 98
189 169 98
189 169 98
189 169 99
189 169 99
189 169 99
189 168 99
189 168 99
189 168 99
189 168 99
189 168 99
189 168 99
190 168 99
190 168 99
190 168 99
190 167 99
190 167 99
190 167 99
190 167 99
190 167 99
190 167 99
190 167 99
190 167 99
190 167 99
190 167 99
190 166 99
190 166 99
190 166 99
190 166 100
190 166 100
190 166 100
191 166 100
191 166 100
191 166 100
191 165 100
191 165 100
191 165 100
191 165 100
191 165 100
191 165 100
191 165 100
191 165 100
191 165 100
191 164 100
191 164 100
191 164 100
191 164 100
191 164 100
191 164 100
191 164 100
192 164 100
192 164 100
192 164 100
192 163 100
192 163 101
192 163 101
192 163 101
192 163 102
192 163 102
192 163 102
192 163 103
192 163 103
192 163 103
192 163 103
192 163 104
193 163 104
193 163 104
193 163 105
193 163 105
193 163 105
193 163 106
193 163 106
194 163 106
194 163 106
194 163 107
194 163 107
194 163 107
194 163 108
194 163 108
195 164 108
195 164 109
195 164 109
195 164 109
195 164 110
195 164 110
195 164 110
196 164 110
196 164 111
196 164 111
196 164 111
196 164 112
196 164 112
196 164 112
196 164 113
197 164 113
197 164 113
197 164 113
197 165 114
197 165 114
197 165 114
197 165 115
198 165 115
198 165 115
198 165 116
198 165 116
198 165 116
198 165 117
198 165 117
199 165 117
199 166 117
199 166 118
199 166 118
199 166 118
199 166 119
199 166 119
200 166 119
200 166 120
200 166 120
200 167 120
200 167 121
200 167 121
200 167 121
201 167 121
201 167 122
201 167 122
201 167 122
201 167 123
201 167 123
201 168 123
202 168 124
202 168 124
202 168 124
202 168 124
202 168 125
202 168 125
202 168 125
202 168 126
203 169 126
203 169 126
203 169 127
203 169 127
203 169 127
203 169 128
203 169 128
204 169 128
204 169 128
204 170 129
204 170 129
204 170 129
204 170 130
204 170 130
205 170 130
205 170 131
205 170 131
205 170 131
205 171 131
205 171 132
205 171 132
206 171 132
206 171 133
206 171 133
206 171 133
206 171 134
206 171 134
206 171 134
207 172 135
207 172 135
207 172 135
207 172 135
207 172 136
207 172 136
207 172 136
208 172 137
208 172 137
208 173 137
208 173 138
208 173 138
208 173 138
208 173 139
208 173 139
209 173 139
209 173 139
209 173 140
209 174 140
209 174 140
209 174 141
209 174 141
210 174 141
210 174 142
210 174 142
210 174 142
210 174 142
210 175 143
210 175 143
211 175 143
211 175 144
211 175 144
211 175 144
211 175 145
211 175 145
211 175 145
212 175 146
212 176 146
212 176 146
212 176 146
212 176 147
212 176 147
212 176 147
213 176 148
213 176 148
213 176 148
213 177 149
213 177 149
213 177 149
213 177 150
213 177 150
214 177 150
214 177 150
214 177 151
214 177 151
214 178 151
214 178 152
214 178 152
215 178 152
215 178 153
215 178 153
215 178 153
215 179 153
215 179 154
215 179 154
216 179 154
216 179 155
216 180 155
216 180 155
216 180 156
216 180 156
216 180 156
217 180 157
217 181 157
217 181 157
217 181 157
217 181 158
217 181 158
217 181 158
218 182 159
218 182 159
218 182 159
218 182 160
218 182 160
218 183 160
218 183 160
219 183 161
219 183 161
219 183 161
219 183 162
219 184 162
219 184 162
219 184 163
219 184 163
220 184 163
220 184 164
220 185 164
220 185 164
220 185 164
220 185 165
220 185 165
221 186 165
221 186 166
221 186 166
221 186 166
221 186 167
221 186 167
221 187 167
222 187 168
222 187 168
222 187 168
222 187 168
222 187 169
222 188 169
222 188 169
223 188 170
223 188 170
223 188 171
223 188 171
223 189 171
223 189 172
223 189 172
224 189 172
224 189 173
224 190 173
224 190 174
224 190 174
224 190 174
224 191 175
225 191 175
225 191 175
225 191 176
225 192 176
225 192 177
225 192 177
225 192 177
225 193 178
226 193 178
226 193 178
226 193 179
226 194 179
226 194 180
226 194 180
226 194 180
227 195 181
227 195 181
227 195 181
227 195 182
227 195 182
227 196 183
227 196 183
228 196 183
228 196 184
228 197 184
228 197 184
228 197 185
228 197 185
228 198 186
229 198 186
229 198 186
229 198 187
229 199 187
229 199 187
229 199 188
229 199 188
230 200 189
230 200 189
230 200 189
230 200 190
230 201 190
230 201 190
230 201 191
230 201 191
231 202 192
231 202 192
231 202 192
231 202 193
231 203 193
231 203 193
231 203 194
232 203 194
232 204 195
232 204 195
232 204 195
232 204 196
232 205 196
232 205 196
233 205 197
233 205 197
233 205 198
233 206 198
233 206 198
233 206 199
233 206 199
234 207 199
234 207 200
234 207 200
234 207 201
234 208 201
234 208 201
234 208 202
235 208 202
235 209 202
235 209 203
235 209 203
235 209 204
235 210 204
235 210 204
236 210 205
236 210 205
236 211 205
236 211 206
236 211 206
236 211 207
236 212 207
236 212 207
237 212 208
237 213 208
237 213 208
237 213 209
237 213 209
237 214 210
237 214 210
238 214 210
238 215 211
238 215 211
238 215 211
238 215 212
238 216 212
238 216 213
239 216 213
239 217 213
239 217 214
239 217 214
239 217 214
239 218 215
239 218 215
240 218 216
240 219 216
240 219 216
240 219 217
240 219 217
240 220 217
240 220 218
241 220 218
241 221 219
241 221 219
241 221 219
241 221 220
241 222 220
241 222 220
242 222 221
242 223 221
242 223 222
242 223 222
242 224 222
242 224 223
242 224 223
242 224 223
243 225 224
243 225 224
243 225 225
243 226 225
243 226 225
243 227 226
243 227 226
244 227 226
244 228 227
244 228 227
244 228 228
244 229 228
244 229 228
244 229 229
245 230 229
245 230 229
245 231 230
245 231 230
245 231 231
245 232 231
245 232 231
246 232 232
246 233 232
246 233 232
246 233 233
246 234 233
246 234 234
246 235 234
247 235 234
247 235 235
247 236 235
247 236 235
247 236 236
247 237 236
247 237 237
247 237 237
248 238 237
248 238 238
248 239 238
248 239 238
248 239 239
248 240 239
248 240 240
249 240 240
249 241 240
249 241 241
249 242 241
249 242 241
249 242 242
249 243 242
250 243 243
250 243 243
250 244 243
250 244 244
250 244 244
250 245 244
250 245 245
251 246 245
251 246 246
251 246 246
251 247 246
251 247 247
251 247 247
251 248 247
252 248 248
252 248 248
252 249 249
252 249 249
252 249 249
252 250 250
252 250 250
253 250 250
