255 229 229
254 229 229
254 229 229
254 229 229
254 229 229
254 228 228
254 228 228
254 228 228
254 228 228
253 228 228
253 228 228
253 228 228
253 228 228
253 228 228
253 227 227
253 227 227
253 227 227
252 227 227
252 227 227
252 227 227
252 227 227
252 227 227
252 227 227
252 226 226
252 226 226
251 226 226
251 226 226
251 226 226
251 226 226
251 226 226
251 226 226
251 226 226
251 225 225
250 225 225
250 225 225
250 225 225
250 225 225
250 225 225
250 225 225
250 225 225
250 225 225
249 224 224
249 224 224
249 224 224
249 224 224
249 224 224
249 224 224
249 224 224
249 224 224
248 224 224
248 223 223
248 223 223
248 223 223
248 223 223
248 223 223
248 223 223
248 223 223
247 223 223
247 222 222
247 222 222
247 222 222
247 222 222
247 222 222
247 222 222
247 222 222
246 222 222
246 222 222
246 221 221
246 221 221
246 221 221
246 221 221
246 221 221
246 221 221
245 221 221
245 221 221
245 221 221
245 220 220
245 220 220
245 220 220
245 220 220
245 220 220
244 220 220
244 220 220
244 220 220
244 220 220
244 219 219
244 219 219
244 219 219
244 219 219
243 219 219
243 219 219
243 219 219
243 219 219
243 219 219
243 218 218
243 218 218
243 218 218
242 218 218
242 218 218
242 218 218
242 218 218
242 218 218
242 218 218
242 217 217
242 217 217
241 217 217
241 217 217
241 217 217
241 217 217
241 217 217
241 217 217
241 217 217
241 216 216
240 216 216
240 216 216
240 216 216
240 216 216
240 216 216
240 216 216
240 216 216
240 216 216
239 215 215
239 215 215
239 215 215
239 215 215
239 215 215
239 215 215
239 215 215
239 215 215
238 215 215
238 214 214
238 214 214
238 214 214
238 214 214
238 214 214
238 214 214
238 214 214
237 214 214
237 214 214
237 213 213
237 213 213
237 213 213
237 213 213
237 213 213
237 213 213
236 213 213
236 213 213
236 213 213
236 212 212
236 212 212
236 212 212
236 212 212
236 212 212
235 212 212
235 212 212
235 212 212
235 212 212
235 211 211
235 211 211
235 211 211
235 211 211
234 211 211
234 211 211
234 211 211
234 211 211
234 211 211
234 210 210
234 210 210
234 210 210
233 210 210
233 210 210
233 210 210
233 210 210
233 210 210
233 209 209
233 209 209
233 209 209
232 209 209
232 209 209
232 209 209
232 209 209
232 209 209
232 209 209
232 208 208
232 208 208
231 208 208
231 208 208
231 208 208
231 208 208
231 208 208
231 208 208
231 208 208
231 207 207
230 207 207
230 207 207
230 207 207
230 207 207
230 207 207
230 207 207
230 207 207
230 207 207
229 206 206
229 206 206
229 206 206
229 206 206
229 206 206
229 206 206
229 206 206
229 206 206
228 206 206
228 205 205
228 205 205
228 205 205
228 205 205
228 205 205
228 205 205
228 205 205
227 205 205
227 205 205
227 204 204
227 204 204
227 204 204
227 204 204
227 204 204
227 204 204
226 204 204
226 204 204
226 204 204
226 203 203
226 203 203
226 203 203
226 203 203
226 203 203
225 203 203
225 203 203
225 203 203
225 203 203
225 202 202
225 202 202
225 202 202
225 202 202
224 202 202
224 202 202
224 202 202
224 202 202
224 202 202
224 201 201
224 201 201
224 201 201
223 201 201
223 201 201
223 201 201
223 201 201
223 201 201
223 201 201
223 200 200
223 200 200
222 200 200
222 200 200
222 200 200
222 200 200
222 200 200
222 200 200
222 200 200
222 199 199
221 199 199
221 199 199
221 199 199
221 199 199
221 199 199
221 199 199
221 199 199
221 199 199
220 198 198
220 198 198
220 198 198
220 198 198
220 198 198
220 198 198
220 198 198
220 198 198
219 197 197
219 197 197
219 197 197
219 197 197
219 197 197
219 197 197
219 197 197
219 197 197
218 197 197
218 196 196
218 196 196
218 196 196
218 196 196
218 196 196
218 196 196
218 196 196
218 196 196
217 196 196
217 195 195
217 195 195
217 195 195
217 195 195
217 195 195
217 195 195
217 195 195
216 195 195
216 195 195
216 194 194
216 194 194
216 194 194
216 194 194
216 194 194
216 194 194
215 194 194
215 194 194
215 194 194
215 193 193
215 193 193
215 193 193
215 193 193
215 193 193
214 193 193
214 193 193
214 193 193
214 193 193
214 192 192
214 192 192
214 192 192
214 192 192
213 192 192
213 192 192
213 192 192
213 192 192
213 192 192
213 191 191
213 191 191
213 191 191
212 191 191
212 191 191
212 191 191
212 191 191
212 191 191
212 191 191
212 190 190
212 190 190
211 190 190
211 190 190
211 190 190
211 190 190
211 190 190
211 190 190
211 190 190
211 189 189
210 189 189
210 189 189
210 189 189
210 189 189
210 189 189
210 189 189
210 189 189
210 189 189
209 188 188
209 188 188
209 188 188
209 188 188
209 188 188
209 188 188
209 188 188
209 188 188
208 188 188
208 187 187
208 187 187
208 187 187
208 187 187
208 187 187
208 187 187
208 187 187
207 187 187
207 187 187
207 186 186
207 186 186
207 186 186
207 186 186
207 186 186
207 186 186
206 186 186
206 186 186
206 185 185
206 185 185
206 185 185
206 185 185
206 185 185
206 185 185
205 185 185
205 185 185
205 185 185
205 184 184
205 184 184
205 184 184
205 184 184
205 184 184
204 184 184
204 184 184
204 184 184
204 184 184
204 183 183
204 183 183
204 183 183
204 183 183
203 183 183
203 183 183
203 183 183
203 183 183
203 183 183
203 182 182
203 182 182
203 182 182
202 182 182
202 182 182
202 182 182
202 182 182
202 182 182
202 182 182
202 181 181
202 181 181
201 181 181
201 181 181
201 181 181
201 181 181
201 181 181
201 181 181
201 181 181
201 180 180
200 180 180
200 180 180
200 180 180
200 180 180
200 180 180
200 180 180
200 180 180
200 180 180
199 179 179
199 179 179
199 179 179
199 179 179
199 179 179
199 179 179
199 179 179
199 179 179
198 179 179
198 178 178
198 178 178
198 178 178
198 178 178
198 178 178
198 178 178
198 178 178
197 178 178
197 178 178
197 177 177
197 177 177
197 177 177
197 177 177
197 177 177
197 177 177
196 177 177
196 177 177
196 177 177
196 176 176
196 176 176
196 176 176
196 176 176
196 176 176
195 176 176
195 176 176
195 176 176
195 176 176
195 175 175
195 175 175
195 175 175
195 175 175
194 175 175
194 175 175
194 175 175
194 175 175
194 175 175
194 174 174
194 174 174
194 174 174
193 174 174
193 174 174
193 174 174
193 174 174
193 174 174
193 174 174
193 173 173
193 173 173
192 173 173
192 173 173
192 173 173
192 173 173
192 173 173
192 173 173
192 172 172
192 172 172
191 172 172
191 172 172
191 172 172
191 172 172
191 172 172
191 172 172
191 172 172
191 171 171
190 171 171
190 171 171
190 171 171
190 171 171
190 171 171
190 171 171
190 171 171
190 171 171
189 170 170
189 170 170
189 170 170
189 170 170
189 170 170
189 170 170
189 170 170
189 170 170
188 170 170
188 169 169
188 169 169
188 169 169
188 169 169
188 169 169
188 169 169
188 169 169
187 169 169
187 169 169
187 168 168
187 168 168
187 168 168
187 168 168
187 168 168
187 168 168
186 168 168
186 168 168
186 168 168
186 167 167
186 167 167
186 167 167
186 167 167
186 167 167
185 167 167
185 167 167
185 167 167
185 167 167
185 166 166
185 166 166
185 166 166
185 166 166
184 166 166
184 166 166
184 166 166
184 166 166
184 166 166
184 165 165
184 165 165
184 165 165
183 165 165
183 165 165
183 165 165
183 165 165
183 165 165
183 165 165
183 164 164
183 164 164
182 164 164
182 164 164
182 164 164
182 164 164
182 164 164
182 164 164
182 164 164
182 163 163
182 163 163
181 163 163
181 163 163
181 163 163
181 163 163
181 163 163
181 163 163
181 163 163
181 162 162
180 162 162
180 162 162
180 162 162
180 162 162
180 162 162
180 162 162
180 162 162
180 162 162
179 161 161
179 161 161
179 161 161
179 161 161
179 161 161
179 161 161
179 161 161
179 161 161
178 160 160
178 160 160
178 160 160
178 160 160
178 160 160
178 160 160
178 160 160
178 160 160
177 160 160
177 159 159
177 159 159
177 159 159
177 159 159
177 159 159
177 159 159
177 159 159
176 159 159
176 159 159
176 158 158
176 158 158
176 158 158
176 158 158
176 158 158
176 158 158
175 158 158
175 158 158
175 158 158
175 157 157
175 157 157
175 157 157
175 157 157
175 157 157
174 157 157
174 157 157
174 157 157
174 157 157
174 156 156
174 156 156
174 156 156
174 156 156
173 156 156
173 156 156
173 156 156
173 156 156
173 156 156
173 155 155
173 155 155
173 155 155
172 155 155
172 155 155
172 155 155
172 155 155
172 155 155
172 155 155
172 154 154
172 154 154
171 154 154
171 154 154
171 154 154
171 154 154
171 154 154
171 154 154
171 154 154
171 153 153
170 153 153
170 153 153
170 153 153
170 153 153
170 153 153
170 153 153
170 153 153
170 153 153
169 152 152
169 152 152
169 152 152
169 152 152
169 152 152
169 152 152
169 152 152
169 152 152
168 152 152
168 151 151
168 151 151
168 151 151
168 151 151
168 151 151
168 151 151
168 151 151
167 151 151
167 151 151
167 150 150
167 150 150
167 150 150
167 150 150
167 150 150
167 150 150
166 150 150
166 150 150
166 150 150
166 149 149
166 149 149
166 149 149
166 149 149
166 149 149
165 149 149
165 149 149
165 149 149
165 149 149
165 148 148
165 148 148
165 148 148
165 148 148
164 148 148
164 148 148
164 148 148
164 148 148
164 147 147
164 147 147
164 147 147
164 147 147
163 147 147
163 147 147
163 147 147
163 147 147
163 147 147
163 146 146
163 146 146
163 146 146
162 146 146
162 146 146
162 146 146
162 146 146
162 146 146
162 146 146
162 145 145
162 145 145
161 145 145
161 145 145
161 145 145
161 145 145
161 145 145
161 145 145
161 145 145
161 144 144
160 144 144
160 144 144
160 144 144
160 144 144
160 144 144
160 144 144
160 144 144
160 144 144
159 143 143
159 143 143
159 143 143
159 143 143
159 143 143
159 143 143
159 143 143
159 143 143
158 143 143
158 142 142
158 142 142
158 142 142
158 142 142
158 142 142
158 142 142
158 142 142
157 142 142
157 142 142
157 141 141
157 141 141
157 141 141
157 141 141
157 141 141
157 141 141
156 141 141
156 141 141
156 141 141
156 140 140
156 140 140
156 140 140
156 140 140
156 140 140
155 140 140
155 140 140
155 140 140
155 140 140
155 139 139
155 139 139
155 139 139
155 139 139
154 139 139
154 139 139
154 139 139
154 139 139
154 139 139
154 138 138
154 138 138
154 138 138
153 138 138
153 138 138
153 138 138
153 138 138
153 138 138
153 138 138
153 137 137
153 137 137
152 137 137
152 137 137
152 137 137
152 137 137
152 137 137
152 137 137
152 137 137
152 136 136
151 136 136
151 136 136
151 136 136
151 136 136
151 136 136
151 136 136
151 136 136
151 135 135
150 135 135
150 135 135
150 135 135
150 135 135
150 135 135
150 135 135
150 135 135
150 135 135
149 134 134
149 134 134
149 134 134
149 134 134
149 134 134
149 134 134
149 134 134
149 134 134
148 134 134
148 133 133
148 133 133
148 133 133
148 133 133
148 133 133
148 133 133
148 133 133
147 133 133
147 133 133
147 132 132
147 132 132
147 132 132
147 132 132
147 132 132
147 132 132
146 132 132
146 132 132
146 132 132
146 131 131
146 131 131
146 131 131
146 131 131
146 131 131
145 131 131
145 131 131
145 131 131
145 131 131
145 130 130
145 130 130
145 130 130
145 130 130
145 130 130
144 130 130
144 130 130
144 130 130
144 130 130
144 129 129
144 129 129
144 129 129
144 129 129
143 129 129
143 129 129
143 129 129
143 129 129
143 129 129
143 128 128
143 128 128
143 128 128
142 128 128
142 128 128
142 128 128
142 128 128
142 128 128
142 128 128
142 127 127
142 127 127
141 127 127
141 127 127
141 127 127
141 127 127
141 127 127
141 127 127
141 127 127
141 126 126
140 126 126
140 126 126
140 126 126
140 126 126
140 126 126
140 126 126
140 126 126
140 126 126
139 125 125
139 125 125
139 125 125
139 125 125
139 125 125
139 125 125
139 125 125
139 125 125
138 125 125
138 124 124
138 124 124
138 124 124
138 124 124
138 124 124
138 124 124
138 124 124
137 124 124
137 123 123
137 123 123
137 123 123
137 123 123
137 123 123
137 123 123
137 123 123
136 123 123
136 123 123
136 122 122
136 122 122
136 122 122
136 122 122
136 122 122
136 122 122
135 122 122
135 122 122
135 122 122
135 121 121
135 121 121
135 121 121
135 121 121
135 121 121
134 121 121
134 121 121
134 121 121
134 121 121
134 120 120
134 120 120
134 120 120
134 120 120
133 120 120
133 120 120
133 120 120
133 120 120
133 120 120
133 119 119
133 119 119
133 119 119
132 119 119
132 119 119
132 119 119
132 119 119
132 119 119
132 119 119
132 118 118
132 118 118
131 118 118
131 118 118
131 118 118
131 118 118
131 118 118
131 118 118
131 118 118
131 117 117
130 117 117
130 117 117
130 117 117
130 117 117
130 117 117
130 117 117
130 117 117
130 117 117
129 116 116
129 116 116
129 116 116
129 116 116
129 116 116
129 116 116
129 116 116
129 116 116
128 116 116
128 115 115
128 115 115
128 115 115
128 115 115
128 115 115
128 115 115
128 115 115
127 115 115
127 115 115
127 114 114
127 114 114
127 114 114
127 114 114
127 114 114
127 114 114
126 114 114
126 114 114
126 114 114
126 113 113
126 113 113
126 113 113
126 113 113
126 113 113
125 113 113
125 113 113
125 113 113
125 113 113
125 112 112
125 112 112
125 112 112
125 112 112
124 112 112
124 112 112
124 112 112
124 112 112
124 112 112
124 111 111
124 111 111
124 111 111
123 111 111
123 111 111
123 111 111
123 111 111
123 111 111
123 110 110
123 110 110
123 110 110
122 110 110
122 110 110
122 110 110
122 110 110
122 110 110
122 110 110
122 109 109
122 109 109
121 109 109
121 109 109
121 109 109
121 109 109
121 109 109
121 109 109
121 109 109
121 108 108
120 108 108
120 108 108
120 108 108
120 108 108
120 108 108
120 108 108
120 108 108
120 108 108
119 107 107
119 107 107
119 107 107
119 107 107
119 107 107
119 107 107
119 107 107
119 107 107
118 107 107
118 106 106
118 106 106
118 106 106
118 106 106
118 106 106
118 106 106
118 106 106
117 106 106
117 106 106
117 105 105
117 105 105
117 105 105
117 105 105
117 105 105
117 105 105
116 105 105
116 105 105
116 105 105
116 104 104
116 104 104
116 104 104
116 104 104
116 104 104
115 104 104
115 104 104
115 104 104
115 104 104
115 103 103
115 103 103
115 103 103
115 103 103
114 103 103
114 103 103
114 103 103
114 103 103
114 103 103
114 102 102
114 102 102
114 102 102
113 102 102
113 102 102
113 102 102
113 102 102
113 102 102
113 102 102
113 101 101
113 101 101
112 101 101
112 101 101
112 101 101
112 101 101
112 101 101
112 101 101
112 101 101
112 100 100
111 100 100
111 100 100
111 100 100
111 100 100
111 100 100
111 100 100
111 100 100
111 100 100
110 99 99
110 99 99
110 99 99
110 99 99
110 99 99
110 99 99
110 99 99
110 99 99
109 98 98
109 98 98
109 98 98
109 98 98
109 98 98
109 98 98
109 98 98
109 98 98
109 98 98
108 97 97
108 97 97
108 97 97
108 97 97
108 97 97
108 97 97
108 97 97
108 97 97
107 97 97
107 96 96
107 96 96
107 96 96
107 96 96
107 96 96
107 96 96
107 96 96
106 96 96
106 96 96
106 95 95
106 95 95
106 95 95
106 95 95
106 95 95
106 95 95
105 95 95
105 95 95
105 95 95
105 94 94
105 94 94
105 94 94
105 94 94
105 94 94
104 94 94
104 94 94
104 94 94
104 94 94
104 93 93
104 93 93
104 93 93
104 93 93
103 93 93
103 93 93
103 93 93
103 93 93
103 93 93
103 92 92
103 92 92
103 92 92
102 92 92
102 92 92
102 92 92
102 92 92
102 92 92
102 92 92
102 91 91
102 91 91
101 91 91
101 91 91
101 91 91
101 91 91
101 91 91
101 91 91
101 91 91
101 90 90
100 90 90
100 90 90
100 90 90
100 90 90
100 90 90
100 90 90
100 90 90
100 90 90
99 89 89
99 89 89
99 89 89
99 89 89
99 89 89
99 89 89
99 89 89
99 89 89
98 89 89
98 88 88
98 88 88
98 88 88
98 88 88
98 88 88
98 88 88
98 88 88
97 88 88
97 88 88
97 87 87
97 87 87
97 87 87
97 87 87
97 87 87
97 87 87
96 87 87
96 87 87
96 87 87
96 86 86
96 86 86
96 86 86
96 86 86
96 86 86
95 86 86
95 86 86
95 86 86
95 85 85
95 85 85
95 85 85
95 85 85
95 85 85
94 85 85
94 85 85
94 85 85
94 85 85
94 84 84
94 84 84
94 84 84
94 84 84
93 84 84
93 84 84
93 84 84
93 84 84
93 84 84
93 83 83
93 83 83
93 83 83
92 83 83
92 83 83
92 83 83
92 83 83
92 83 83
92 83 83
92 82 82
92 82 82
91 82 82
91 82 82
91 82 82
91 82 82
91 82 82
91 82 82
91 82 82
91 81 81
90 81 81
90 81 81
90 81 81
90 81 81
90 81 81
90 81 81
90 81 81
90 81 81
89 80 80
89 80 80
89 80 80
89 80 80
89 80 80
89 80 80
89 80 80
89 80 80
88 80 80
88 79 79
88 79 79
88 79 79
88 79 79
88 79 79
88 79 79
88 79 79
87 79 79
87 79 79
87 78 78
87 78 78
87 78 78
87 78 78
87 78 78
87 78 78
86 78 78
86 78 78
86 78 78
86 77 77
86 77 77
86 77 77
86 77 77
86 77 77
85 77 77
85 77 77
85 77 77
85 77 77
85 76 76
85 76 76
85 76 76
85 76 76
84 76 76
84 76 76
84 76 76
84 76 76
84 76 76
84 75 75
84 75 75
84 75 75
83 75 75
83 75 75
83 75 75
83 75 75
83 75 75
83 75 75
83 74 74
83 74 74
82 74 74
82 74 74
82 74 74
82 74 74
82 74 74
82 74 74
82 73 73
82 73 73
81 73 73
81 73 73
81 73 73
81 73 73
81 73 73
81 73 73
81 73 73
81 72 72
80 72 72
80 72 72
80 72 72
80 72 72
80 72 72
80 72 72
80 72 72
80 72 72
79 71 71
79 71 71
79 71 71
79 71 71
79 71 71
79 71 71
79 71 71
79 71 71
78 71 71
78 70 70
78 70 70
78 70 70
78 70 70
78 70 70
78 70 70
78 70 70
77 70 70
77 70 70
77 69 69
77 69 69
77 69 69
77 69 69
77 69 69
77 69 69
76 69 69
76 69 69
76 69 69
76 68 68
76 68 68
76 68 68
76 68 68
76 68 68
75 68 68
75 68 68
75 68 68
75 68 68
75 67 67
75 67 67
75 67 67
75 67 67
74 67 67
74 67 67
74 67 67
74 67 67
74 67 67
74 66 66
74 66 66
74 66 66
73 66 66
73 66 66
73 66 66
73 66 66
73 66 66
73 66 66
73 65 65
73 65 65
72 65 65
72 65 65
72 65 65
72 65 65
72 65 65
72 65 65
72 65 65
72 64 64
72 64 64
71 64 64
71 64 64
71 64 64
71 64 64
71 64 64
71 64 64
71 64 64
71 63 63
70 63 63
70 63 63
70 63 63
70 63 63
70 63 63
70 63 63
70 63 63
70 63 63
69 62 62
69 62 62
69 62 62
69 62 62
69 62 62
69 62 62
69 62 62
69 62 62
68 61 61
68 61 61
68 61 61
68 61 61
68 61 61
68 61 61
68 61 61
68 61 61
67 61 61
67 60 60
67 60 60
67 60 60
67 60 60
67 60 60
67 60 60
67 60 60
66 60 60
66 60 60
66 59 59
66 59 59
66 59 59
66 59 59
66 59 59
66 59 59
65 59 59
65 59 59
65 59 59
65 58 58
65 58 58
65 58 58
65 58 58
65 58 58
64 58 58
64 58 58
64 58 58
64 58 58
64 57 57
64 57 57
64 57 57
64 57 57
63 57 57
63 57 57
63 57 57
63 57 57
63 57 57
63 56 56
63 56 56
63 56 56
62 56 56
62 56 56
62 56 56
62 56 56
62 56 56
62 56 56
62 55 55
62 55 55
61 55 55
61 55 55
61 55 55
61 55 55
61 55 55
61 55 55
61 55 55
61 54 54
60 54 54
60 54 54
60 54 54
60 54 54
60 54 54
60 54 54
60 54 54
60 54 54
59 53 53
59 53 53
59 53 53
59 53 53
59 53 53
59 53 53
59 53 53
59 53 53
58 53 53
58 52 52
58 52 52
58 52 52
58 52 52
58 52 52
58 52 52
58 52 52
57 52 52
57 52 52
57 51 51
57 51 51
57 51 51
57 51 51
57 51 51
57 51 51
56 51 51
56 51 51
56 51 51
56 50 50
56 50 50
56 50 50
56 50 50
56 50 50
55 50 50
55 50 50
55 50 50
55 50 50
55 49 49
55 49 49
55 49 49
55 49 49
54 49 49
54 49 49
54 49 49
54 49 49
54 48 48
54 48 48
54 48 48
54 48 48
53 48 48
53 48 48
53 48 48
53 48 48
53 48 48
53 47 47
53 47 47
53 47 47
52 47 47
52 47 47
52 47 47
52 47 47
52 47 47
52 47 47
52 46 46
52 46 46
51 46 46
51 46 46
51 46 46
51 46 46
51 46 46
51 46 46
51 46 46
51 45 45
50 45 45
50 45 45
50 45 45
50 45 45
50 45 45
50 45 45
50 45 45
50 45 45
49 44 44
49 44 44
49 44 44
49 44 44
49 44 44
49 44 44
49 44 44
49 44 44
48 44 44
48 43 43
48 43 43
48 43 43
48 43 43
48 43 43
48 43 43
48 43 43
47 43 43
47 43 43
47 42 42
47 42 42
47 42 42
47 42 42
47 42 42
47 42 42
46 42 42
46 42 42
46 42 42
46 41 41
46 41 41
46 41 41
46 41 41
46 41 41
45 41 41
45 41 41
45 41 41
45 41 41
45 40 40
45 40 40
45 40 40
45 40 40
44 40 40
44 40 40
44 40 40
44 40 40
44 40 40
44 39 39
44 39 39
44 39 39
43 39 39
43 39 39
43 39 39
43 39 39
43 39 39
43 39 39
43 38 38
43 38 38
42 38 38
42 38 38
42 38 38
42 38 38
42 38 38
42 38 38
42 38 38
42 37 37
41 37 37
41 37 37
41 37 37
41 37 37
41 37 37
41 37 37
41 37 37
41 36 36
40 36 36
40 36 36
40 36 36
40 36 36
40 36 36
40 36 36
40 36 36
40 36 36
39 35 35
39 35 35
39 35 35
39 35 35
39 35 35
39 35 35
39 35 35
39 35 35
38 35 35
38 34 34
38 34 34
38 34 34
38 34 34
38 34 34
38 34 34
38 34 34
37 34 34
37 34 34
37 33 33
37 33 33
37 33 33
37 33 33
37 33 33
37 33 33
36 33 33
36 33 33
36 33 33
36 32 32
36 32 32
36 32 32
36 32 32
36 32 32
36 32 32
35 32 32
35 32 32
35 32 32
35 31 31
35 31 31
35 31 31
35 31 31
35 31 31
34 31 31
34 31 31
34 31 31
34 31 31
34 30 30
34 30 30
34 30 30
34 30 30
33 30 30
33 30 30
33 30 30
33 30 30
33 30 30
33 29 29
33 29 29
33 29 29
32 29 29
32 29 29
32 29 29
32 29 29
32 29 29
32 29 29
32 28 28
32 28 28
31 28 28
31 28 28
31 28 28
31 28 28
31 28 28
31 28 28
31 28 28
31 27 27
30 27 27
30 27 27
30 27 27
30 27 27
30 27 27
30 27 27
30 27 27
30 27 27
29 26 26
29 26 26
29 26 26
29 26 26
29 26 26
29 26 26
29 26 26
29 26 26
28 26 26
28 25 25
28 25 25
28 25 25
28 25 25
28 25 25
28 25 25
28 25 25
27 25 25
27 25 25
27 24 24
27 24 24
27 24 24
27 24 24
27 24 24
27 24 24
26 24 24
26 24 24
26 23 23
26 23 23
26 23 23
26 23 23
26 23 23
26 23 23
25 23 23
25 23 23
25 23 23
25 22 22
25 22 22
25 22 22
25 22 22
25 22 22
24 22 22
24 22 22
24 22 22
24 22 22
24 21 21
24 21 21
24 21 21
24 21 21
23 21 21
23 21 21
23 21 21
23 21 21
23 21 21
23 20 20
23 20 20
23 20 20
22 20 20
22 20 20
22 20 20
22 20 20
22 20 20
22 20 20
22 19 19
22 19 19
21 19 19
21 19 19
21 19 19
21 19 19
21 19 19
21 19 19
21 19 19
21 18 18
20 18 18
20 18 18
20 18 18
20 18 18
20 18 18
20 18 18
20 18 18
20 18 18
19 17 17
19 17 17
19 17 17
19 17 17
19 17 17
19 17 17
19 17 17
19 17 17
18 17 17
18 16 16
18 16 16
18 16 16
18 16 16
18 16 16
18 16 16
18 16 16
17 16 16
17 16 16
17 15 15
17 15 15
17 15 15
17 15 15
17 15 15
17 15 15
16 15 15
16 15 15
16 15 15
16 14 14
16 14 14
16 14 14
16 14 14
16 14 14
15 14 14
15 14 14
15 14 14
15 14 14
15 13 13
15 13 13
15 13 13
15 13 13
14 13 13
14 13 13
14 13 13
14 13 13
14 13 13
14 12 12
14 12 12
14 12 12
13 12 12
13 12 12
13 12 12
13 12 12
13 12 12
13 11 11
13 11 11
13 11 11
12 11 11
12 11 11
12 11 11
12 11 11
12 11 11
12 11 11
12 10 10
12 10 10
11 10 10
11 10 10
11 10 10
11 10 10
11 10 10
11 10 10
11 10 10
11 9 9
10 9 9
10 9 9
10 9 9
10 9 9
10 9 9
10 9 9
10 9 9
10 9 9
9 8 8
9 8 8
9 8 8
9 8 8
9 8 8
9 8 8
9 8 8
9 8 8
8 8 8
8 7 7
8 7 7
8 7 7
8 7 7
8 7 7
8 7 7
8 7 7
7 7 7
7 7 7
7 6 6
7 6 6
7 6 6
7 6 6
7 6 6
7 6 6
6 6 6
6 6 6
6 6 6
6 5 5
6 5 5
6 5 5
6 5 5
6 5 5
5 5 5
5 5 5
5 5 5
5 5 5
5 4 4
5 4 4
5 4 4
5 4 4
4 4 4
4 4 4
4 4 4
4 4 4
4 4 4
4 3 3
4 3 3
4 3 3
3 3 3
3 3 3
3 3 3
3 3 3
3 3 3
3 3 3
3 2 2
3 2 2
2 2 2
2 2 2
2 2 2
2 2 2
2 2 2
2 2 2
2 2 2
2 1 1
1 1 1
1 1 1
1 1 1
1 1 1
1 1 1
1 1 1
1 1 1
1 1 1
0 0 0
0 0 0
0 0 0
0 0 0
0 0 0
0 0 0
0 0 0
0 0 0
0 0 0
