0 0 0
0 0 0
0 0 0
0 0 0
0 0 0
0 0 0
1 0 0
1 0 0
1 0 0
1 0 0
1 0 0
2 0 0
2 0 0
2 0 0
2 0 0
2 0 0
2 0 0
3 0 0
3 0 0
3 0 0
3 0 0
3 0 0
4 0 0
4 0 0
4 0 0
4 0 0
4 0 0
5 0 0
5 0 0
5 0 0
5 0 0
5 0 0
5 0 0
6 0 0
6 0 0
6 0 0
6 0 0
6 0 0
7 0 0
7 0 0
7 0 0
7 0 0
7 0 0
8 0 0
8 0 0
8 0 0
8 0 0
8 0 0
8 0 0
9 0 0
9 0 0
9 0 0
9 0 0
9 0 0
10 0 0
10 0 0
10 0 0
10 0 0
10 0 0
11 0 0
11 0 0
11 0 0
11 0 0
11 0 0
11 0 0
12 0 0
12 0 0
12 0 0
12 0 0
12 0 0
13 0 0
13 0 0
13 0 0
13 0 0
13 0 0
14 0 0
14 0 0
14 0 0
14 0 0
14 0 0
14 0 0
15 0 0
15 0 0
15 0 0
15 0 0
15 0 0
16 0 0
16 0 0
16 0 0
16 0 0
16 0 0
17 0 0
17 0 0
17 0 0
17 0 0
17 0 0
17 0 0
18 0 0
18 0 0
18 0 0
18 0 0
18 0 0
19 0 0
19 0 0
19 0 0
19 0 0
19 0 0
19 0 0
20 0 0
20 0 0
20 0 0
20 0 0
20 0 0
21 0 0
21 0 0
21 0 0
21 0 0
21 0 0
22 0 0
22 0 0
22 0 0
22 0 0
22 0 0
22 0 0
23 0 0
23 0 0
23 0 0
23 0 0
23 0 0
24 0 0
24 0 0
24 0 0
24 0 0
24 0 0
25 0 0
25 0 0
25 0 0
25 0 0
25 0 0
25 0 0
26 0 0
26 0 0
26 0 0
26 0 0
26 0 0
27 0 0
27 0 0
27 0 0
27 0 0
27 0 0
28 0 0
28 0 0
28 0 0
28 0 0
28 0 0
28 0 0
29 0 0
29 0 0
29 0 0
29 0 0
29 0 0
30 0 0
30 0 0
30 0 0
30 0 0
30 0 0
31 0 0
31 0 0
31 0 0
31 0 0
31 0 0
31 0 0
32 0 0
32 0 0
32 0 0
32 0 0
32 0 0
33 0 0
33 0 0
33 0 0
33 0 0
33 0 0
34 0 0
34 0 0
34 0 0
34 0 0
34 0 0
34 0 0
35 0 0
35 0 0
35 0 0
35 0 0
35 0 0
36 0 0
36 0 0
36 0 0
36 0 0
36 0 0
36 0 0
37 0 0
37 0 0
37 0 0
37 0 0
37 0 0
38 0 0
38 0 0
38 0 0
38 0 0
38 0 0
39 0 0
39 0 0
39 0 0
39 0 0
39 0 0
39 0 0
40 0 0
40 0 0
40 0 0
40 0 0
40 0 0
41 0 0
41 0 0
41 0 0
41 0 0
41 0 0
42 0 0
42 0 0
42 0 0
42 0 0
42 0 0
42 0 0
43 0 0
43 0 0
43 0 0
43 0 0
43 0 0
44 0 0
44 0 0
44 0 0
44 0 0
44 0 0
45 0 0
45 0 0
45 0 0
45 0 0
45 0 0
45 0 0
46 0 0
46 0 0
46 0 0
46 0 0
46 0 0
47 0 0
47 0 0
47 0 0
47 0 0
47 0 0
48 0 0
48 0 0
48 0 0
48 0 0
48 0 0
48 0 0
49 0 0
49 0 0
49 0 0
49 0 0
49 0 0
50 0 0
50 0 0
50 0 0
50 0 0
50 0 0
51 0 0
51 0 0
51 0 0
51 0 0
51 0 0
51 0 0
52 0 0
52 0 0
52 0 0
52 0 0
52 0 0
53 0 0
53 0 0
53 0 0
53 0 0
53 0 0
54 0 0
54 0 0
54 0 0
54 0 0
54 0 0
54 0 0
55 0 0
55 0 0
55 0 0
55 0 0
55 0 0
56 0 0
56 0 0
56 0 0
56 0 0
56 0 0
56 0 0
57 0 0
57 0 0
57 0 0
57 0 0
57 0 0
58 0 0
58 0 0
58 0 0
58 0 0
58 0 0
59 0 0
59 0 0
59 0 0
59 0 0
59 0 0
59 0 0
60 0 0
60 0 0
60 0 0
60 0 0
60 0 0
61 0 0
61 0 0
61 0 0
61 0 0
61 0 0
62 0 0
62 0 0
62 0 0
62 0 0
62 0 0
62 0 0
63 0 0
63 0 0
63 0 0
63 0 0
63 0 0
64 0 0
64 0 0
64 0 0
64 0 0
64 0 0
65 0 0
65 0 0
65 0 0
65 0 0
65 0 0
65 0 0
66 0 0
66 0 0
66 0 0
66 0 0
66 0 0
67 0 0
67 0 0
67 0 0
67 0 0
67 0 0
68 0 0
68 0 0
68 0 0
68 0 0
68 0 0
68 0 0
69 0 0
69 0 0
69 0 0
69 0 0
69 0 0
70 0 0
70 0 0
70 0 0
70 0 0
70 0 0
71 0 0
71 0 0
71 0 0
71 0 0
71 0 0
71 0 0
72 0 0
72 0 0
72 0 0
72 0 0
72 0 0
73 0 0
73 0 0
73 0 0
73 0 0
73 0 0
73 0 0
74 0 0
74 0 0
74 0 0
74 0 0
74 0 0
75 0 0
75 0 0
75 0 0
75 0 0
75 0 0
76 0 0
76 0 0
76 0 0
76 0 0
76 0 0
76 0 0
77 0 0
77 0 0
77 0 0
77 0 0
77 0 0
78 0 0
78 0 0
78 0 0
78 0 0
78 0 0
79 0 0
79 0 0
79 0 0
79 0 0
79 0 0
79 0 0
80 0 0
80 0 0
80 0 0
80 0 0
80 0 0
81 0 0
81 0 0
81 0 0
81 0 0
81 0 0
82 0 0
82 0 0
82 0 0
82 0 0
82 0 0
82 0 0
83 0 0
83 0 0
83 0 0
83 0 0
83 0 0
84 0 0
84 0 0
84 0 0
84 0 0
84 0 0
85 0 0
85 0 0
85 0 0
85 0 0
85 0 0
85 0 0
86 0 0
86 0 0
86 0 0
86 0 0
86 0 0
87 0 0
87 0 0
87 0 0
87 0 0
87 0 0
88 0 0
88 0 0
88 0 0
88 0 0
88 0 0
88 0 0
89 0 0
89 0 0
89 0 0
89 0 0
89 0 0
90 0 0
90 0 0
90 0 0
90 0 0
90 0 0
91 0 0
91 0 0
91 0 0
91 0 0
91 0 0
91 0 0
92 0 0
92 0 0
92 0 0
92 0 0
92 0 0
93 0 0
93 0 0
93 0 0
93 0 0
93 0 0
93 0 0
94 0 0
94 0 0
94 0 0
94 0 0
94 0 0
95 0 0
95 0 0
95 0 0
95 0 0
95 0 0
96 0 0
96 0 0
96 0 0
96 0 0
96 0 0
96 0 0
97 0 0
97 0 0
97 0 0
97 0 0
97 0 0
98 0 0
98 0 0
98 0 0
98 0 0
98 0 0
99 0 0
99 0 0
99 0 0
99 0 0
99 0 0
99 0 0
100 0 0
100 0 0
100 0 0
100 0 0
100 0 0
101 0 0
101 0 0
101 0 0
101 0 0
101 0 0
102 0 0
102 0 0
102 0 0
102 0 0
102 0 0
102 0 0
103 0 0
103 0 0
103 0 0
103 0 0
103 0 0
104 0 0
104 0 0
104 0 0
104 0 0
104 0 0
105 0 0
105 0 0
105 0 0
105 0 0
105 0 0
105 0 0
106 0 0
106 0 0
106 0 0
106 0 0
106 0 0
107 0 0
107 0 0
107 0 0
107 0 0
107 0 0
108 0 0
108 0 0
108 0 0
108 0 0
108 0 0
108 0 0
109 0 0
109 0 0
109 0 0
109 0 0
109 0 0
110 0 0
110 0 0
110 0 0
110 0 0
110 0 0
110 0 0
111 0 0
111 0 0
111 0 0
111 0 0
111 0 0
112 0 0
112 0 0
112 0 0
112 0 0
112 0 0
113 0 0
113 0 0
113 0 0
113 0 0
113 0 0
113 0 0
114 0 0
114 0 0
114 0 0
114 0 0
114 0 0
115 0 0
115 0 0
115 0 0
115 0 0
115 0 0
116 0 0
116 0 0
116 0 0
116 0 0
116 0 0
116 0 0
117 0 0
117 0 0
117 0 0
117 0 0
117 0 0
118 0 0
118 0 0
118 0 0
118 0 0
118 0 0
119 0 0
119 0 0
119 0 0
119 0 0
119 0 0
119 0 0
120 0 0
120 0 0
120 0 0
120 0 0
120 0 0
121 0 0
121 0 0
121 0 0
121 0 0
121 0 0
122 0 0
122 0 0
122 0 0
122 0 0
122 0 0
122 0 0
123 0 0
123 0 0
123 0 0
123 0 0
123 0 0
124 0 0
124 0 0
124 0 0
124 0 0
124 0 0
125 0 0
125 0 0
125 0 0
125 0 0
125 0 0
125 0 0
126 0 0
126 0 0
126 0 0
126 0 0
126 0 0
127 0 0
127 0 0
127 0 0
127 0 0
127 0 0
127 0 0
128 0 0
128 0 0
128 0 0
128 0 0
128 0 0
129 0 0
129 0 0
129 0 0
129 0 0
129 0 0
130 0 0
130 0 0
130 0 0
130 0 0
130 0 0
130 0 0
131 0 0
131 0 0
131 0 0
131 0 0
131 0 0
132 0 0
132 0 0
132 0 0
132 0 0
132 0 0
133 0 0
133 0 0
133 0 0
133 0 0
133 0 0
133 0 0
134 0 0
134 0 0
134 0 0
134 0 0
134 0 0
135 0 0
135 0 0
135 0 0
135 0 0
135 0 0
136 0 0
136 0 0
136 0 0
136 0 0
136 0 0
136 0 0
137 0 0
137 0 0
137 0 0
137 0 0
137 0 0
138 0 0
138 0 0
138 0 0
138 0 0
138 0 0
139 0 0
139 0 0
139 0 0
139 0 0
139 0 0
139 0 0
140 0 0
140 0 0
140 0 0
140 0 0
140 0 0
141 0 0
141 0 0
141 0 0
141 0 0
141 0 0
142 0 0
142 0 0
142 0 0
142 0 0
142 0 0
142 0 0
143 0 0
143 0 0
143 0 0
143 0 0
143 0 0
144 0 0
144 0 0
144 0 0
144 0 0
144 0 0
145 0 0
145 0 0
145 0 0
145 0 0
145 0 0
145 0 0
146 0 0
146 0 0
146 0 0
146 0 0
146 0 0
147 0 0
147 0 0
147 0 0
147 0 0
147 0 0
147 0 0
148 0 0
148 0 0
148 0 0
148 0 0
148 0 0
149 0 0
149 0 0
149 0 0
149 0 0
149 0 0
150 0 0
150 0 0
150 0 0
150 0 0
150 0 0
150 0 0
151 0 0
151 0 0
151 0 0
151 0 0
151 0 0
152 0 0
152 0 0
152 0 0
152 0 0
152 0 0
153 0 0
153 0 0
153 0 0
153 0 0
153 0 0
153 0 0
154 0 0
154 0 0
154 0 0
154 0 0
154 0 0
155 0 0
155 0 0
155 0 0
155 0 0
155 0 0
156 0 0
156 0 0
156 0 0
156 0 0
156 0 0
156 0 0
157 0 0
157 0 0
157 0 0
157 0 0
157 0 0
158 0 0
158 0 0
158 0 0
158 0 0
158 0 0
159 0 0
159 0 0
159 0 0
159 0 0
159 0 0
159 0 0
160 0 0
160 0 0
160 0 0
160 0 0
160 0 0
161 0 0
161 0 0
161 0 0
161 0 0
161 0 0
162 0 0
162 0 0
162 0 0
162 0 0
162 0 0
162 0 0
163 0 0
163 0 0
163 0 0
163 0 0
163 0 0
164 0 0
164 0 0
164 0 0
164 0 0
164 0 0
164 0 0
165 0 0
165 0 0
165 0 0
165 0 0
165 0 0
166 0 0
166 0 0
166 0 0
166 0 0
166 0 0
167 0 0
167 0 0
167 0 0
167 0 0
167 0 0
167 0 0
168 0 0
168 0 0
168 0 0
168 0 0
168 0 0
169 0 0
169 0 0
169 0 0
169 0 0
169 0 0
170 0 0
170 0 0
170 0 0
170 0 0
170 0 0
170 0 0
171 0 0
171 0 0
171 0 0
171 0 0
171 0 0
172 0 0
172 0 0
172 0 0
172 0 0
172 0 0
173 0 0
173 0 0
173 0 0
173 0 0
173 0 0
173 0 0
174 0 0
174 0 0
174 0 0
174 0 0
174 0 0
175 0 0
175 0 0
175 0 0
175 0 0
175 0 0
176 0 0
176 0 0
176 0 0
176 0 0
176 0 0
176 0 0
177 0 0
177 0 0
177 0 0
177 0 0
177 0 0
178 0 0
178 0 0
178 0 0
178 0 0
178 0 0
179 0 0
179 0 0
179 0 0
179 0 0
179 0 0
179 0 0
180 0 0
180 0 0
180 0 0
180 0 0
180 0 0
181 0 0
181 0 0
181 0 0
181 0 0
181 0 0
182 0 0
182 0 0
182 0 0
182 0 0
182 0 0
182 0 0
183 0 0
183 0 0
183 0 0
183 0 0
183 0 0
184 0 0
184 0 0
184 0 0
184 0 0
184 0 0
184 0 0
185 0 0
185 0 0
185 0 0
185 0 0
185 0 0
186 0 0
186 0 0
186 0 0
186 0 0
186 0 0
187 0 0
187 0 0
187 0 0
187 0 0
187 0 0
187 0 0
188 0 0
188 0 0
188 0 0
188 0 0
188 0 0
189 0 0
189 0 0
189 0 0
189 0 0
189 0 0
190 0 0
190 0 0
190 0 0
190 0 0
190 0 0
190 0 0
191 0 0
191 0 0
191 0 0
191 0 0
191 0 0
192 1 0
192 1 0
192 1 0
192 1 0
192 2 0
193 2 0
193 2 0
193 2 0
193 3 0
193 3 0
193 3 0
194 3 0
194 4 0
194 4 0
194 4 0
194 4 0
195 5 0
195 5 0
195 5 0
195 5 0
195 6 0
196 6 0
196 6 0
196 6 0
196 7 0
196 7 0
196 7 0
197 7 0
197 8 0
197 8 0
197 8 0
197 8 0
198 9 0
198 9 0
198 9 0
198 9 0
198 10 0
199 10 0
199 10 0
199 10 0
199 11 0
199 11 0
199 11 0
200 11 0
200 12 0
200 12 0
200 12 0
200 12 0
201 13 0
201 13 0
201 13 0
201 13 0
201 14 0
201 14 0
202 14 0
202 14 0
202 15 0
202 15 0
202 15 0
203 15 0
203 16 0
203 16 0
203 16 0
203 16 0
204 17 0
204 17 0
204 17 0
204 17 0
204 18 0
204 18 0
205 18 0
205 18 0
205 19 0
205 19 0
205 19 0
206 19 0
206 20 0
206 20 0
206 20 0
206 20 0
207 21 0
207 21 0
207 21 0
207 21 0
207 22 0
207 22 0
208 22 0
208 22 0
208 23 0
208 23 0
208 23 0
209 23 0
209 24 0
209 24 0
209 24 0
209 24 0
210 25 0
210 25 0
210 25 0
210 25 0
210 26 0
210 26 0
211 26 0
211 26 0
211 27 0
211 27 0
211 27 0
212 27 0
212 28 0
212 28 0
212 28 0
212 28 0
213 29 0
213 29 0
213 29 0
213 29 0
213 30 0
213 30 0
214 30 0
214 30 0
214 31 0
214 31 0
214 31 0
215 31 0
215 32 0
215 32 0
215 32 0
215 32 0
216 33 0
216 33 0
216 33 0
216 33 0
216 34 0
216 34 0
217 34 0
217 34 0
217 35 0
217 35 0
217 35 0
218 35 0
218 36 0
218 36 0
218 36 0
218 36 0
218 36 0
219 37 0
219 37 0
219 37 0
219 37 0
219 38 0
220 38 0
220 38 0
220 38 0
220 39 0
220 39 0
221 39 0
221 39 0
221 40 0
221 40 0
221 40 0
221 40 0
222 41 0
222 41 0
222 41 0
222 41 0
222 42 0
223 42 0
223 42 0
223 42 0
223 43 0
223 43 0
224 43 0
224 43 0
224 44 0
224 44 0
224 44 0
224 44 0
225 45 0
225 45 0
225 45 0
225 45 0
225 46 0
226 46 0
226 46 0
226 46 0
226 47 0
226 47 0
227 47 0
227 47 0
227 48 0
227 48 0
227 48 0
227 48 0
228 49 0
228 49 0
228 49 0
228 49 0
228 50 0
229 50 0
229 50 0
229 50 0
229 51 0
229 51 0
230 51 0
230 51 0
230 52 0
230 52 0
230 52 0
230 52 0
231 53 0
231 53 0
231 53 0
231 53 0
231 54 0
232 54 0
232 54 0
232 54 0
232 55 0
232 55 0
233 55 0
233 55 0
233 56 0
233 56 0
233 56 0
233 56 0
234 57 0
234 57 0
234 57 0
234 57 0
234 58 0
235 58 0
235 58 0
235 58 0
235 59 0
235 59 0
236 59 0
236 59 0
236 60 0
236 60 0
236 60 0
236 60 0
237 61 0
237 61 0
237 61 0
237 61 0
237 62 0
238 62 0
238 62 0
238 62 0
238 63 0
238 63 0
238 63 0
239 63 0
239 64 0
239 64 0
239 64 0
239 64 0
240 65 0
240 65 0
240 65 0
240 65 0
240 66 0
241 66 0
241 66 0
241 66 0
241 67 0
241 67 0
241 67 0
242 67 0
242 68 0
242 68 0
242 68 0
242 68 0
243 69 0
243 69 0
243 69 0
243 69 0
243 70 0
244 70 0
244 70 0
244 70 0
244 71 0
244 71 0
244 71 0
245 71 0
245 72 0
245 72 0
245 72 0
245 72 0
246 73 0
246 73 0
246 73 0
246 73 0
246 74 0
247 74 0
247 74 0
247 74 0
247 75 0
247 75 0
247 75 0
248 75 0
248 76 0
248 76 0
248 76 0
248 76 0
249 77 0
249 77 0
249 77 0
249 77 0
249 78 0
250 78 0
250 78 0
250 78 0
250 79 0
250 79 0
250 79 0
251 79 0
251 80 0
251 80 0
251 80 0
251 80 0
252 81 0
252 81 0
252 81 0
252 81 0
252 82 0
253 82 0
253 82 0
253 82 0
253 83 0
253 83 0
253 83 0
254 83 0
254 84 0
254 84 0
254 84 0
254 84 0
255 85 0
255 85 0
255 85 0
255 85 0
255 86 0
255 86 0
255 86 0
255 86 0
255 87 0
255 87 0
255 87 0
255 87 0
255 88 0
255 88 0
255 88 0
255 88 0
255 89 0
255 89 0
255 89 0
255 89 0
255 90 0
255 90 0
255 90 0
255 90 0
255 91 0
255 91 0
255 91 0
255 91 0
255 92 0
255 92 0
255 92 0
255 92 0
255 93 0
255 93 0
255 93 0
255 93 0
255 94 0
255 94 0
255 94 0
255 94 0
255 95 0
255 95 0
255 95 0
255 95 0
255 96 0
255 96 0
255 96 0
255 96 0
255 97 0
255 97 0
255 97 0
255 97 0
255 98 0
255 98 0
255 98 0
255 98 0
255 99 0
255 99 0
255 99 0
255 99 0
255 100 0
255 100 0
255 100 0
255 100 0
255 101 0
255 101 0
255 101 0
255 101 0
255 102 0
255 102 0
255 102 0
255 102 0
255 103 0
255 103 0
255 103 0
255 103 0
255 104 0
255 104 0
255 104 0
255 104 0
255 105 0
255 105 0
255 105 0
255 105 0
255 106 0
255 106 0
255 106 0
255 106 0
255 107 0
255 107 0
255 107 0
255 107 0
255 108 0
255 108 0
255 108 0
255 108 0
255 109 0
255 109 0
255 109 0
255 109 0
255 109 0
255 110 0
255 110 0
255 110 0
255 110 0
255 111 0
255 111 0
255 111 0
255 111 0
255 112 0
255 112 0
255 112 0
255 112 0
255 113 0
255 113 0
255 113 0
255 113 0
255 114 0
255 114 0
255 114 0
255 114 0
255 115 0
255 115 0
255 115 0
255 115 0
255 116 0
255 116 0
255 116 0
255 116 0
255 117 0
255 117 0
255 117 0
255 117 0
255 118 0
255 118 0
255 118 0
255 118 0
255 119 0
255 119 0
255 119 0
255 119 0
255 120 0
255 120 0
255 120 0
255 120 0
255 121 0
255 121 0
255 121 0
255 121 0
255 122 0
255 122 0
255 122 0
255 122 0
255 123 0
255 123 0
255 123 0
255 123 0
255 124 0
255 124 0
255 124 0
255 124 0
255 125 0
255 125 0
255 125 0
255 125 0
255 126 0
255 126 0
255 126 0
255 126 0
255 127 0
255 127 0
255 127 0
255 127 0
255 128 1
255 128 1
255 128 2
255 128 2
255 129 3
255 129 3
255 129 4
255 129 4
255 130 5
255 130 5
255 130 6
255 130 6
255 131 7
255 131 7
255 131 8
255 131 8
255 132 9
255 132 9
255 132 10
255 132 10
255 133 11
255 133 11
255 133 12
255 133 12
255 134 13
255 134 13
255 134 14
255 134 14
255 135 15
255 135 15
255 135 16
255 135 16
255 136 17
255 136 17
255 136 18
255 136 18
255 137 19
255 137 19
255 137 20
255 137 20
255 138 21
255 138 21
255 138 22
255 138 22
255 139 23
255 139 23
255 139 24
255 139 24
255 140 25
255 140 25
255 140 26
255 140 26
255 141 27
255 141 27
255 141 28
255 141 28
255 142 29
255 142 29
255 142 30
255 142 30
255 143 31
255 143 31
255 143 32
255 143 32
255 144 33
255 144 33
255 144 34
255 144 34
255 145 35
255 145 35
255 145 36
255 145 36
255 146 37
255 146 37
255 146 38
255 146 38
255 147 39
255 147 39
255 147 40
255 147 40
255 148 41
255 148 41
255 148 42
255 148 42
255 149 43
255 149 43
255 149 44
255 149 44
255 150 45
255 150 45
255 150 46
255 150 46
255 151 47
255 151 47
255 151 48
255 151 48
255 152 49
255 152 49
255 152 50
255 152 50
255 153 51
255 153 51
255 153 52
255 153 52
255 154 53
255 154 53
255 154 54
255 154 54
255 155 55
255 155 55
255 155 56
255 155 56
255 156 57
255 156 57
255 156 58
255 156 58
255 157 59
255 157 59
255 157 60
255 157 60
255 158 61
255 158 61
255 158 62
255 158 62
255 159 63
255 159 63
255 159 64
255 159 64
255 160 65
255 160 65
255 160 66
255 160 66
255 161 67
255 161 67
255 161 68
255 161 68
255 162 69
255 162 69
255 162 70
255 162 70
255 163 71
255 163 71
255 163 72
255 163 72
255 164 73
255 164 73
255 164 74
255 164 74
255 165 75
255 165 75
255 165 76
255 165 76
255 166 77
255 166 77
255 166 78
255 166 78
255 167 79
255 167 79
255 167 80
255 167 80
255 168 81
255 168 81
255 168 82
255 168 82
255 169 83
255 169 83
255 169 84
255 169 84
255 170 85
255 170 85
255 170 86
255 170 86
255 171 87
255 171 87
255 171 88
255 171 88
255 172 89
255 172 89
255 172 90
255 172 90
255 173 91
255 173 91
255 173 92
255 173 92
255 174 93
255 174 93
255 174 94
255 174 94
255 175 95
255 175 95
255 175 96
255 175 96
255 176 97
255 176 97
255 176 98
255 176 98
255 177 99
255 177 99
255 177 100
255 177 100
255 178 101
255 178 101
255 178 102
255 178 102
255 179 103
255 179 103
255 179 104
255 179 104
255 180 105
255 180 105
255 180 106
255 180 106
255 181 107
255 181 107
255 181 108
255 181 108
255 182 109
255 182 109
255 182 109
255 182 110
255 182 110
255 183 111
255 183 111
255 183 112
255 183 112
255 184 113
255 184 113
255 184 114
255 184 114
255 185 115
255 185 115
255 185 116
255 185 116
255 186 117
255 186 117
255 186 118
255 186 118
255 187 119
255 187 119
255 187 120
255 187 120
255 188 121
255 188 121
255 188 122
255 188 122
255 189 123
255 189 123
255 189 124
255 189 124
255 190 125
255 190 125
255 190 126
255 190 126
255 191 127
255 191 127
255 191 128
255 191 128
255 192 129
255 192 129
255 192 130
255 192 130
255 193 131
255 193 131
255 193 132
255 193 132
255 194 133
255 194 133
255 194 134
255 194 134
255 195 135
255 195 135
255 195 136
255 195 136
255 196 137
255 196 137
255 196 138
255 196 138
255 197 139
255 197 139
255 197 140
255 197 140
255 198 141
255 198 141
255 198 142
255 198 142
255 199 143
255 199 143
255 199 144
255 199 144
255 200 145
255 200 145
255 200 146
255 200 146
255 201 147
255 201 147
255 201 148
255 201 148
255 202 149
255 202 149
255 202 150
255 202 150
255 203 151
255 203 151
255 203 152
255 203 152
255 204 153
255 204 153
255 204 154
255 204 154
255 205 155
255 205 155
255 205 156
255 205 156
255 206 157
255 206 157
255 206 158
255 206 158
255 207 159
255 207 159
255 207 160
255 207 160
255 208 161
255 208 161
255 208 162
255 208 162
255 209 163
255 209 163
255 209 164
255 209 164
255 210 165
255 210 165
255 210 166
255 210 166
255 211 167
255 211 167
255 211 168
255 211 168
255 212 169
255 212 169
255 212 170
255 212 170
255 213 171
255 213 171
255 213 172
255 213 172
255 214 173
255 214 173
255 214 174
255 214 174
255 215 175
255 215 175
255 215 176
255 215 176
255 216 177
255 216 177
255 216 178
255 216 178
255 217 179
255 217 179
255 217 180
255 217 180
255 218 181
255 218 181
255 218 182
255 218 182
255 219 183
255 219 183
255 219 184
255 219 184
255 220 185
255 220 185
255 220 186
255 220 186
255 221 187
255 221 187
255 221 188
255 221 188
255 222 189
255 222 189
255 222 190
255 222 190
255 223 191
255 223 191
255 223 192
255 223 192
255 224 193
255 224 193
255 224 194
255 224 194
255 225 195
255 225 195
255 225 196
255 225 196
255 226 197
255 226 197
255 226 198
255 226 198
255 227 199
255 227 199
255 227 200
255 227 200
255 228 201
255 228 201
255 228 202
255 228 202
255 229 203
255 229 203
255 229 204
255 229 204
255 230 205
255 230 205
255 230 206
255 230 206
255 231 207
255 231 207
255 231 208
255 231 208
255 232 209
255 232 209
255 232 210
255 232 210
255 233 211
255 233 211
255 233 212
255 233 212
255 234 213
255 234 213
255 234 214
255 234 214
255 235 215
255 235 215
255 235 216
255 235 216
255 236 217
255 236 217
255 236 218
255 236 218
255 237 219
255 237 219
255 237 220
255 237 220
255 238 221
255 238 221
255 238 222
255 238 222
255 239 223
255 239 223
255 239 224
255 239 224
255 240 225
255 240 225
255 240 226
255 240 226
255 241 227
255 241 227
255 241 228
255 241 228
255 242 229
255 242 229
255 242 230
255 242 230
255 243 231
255 243 231
255 243 232
255 243 232
255 244 233
255 244 233
255 244 234
255 244 234
255 245 235
255 245 235
255 245 236
255 245 236
255 246 237
255 246 237
255 246 238
255 246 238
255 247 239
255 247 239
255 247 240
255 247 240
255 248 241
255 248 241
255 248 242
255 248 242
255 249 243
255 249 243
255 249 244
255 249 244
255 250 245
255 250 245
255 250 246
255 250 246
255 251 247
255 251 247
255 251 248
255 251 248
255 252 249
255 252 249
255 252 250
255 252 250
255 253 251
255 253 251
255 253 252
255 253 252
255 254 253
255 254 253
255 254 254
255 254 254
255 255 255
