0 0 0
2 0 0
4 0 0
6 0 0
9 0 0
11 0 1
13 0 1
15 0 1
18 0 1
20 1 2
22 1 2
25 1 2
27 1 2
29 1 3
31 1 3
34 1 3
36 1 3
38 2 4
40 2 4
43 2 4
45 2 4
47 2 5
50 2 5
52 2 5
54 2 5
56 3 6
59 3 6
61 3 6
63 3 6
66 3 7
68 3 7
70 3 7
72 3 7
75 4 8
77 4 8
79 4 8
81 4 8
84 4 9
86 4 9
88 4 9
91 4 9
93 5 10
95 5 10
97 5 10
100 5 10
102 5 11
104 5 11
107 5 11
109 5 11
111 6 12
113 6 12
116 6 12
118 6 12
120 6 13
122 6 13
125 6 13
127 6 13
129 7 14
132 7 14
134 7 14
136 7 14
138 7 15
141 7 15
143 7 15
145 7 15
148 8 16
150 8 16
152 8 16
154 8 16
157 8 17
159 8 17
161 8 17
163 8 17
166 9 18
168 9 18
170 9 18
173 9 18
175 9 19
177 9 19
179 9 19
182 9 19
184 10 20
186 10 20
189 10 20
191 10 20
193 10 21
195 10 21
198 10 21
200 10 21
202 11 22
204 11 22
207 11 22
209 11 22
211 11 23
214 11 23
216 11 23
218 11 23
220 12 24
223 12 24
225 12 24
227 12 24
230 12 25
232 12 25
234 12 25
236 12 25
239 13 26
241 13 26
243 13 26
245 13 26
248 13 27
250 13 27
252 13 27
254 13 27
254 14 28
253 14 28
253 14 28
252 14 28
251 14 29
251 14 29
250 14 29
250 14 29
249 15 30
248 15 30
248 15 30
247 15 30
246 15 31
246 15 31
245 15 31
245 15 31
244 16 32
243 16 32
243 16 32
242 16 32
241 16 33
241 16 33
240 16 33
240 16 33
239 17 34
238 17 34
238 17 34
237 17 34
236 17 35
236 17 35
235 17 35
235 17 35
234 18 36
233 18 36
233 18 36
232 18 36
232 18 37
231 18 37
230 18 37
230 18 37
229 19 38
228 19 38
228 19 38
227 19 38
227 19 39
226 19 39
225 19 39
225 19 39
224 20 40
223 20 40
223 20 40
222 20 40
222 20 41
221 20 41
220 20 41
220 20 41
219 21 42
218 21 42
218 21 42
217 21 42
217 21 43
216 21 43
215 21 43
215 21 43
214 22 44
214 22 44
213 22 44
212 22 44
212 22 45
211 22 45
210 22 45
210 22 45
209 23 46
209 23 46
208 23 46
207 23 46
207 23 47
206 23 47
205 23 47
205 23 47
204 24 48
204 24 48
203 24 48
202 24 48
202 24 49
201 24 49
200 24 49
200 24 49
199 25 50
199 25 50
198 25 50
197 25 50
197 25 51
196 25 51
196 25 51
195 25 51
194 26 52
194 26 52
193 26 52
192 26 52
192 26 53
191 26 53
191 26 53
190 26 53
189 27 54
189 27 54
188 27 54
187 27 54
187 27 55
186 27 55
186 27 55
185 27 55
184 28 56
184 28 56
183 28 56
182 28 56
182 28 57
181 28 57
181 28 57
180 28 57
179 29 58
179 29 58
178 29 58
178 29 58
177 29 59
176 29 59
176 29 59
175 29 59
174 30 60
174 30 60
173 30 60
173 30 60
172 30 61
171 30 61
171 30 61
170 30 61
169 31 62
169 31 62
168 31 62
168 31 62
167 31 63
166 31 63
166 31 63
165 31 63
164 32 64
164 32 64
163 32 64
163 32 64
162 32 65
161 32 65
161 32 65
160 32 65
160 33 66
159 33 66
158 33 66
158 33 66
157 33 67
156 33 67
156 33 67
155 33 67
155 34 68
154 34 68
153 34 68
153 34 68
152 34 69
151 34 69
151 34 69
150 34 69
150 35 70
149 35 70
148 35 70
148 35 70
147 35 71
146 35 71
146 35 71
145 35 71
145 36 72
144 36 72
143 36 72
143 36 72
142 36 72
142 36 73
141 36 73
140 36 73
140 36 73
139 37 74
138 37 74
138 37 74
137 37 74
137 37 75
136 37 75
135 37 75
135 37 75
134 38 76
133 38 76
133 38 76
132 38 76
132 38 77
131 38 77
130 38 77
130 38 77
129 39 78
128 39 78
128 39 78
127 39 78
127 39 79
126 39 79
125 39 79
125 39 79
124 40 80
124 40 80
123 40 80
122 40 80
122 40 81
121 40 81
120 40 81
120 40 81
119 41 82
119 41 82
118 41 82
117 41 82
117 41 83
116 41 83
115 41 83
115 41 83
114 42 84
114 42 84
113 42 84
112 42 84
112 42 85
111 42 85
110 42 85
110 42 85
109 43 86
109 43 86
108 43 86
107 43 86
107 43 87
106 43 87
106 43 87
105 43 87
104 44 88
104 44 88
103 44 88
102 44 88
102 44 89
101 44 89
101 44 89
100 44 89
99 45 90
99 45 90
98 45 90
97 45 90
97 45 91
96 45 91
96 45 91
95 45 91
94 46 92
94 46 92
93 46 92
92 46 92
92 46 93
91 46 93
91 46 93
90 46 93
89 47 94
89 47 94
88 47 94
88 47 94
87 47 95
86 47 95
86 47 95
85 47 95
84 48 96
84 48 96
83 48 96
83 48 96
82 48 97
81 48 97
81 48 97
80 48 97
79 49 98
79 49 98
78 49 98
78 49 98
77 49 99
76 49 99
76 49 99
75 49 99
74 50 100
74 50 100
73 50 100
73 50 100
72 50 101
71 50 101
71 50 101
70 50 101
70 51 102
69 51 102
68 51 102
68 51 102
67 51 103
66 51 103
66 51 103
65 51 103
65 52 104
64 52 104
63 52 104
63 52 104
62 52 105
61 52 105
61 52 105
60 52 105
60 53 106
59 53 106
58 53 106
58 53 106
57 53 107
57 53 107
56 53 107
55 53 107
55 54 108
54 54 108
53 54 108
53 54 108
52 54 109
52 54 109
51 54 109
50 54 109
50 55 110
49 55 110
48 55 110
48 55 110
47 55 111
47 55 111
46 55 111
45 55 111
45 56 112
44 56 112
43 56 112
43 56 112
42 56 113
42 56 113
41 56 113
40 56 113
40 57 114
39 57 114
39 57 114
38 57 114
37 57 115
37 57 115
36 57 115
35 57 115
35 58 116
34 58 116
34 58 116
33 58 116
32 58 117
32 58 117
31 58 117
30 58 117
30 59 118
29 59 118
29 59 118
28 59 118
27 59 119
27 59 119
26 59 119
25 59 119
25 60 120
24 60 120
24 60 120
23 60 120
22 60 121
22 60 121
21 60 121
21 60 121
20 61 122
19 61 122
19 61 122
18 61 122
17 61 123
17 61 123
16 61 123
16 61 123
15 62 124
14 62 124
14 62 124
13 62 124
12 62 125
12 62 125
11 62 125
11 62 125
10 63 126
9 63 126
9 63 126
8 63 126
7 63 127
7 63 127
63 63 127
63 63 127
64 64 128
64 64 128
64 64 128
64 64 128
64 64 129
64 64 129
64 64 129
64 64 129
65 65 130
65 65 130
65 65 130
65 65 130
65 65 131
65 65 131
65 65 131
65 65 131
66 66 132
66 66 132
66 66 132
66 66 132
66 66 133
66 66 133
66 66 133
66 66 133
67 67 134
67 67 134
67 67 134
67 67 134
67 67 135
67 67 135
67 67 135
67 67 135
68 68 136
68 68 136
68 68 136
68 68 136
68 68 137
68 68 137
68 68 137
68 68 137
69 69 138
69 69 138
69 69 138
69 69 138
69 69 139
69 69 139
69 69 139
69 69 139
70 70 140
70 70 140
70 70 140
70 70 140
70 70 141
70 70 141
70 70 141
70 70 141
71 71 142
71 71 142
71 71 142
71 71 142
71 71 143
71 71 143
71 71 143
71 71 143
72 72 144
72 72 144
72 72 144
72 72 144
72 72 145
72 72 145
72 72 145
72 72 145
72 72 145
73 73 146
73 73 146
73 73 146
73 73 146
73 73 147
73 73 147
73 73 147
73 73 147
74 74 148
74 74 148
74 74 148
74 74 148
74 74 149
74 74 149
74 74 149
74 74 149
75 75 150
75 75 150
75 75 150
75 75 150
75 75 151
75 75 151
75 75 151
75 75 151
76 76 152
76 76 152
76 76 152
76 76 152
76 76 153
76 76 153
76 76 153
76 76 153
77 77 154
77 77 154
77 77 154
77 77 154
77 77 155
77 77 155
77 77 155
77 77 155
78 78 156
78 78 156
78 78 156
78 78 156
78 78 157
78 78 157
78 78 157
78 78 157
79 79 158
79 79 158
79 79 158
79 79 158
79 79 159
79 79 159
79 79 159
79 79 159
80 80 160
80 80 160
80 80 160
80 80 160
80 80 161
80 80 161
80 80 161
80 80 161
81 81 162
81 81 162
81 81 162
81 81 162
81 81 163
81 81 163
81 81 163
81 81 163
82 82 164
82 82 164
82 82 164
82 82 164
82 82 165
82 82 165
82 82 165
82 82 165
83 83 166
83 83 166
83 83 166
83 83 166
83 83 167
83 83 167
83 83 167
83 83 167
84 84 168
84 84 168
84 84 168
84 84 168
84 84 169
84 84 169
84 84 169
84 84 169
85 85 170
85 85 170
85 85 170
85 85 170
85 85 171
85 85 171
85 85 171
85 85 171
86 86 172
86 86 172
86 86 172
86 86 172
86 86 173
86 86 173
86 86 173
86 86 173
87 87 174
87 87 174
87 87 174
87 87 174
87 87 175
87 87 175
87 87 175
87 87 175
88 88 176
88 88 176
88 88 176
88 88 176
88 88 177
88 88 177
88 88 177
88 88 177
89 89 178
89 89 178
89 89 178
89 89 178
89 89 179
89 89 179
89 89 179
89 89 179
90 90 180
90 90 180
90 90 180
90 90 180
90 90 181
90 90 181
90 90 181
90 90 181
91 91 182
91 91 182
91 91 182
91 91 182
91 91 183
91 91 183
91 91 183
91 91 183
92 92 184
92 92 184
92 92 184
92 92 184
92 92 185
92 92 185
92 92 185
92 92 185
93 93 186
93 93 186
93 93 186
93 93 186
93 93 187
93 93 187
93 93 187
93 93 187
94 94 188
94 94 188
94 94 188
94 94 188
94 94 189
94 94 189
94 94 189
94 94 189
95 95 190
95 95 190
95 95 190
95 95 190
95 95 191
95 95 191
95 95 191
95 95 191
96 96 192
96 96 192
96 96 192
96 96 192
96 96 193
96 96 193
96 96 193
96 96 193
97 97 194
97 97 194
97 97 194
97 97 194
97 97 195
97 97 195
97 97 195
97 97 195
98 98 196
98 98 196
98 98 196
98 98 196
98 98 197
98 98 197
98 98 197
98 98 197
99 99 198
99 99 198
99 99 198
99 99 198
99 99 199
99 99 199
99 99 199
99 99 199
100 100 200
100 100 200
100 100 200
100 100 200
100 100 201
100 100 201
100 100 201
100 100 201
101 101 202
101 101 202
101 101 202
101 101 202
101 101 203
101 101 203
101 101 203
101 101 203
102 102 204
102 102 204
102 102 204
102 102 204
102 102 205
102 102 205
102 102 205
102 102 205
103 103 206
103 103 206
103 103 206
103 103 206
103 103 207
103 103 207
103 103 207
103 103 207
104 104 208
104 104 208
104 104 208
104 104 208
104 104 209
104 104 209
104 104 209
104 104 209
105 105 210
105 105 210
105 105 210
105 105 210
105 105 211
105 105 211
105 105 211
105 105 211
106 106 212
106 106 212
106 106 212
106 106 212
106 106 213
106 106 213
106 106 213
106 106 213
107 107 214
107 107 214
107 107 214
107 107 214
107 107 215
107 107 215
107 107 215
107 107 215
108 108 216
108 108 216
108 108 216
108 108 216
108 108 217
108 108 217
108 108 217
108 108 217
109 109 218
109 109 218
109 109 218
109 109 218
109 109 218
109 109 219
109 109 219
109 109 219
109 109 219
110 110 220
110 110 220
110 110 220
110 110 220
110 110 221
110 110 221
110 110 221
110 110 221
111 111 222
111 111 222
111 111 222
111 111 222
111 111 223
111 111 223
111 111 223
111 111 223
112 112 224
112 112 224
112 112 224
112 112 224
112 112 225
112 112 225
112 112 225
112 112 225
113 113 226
113 113 226
113 113 226
113 113 226
113 113 227
113 113 227
113 113 227
113 113 227
114 114 228
114 114 228
114 114 228
114 114 228
114 114 229
114 114 229
114 114 229
114 114 229
115 115 230
115 115 230
115 115 230
115 115 230
115 115 231
115 115 231
115 115 231
115 115 231
116 116 232
116 116 232
116 116 232
116 116 232
116 116 233
116 116 233
116 116 233
116 116 233
117 117 234
117 117 234
117 117 234
117 117 234
117 117 235
117 117 235
117 117 235
117 117 235
118 118 236
118 118 236
118 118 236
118 118 236
118 118 237
118 118 237
118 118 237
118 118 237
119 119 238
119 119 238
119 119 238
119 119 238
119 119 239
119 119 239
119 119 239
119 119 239
120 120 240
120 120 240
120 120 240
120 120 240
120 120 241
120 120 241
120 120 241
120 120 241
121 121 242
121 121 242
121 121 242
121 121 242
121 121 243
121 121 243
121 121 243
121 121 243
122 122 244
122 122 244
122 122 244
122 122 244
122 122 245
122 122 245
122 122 245
122 122 245
123 123 246
123 123 246
123 123 246
123 123 246
123 123 247
123 123 247
123 123 247
123 123 247
124 124 248
124 124 248
124 124 248
124 124 248
124 124 249
124 124 249
124 124 249
124 124 249
125 125 250
125 125 250
125 125 250
125 125 250
125 125 251
125 125 251
125 125 251
125 125 251
126 126 252
126 126 252
126 126 252
126 126 252
126 126 253
126 126 253
126 126 253
126 126 253
127 127 254
127 127 254
127 127 254
127 127 254
127 127 254
127 127 254
127 127 253
127 127 253
128 128 252
128 128 252
128 128 251
128 128 251
128 128 250
128 128 249
128 128 249
128 128 248
129 129 248
129 129 247
129 129 247
129 129 246
129 129 246
129 129 245
129 129 245
129 129 244
130 130 244
130 130 243
130 130 243
130 130 242
130 130 242
130 130 241
130 130 240
130 130 240
131 131 239
131 131 239
131 131 238
131 131 238
131 131 237
131 131 237
131 131 236
131 131 236
132 132 235
132 132 235
132 132 234
132 132 234
132 132 233
132 132 233
132 132 232
132 132 231
133 133 231
133 133 230
133 133 230
133 133 229
133 133 229
133 133 228
133 133 228
133 133 227
134 134 227
134 134 226
134 134 226
134 134 225
134 134 225
134 134 224
134 134 223
134 134 223
135 135 222
135 135 222
135 135 221
135 135 221
135 135 220
135 135 220
135 135 219
135 135 219
136 136 218
136 136 218
136 136 217
136 136 217
136 136 216
136 136 216
136 136 215
136 136 214
137 137 214
137 137 213
137 137 213
137 137 212
137 137 212
137 137 211
137 137 211
137 137 210
138 138 210
138 138 209
138 138 209
138 138 208
138 138 208
138 138 207
138 138 207
138 138 206
139 139 205
139 139 205
139 139 204
139 139 204
139 139 203
139 139 203
139 139 202
139 139 202
140 140 201
140 140 201
140 140 200
140 140 200
140 140 199
140 140 199
140 140 198
140 140 198
141 141 197
141 141 196
141 141 196
141 141 195
141 141 195
141 141 194
141 141 194
141 141 193
142 142 193
142 142 192
142 142 192
142 142 191
142 142 191
142 142 190
142 142 190
142 142 189
143 143 189
143 143 188
143 143 187
143 143 187
143 143 186
143 143 186
143 143 185
143 143 185
144 144 184
144 144 184
144 144 183
144 144 183
144 144 182
144 144 182
144 144 181
144 144 181
145 145 180
145 145 179
145 145 179
145 145 178
145 145 178
145 145 177
145 145 177
145 145 176
145 145 176
146 146 175
146 146 175
146 146 174
146 146 174
146 146 173
146 146 173
146 146 172
146 146 172
147 147 171
147 147 170
147 147 170
147 147 169
147 147 169
147 147 168
147 147 168
147 147 167
148 148 167
148 148 166
148 148 166
148 148 165
148 148 165
148 148 164
148 148 164
148 148 163
149 149 163
149 149 162
149 149 161
149 149 161
149 149 160
149 149 160
149 149 159
149 149 159
150 150 158
150 150 158
150 150 157
150 150 157
150 150 156
150 150 156
150 150 155
150 150 155
151 151 154
151 151 154
151 151 153
151 151 152
151 151 152
151 151 151
151 151 151
151 151 150
152 152 150
152 152 149
152 152 149
152 152 148
152 152 148
152 152 147
152 152 147
152 152 146
153 153 146
153 153 145
153 153 145
153 153 144
153 153 143
153 153 143
153 153 142
153 153 142
154 154 141
154 154 141
154 154 140
154 154 140
154 154 139
154 154 139
154 154 138
154 154 138
155 155 137
155 155 137
155 155 136
155 155 135
155 155 135
155 155 134
155 155 134
155 155 133
156 156 133
156 156 132
156 156 132
156 156 131
156 156 131
156 156 130
156 156 130
156 156 129
157 157 129
157 157 128
157 157 128
157 157 127
157 157 126
157 157 126
157 157 125
157 157 125
158 158 124
158 158 124
158 158 123
158 158 123
158 158 122
158 158 122
158 158 121
158 158 121
159 159 120
159 159 120
159 159 119
159 159 119
159 159 118
159 159 117
159 159 117
159 159 116
160 160 116
160 160 115
160 160 115
160 160 114
160 160 114
160 160 113
160 160 113
160 160 112
161 161 112
161 161 111
161 161 111
161 161 110
161 161 110
161 161 109
161 161 108
161 161 108
162 162 107
162 162 107
162 162 106
162 162 106
162 162 105
162 162 105
162 162 104
162 162 104
163 163 103
163 163 103
163 163 102
163 163 102
163 163 101
163 163 101
163 163 100
163 163 99
164 164 99
164 164 98
164 164 98
164 164 97
164 164 97
164 164 96
164 164 96
164 164 95
165 165 95
165 165 94
165 165 94
165 165 93
165 165 93
165 165 92
165 165 91
165 165 91
166 166 90
166 166 90
166 166 89
166 166 89
166 166 88
166 166 88
166 166 87
166 166 87
167 167 86
167 167 86
167 167 85
167 167 85
167 167 84
167 167 84
167 167 83
167 167 82
168 168 82
168 168 81
168 168 81
168 168 80
168 168 80
168 168 79
168 168 79
168 168 78
169 169 78
169 169 77
169 169 77
169 169 76
169 169 76
169 169 75
169 169 75
169 169 74
170 170 73
170 170 73
170 170 72
170 170 72
170 170 71
170 170 71
170 170 70
170 170 70
171 171 69
171 171 69
171 171 68
171 171 68
171 171 67
171 171 67
171 171 66
171 171 66
172 172 65
172 172 64
172 172 64
172 172 63
172 172 63
172 172 62
172 172 62
172 172 61
173 173 61
173 173 60
173 173 60
173 173 59
173 173 59
173 173 58
173 173 58
173 173 57
174 174 57
174 174 56
174 174 55
174 174 55
174 174 54
174 174 54
174 174 53
174 174 53
175 175 52
175 175 52
175 175 51
175 175 51
175 175 50
175 175 50
175 175 49
175 175 49
176 176 48
176 176 47
176 176 47
176 176 46
176 176 46
176 176 45
176 176 45
176 176 44
177 177 44
177 177 43
177 177 43
177 177 42
177 177 42
177 177 41
177 177 41
177 177 40
178 178 40
178 178 39
178 178 38
178 178 38
178 178 37
178 178 37
178 178 36
178 178 36
179 179 35
179 179 35
179 179 34
179 179 34
179 179 33
179 179 33
179 179 32
179 179 32
180 180 31
180 180 31
180 180 30
180 180 29
180 180 29
180 180 28
180 180 28
180 180 27
181 181 27
181 181 26
181 181 26
181 181 25
181 181 25
181 181 24
181 181 24
181 181 23
182 182 23
182 182 22
182 182 22
182 182 21
182 182 20
182 182 20
182 182 19
182 182 19
182 182 18
183 183 18
183 183 17
183 183 17
183 183 16
183 183 16
183 183 15
183 183 15
183 183 14
184 184 14
184 184 13
184 184 13
184 184 12
184 184 11
184 184 11
184 184 10
184 184 10
185 185 9
185 185 9
185 185 8
185 185 8
185 185 7
185 185 7
185 185 6
185 185 6
186 186 5
186 186 5
186 186 4
186 186 3
186 186 3
186 186 2
186 186 2
186 186 1
187 187 1
187 187 0
187 187 0
187 187 0
187 187 0
187 187 1
187 187 1
187 187 2
188 188 2
188 188 3
188 188 3
188 188 3
188 188 4
188 188 4
188 188 5
188 188 5
189 189 6
189 189 6
189 189 7
189 189 7
189 189 8
189 189 8
189 189 9
189 189 9
190 190 10
190 190 10
190 190 11
190 190 11
190 190 11
190 190 12
190 190 12
190 190 13
191 191 13
191 191 14
191 191 14
191 191 15
191 191 15
191 191 16
191 191 16
191 191 17
192 192 17
192 192 18
192 192 18
192 192 19
192 192 19
192 192 19
192 192 20
192 192 20
193 193 21
193 193 21
193 193 22
193 193 22
193 193 23
193 193 23
193 193 24
193 193 24
194 194 25
194 194 25
194 194 26
194 194 26
194 194 27
194 194 27
194 194 27
194 194 28
195 195 28
195 195 29
195 195 29
195 195 30
195 195 30
195 195 31
195 195 31
195 195 32
196 196 32
196 196 33
196 196 33
196 196 34
196 196 34
196 196 35
196 196 35
196 196 35
197 197 36
197 197 36
197 197 37
197 197 37
197 197 38
197 197 38
197 197 39
197 197 39
198 198 40
198 198 40
198 198 41
198 198 41
198 198 42
198 198 42
198 198 42
198 198 43
199 199 43
199 199 44
199 199 44
199 199 45
199 199 45
199 199 46
199 199 46
199 199 47
200 200 47
200 200 48
200 200 48
200 200 49
200 200 49
200 200 50
200 200 50
200 200 50
201 201 51
201 201 51
201 201 52
201 201 52
201 201 53
201 201 53
201 201 54
201 201 54
202 202 55
202 202 55
202 202 56
202 202 56
202 202 57
202 202 57
202 202 58
202 202 58
203 203 58
203 203 59
203 203 59
203 203 60
203 203 60
203 203 61
203 203 61
203 203 62
204 204 62
204 204 63
204 204 63
204 204 64
204 204 64
204 204 65
204 204 65
204 204 66
205 205 66
205 205 66
205 205 67
205 205 67
205 205 68
205 205 68
205 205 69
205 205 69
206 206 70
206 206 70
206 206 71
206 206 71
206 206 72
206 206 72
206 206 73
206 206 73
207 207 74
207 207 74
207 207 74
207 207 75
207 207 75
207 207 76
207 207 76
207 207 77
208 208 77
208 208 78
208 208 78
208 208 79
208 208 79
208 208 80
208 208 80
208 208 81
209 209 81
209 209 82
209 209 82
209 209 82
209 209 83
209 209 83
209 209 84
209 209 84
210 210 85
210 210 85
210 210 86
210 210 86
210 210 87
210 210 87
210 210 88
210 210 88
211 211 89
211 211 89
211 211 90
211 211 90
211 211 90
211 211 91
211 211 91
211 211 92
212 212 92
212 212 93
212 212 93
212 212 94
212 212 94
212 212 95
212 212 95
212 212 96
213 213 96
213 213 97
213 213 97
213 213 97
213 213 98
213 213 98
213 213 99
213 213 99
214 214 100
214 214 100
214 214 101
214 214 101
214 214 102
214 214 102
214 214 103
214 214 103
215 215 104
215 215 104
215 215 105
215 215 105
215 215 105
215 215 106
215 215 106
215 215 107
216 216 107
216 216 108
216 216 108
216 216 109
216 216 109
216 216 110
216 216 110
216 216 111
217 217 111
217 217 112
217 217 112
217 217 113
217 217 113
217 217 113
217 217 114
217 217 114
218 218 115
218 218 115
218 218 116
218 218 116
218 218 117
218 218 117
218 218 118
218 218 118
218 218 119
219 219 119
219 219 120
219 219 120
219 219 121
219 219 121
219 219 121
219 219 122
219 219 122
220 220 123
220 220 123
220 220 124
220 220 124
220 220 125
220 220 125
220 220 126
220 220 126
221 221 127
221 221 127
221 221 128
221 221 128
221 221 129
221 221 129
221 221 129
221 221 130
222 222 130
222 222 131
222 222 131
222 222 132
222 222 132
222 222 133
222 222 133
222 222 134
223 223 134
223 223 135
223 223 135
223 223 136
223 223 136
223 223 137
223 223 137
223 223 137
224 224 138
224 224 138
224 224 139
224 224 139
224 224 140
224 224 140
224 224 141
224 224 141
225 225 142
225 225 142
225 225 143
225 225 143
225 225 144
225 225 144
225 225 145
225 225 145
226 226 145
226 226 146
226 226 146
226 226 147
226 226 147
226 226 148
226 226 148
226 226 149
227 227 149
227 227 150
227 227 150
227 227 151
227 227 151
227 227 152
227 227 152
227 227 152
228 228 153
228 228 153
228 228 154
228 228 154
228 228 155
228 228 155
228 228 156
228 228 156
229 229 157
229 229 157
229 229 158
229 229 158
229 229 159
229 229 159
229 229 160
229 229 160
230 230 160
230 230 161
230 230 161
230 230 162
230 230 162
230 230 163
230 230 163
230 230 164
231 231 164
231 231 165
231 231 165
231 231 166
231 231 166
231 231 167
231 231 167
231 231 168
232 232 168
232 232 168
232 232 169
232 232 169
232 232 170
232 232 170
232 232 171
232 232 171
233 233 172
233 233 172
233 233 173
233 233 173
233 233 174
233 233 174
233 233 175
233 233 175
234 234 176
234 234 176
234 234 176
234 234 177
234 234 177
234 234 178
234 234 178
234 234 179
235 235 179
235 235 180
235 235 180
235 235 181
235 235 181
235 235 182
235 235 182
235 235 183
236 236 183
236 236 184
236 236 184
236 236 184
236 236 185
236 236 185
236 236 186
236 236 186
237 237 187
237 237 187
237 237 188
237 237 188
237 237 189
237 237 189
237 237 190
237 237 190
238 238 191
238 238 191
238 238 192
238 238 192
238 238 192
238 238 193
238 238 193
238 238 194
239 239 194
239 239 195
239 239 195
239 239 196
239 239 196
239 239 197
239 239 197
239 239 198
240 240 198
240 240 199
240 240 199
240 240 200
240 240 200
240 240 200
240 240 201
240 240 201
241 241 202
241 241 202
241 241 203
241 241 203
241 241 204
241 241 204
241 241 205
241 241 205
242 242 206
242 242 206
242 242 207
242 242 207
242 242 207
242 242 208
242 242 208
242 242 209
243 243 209
243 243 210
243 243 210
243 243 211
243 243 211
243 243 212
243 243 212
243 243 213
244 244 213
244 244 214
244 244 214
244 244 215
244 244 215
244 244 215
244 244 216
244 244 216
245 245 217
245 245 217
245 245 218
245 245 218
245 245 219
245 245 219
245 245 220
245 245 220
246 246 221
246 246 221
246 246 222
246 246 222
246 246 223
246 246 223
246 246 223
246 246 224
247 247 224
247 247 225
247 247 225
247 247 226
247 247 226
247 247 227
247 247 227
247 247 228
248 248 228
248 248 229
248 248 229
248 248 230
248 248 230
248 248 231
248 248 231
248 248 231
249 249 232
249 249 232
249 249 233
249 249 233
249 249 234
249 249 234
249 249 235
249 249 235
250 250 236
250 250 236
250 250 237
250 250 237
250 250 238
250 250 238
250 250 239
250 250 239
251 251 239
251 251 240
251 251 240
251 251 241
251 251 241
251 251 242
251 251 242
251 251 243
252 252 243
252 252 244
252 252 244
252 252 245
252 252 245
252 252 246
252 252 246
252 252 247
253 253 247
253 253 247
253 253 248
253 253 248
253 253 249
253 253 249
253 253 250
253 253 250
254 254 251
254 254 251
254 254 252
254 254 252
254 254 253
254 254 253
254 254 254
254 254 254
255 255 255
