255 0 36
255 0 36
255 0 35
255 0 34
255 0 34
255 0 33
255 0 33
255 0 32
255 0 31
255 0 31
255 0 30
255 0 30
255 0 29
255 0 28
255 0 28
255 0 27
255 0 27
255 0 26
255 0 25
255 0 25
255 0 24
255 0 24
255 0 23
255 0 22
255 0 22
255 0 21
255 0 21
255 0 20
255 0 19
255 0 19
255 0 18
255 0 18
255 0 17
255 0 16
255 0 16
255 0 15
255 0 15
255 0 14
255 0 13
255 0 13
255 0 12
255 0 12
255 0 11
255 0 11
255 0 10
255 0 9
255 0 9
255 0 8
255 0 8
255 0 7
255 0 6
255 0 6
255 0 5
255 0 5
255 0 4
255 0 3
255 0 3
255 0 2
255 0 2
255 0 1
255 0 0
255 0 0
255 0 0
255 0 0
255 1 0
255 2 0
255 2 0
255 3 0
255 3 0
255 4 0
255 5 0
255 5 0
255 6 0
255 7 0
255 7 0
255 8 0
255 8 0
255 9 0
255 10 0
255 10 0
255 11 0
255 11 0
255 12 0
255 13 0
255 13 0
255 14 0
255 14 0
255 15 0
255 16 0
255 16 0
255 17 0
255 17 0
255 18 0
255 19 0
255 19 0
255 20 0
255 20 0
255 21 0
255 22 0
255 22 0
255 23 0
255 23 0
255 24 0
255 25 0
255 25 0
255 26 0
255 27 0
255 27 0
255 28 0
255 28 0
255 29 0
255 30 0
255 30 0
255 31 0
255 31 0
255 32 0
255 33 0
255 33 0
255 34 0
255 34 0
255 35 0
255 36 0
255 36 0
255 37 0
255 37 0
255 38 0
255 39 0
255 39 0
255 40 0
255 40 0
255 41 0
255 42 0
255 42 0
255 43 0
255 43 0
255 44 0
255 45 0
255 45 0
255 46 0
255 47 0
255 47 0
255 48 0
255 48 0
255 49 0
255 50 0
255 50 0
255 51 0
255 51 0
255 52 0
255 53 0
255 53 0
255 54 0
255 54 0
255 55 0
255 56 0
255 56 0
255 57 0
255 57 0
255 58 0
255 59 0
255 59 0
255 60 0
255 60 0
255 61 0
255 62 0
255 62 0
255 63 0
255 63 0
255 64 0
255 65 0
255 65 0
255 66 0
255 67 0
255 67 0
255 68 0
255 68 0
255 69 0
255 70 0
255 70 0
255 71 0
255 71 0
255 72 0
255 73 0
255 73 0
255 74 0
255 74 0
255 75 0
255 76 0
255 76 0
255 77 0
255 77 0
255 78 0
255 79 0
255 79 0
255 80 0
255 80 0
255 81 0
255 82 0
255 82 0
255 83 0
255 83 0
255 84 0
255 85 0
255 85 0
255 86 0
255 87 0
255 87 0
255 88 0
255 88 0
255 89 0
255 90 0
255 90 0
255 91 0
255 91 0
255 92 0
255 93 0
255 93 0
255 94 0
255 94 0
255 95 0
255 96 0
255 96 0
255 97 0
255 97 0
255 98 0
255 99 0
255 99 0
255 100 0
255 100 0
255 101 0
255 102 0
255 102 0
255 103 0
255 103 0
255 104 0
255 105 0
255 105 0
255 106 0
255 107 0
255 107 0
255 108 0
255 108 0
255 109 0
255 110 0
255 110 0
255 111 0
255 111 0
255 112 0
255 113 0
255 113 0
255 114 0
255 114 0
255 115 0
255 116 0
255 116 0
255 117 0
255 117 0
255 118 0
255 119 0
255 119 0
255 120 0
255 120 0
255 121 0
255 122 0
255 122 0
255 123 0
255 123 0
255 124 0
255 125 0
255 125 0
255 126 0
255 127 0
255 127 0
255 128 0
255 128 0
255 129 0
255 130 0
255 130 0
255 131 0
255 131 0
255 132 0
255 133 0
255 133 0
255 134 0
255 134 0
255 135 0
255 136 0
255 136 0
255 137 0
255 137 0
255 138 0
255 139 0
255 139 0
255 140 0
255 140 0
255 141 0
255 142 0
255 142 0
255 143 0
255 143 0
255 144 0
255 145 0
255 145 0
255 146 0
255 147 0
255 147 0
255 148 0
255 148 0
255 149 0
255 150 0
255 150 0
255 151 0
255 151 0
255 152 0
255 153 0
255 153 0
255 154 0
255 154 0
255 155 0
255 156 0
255 156 0
255 157 0
255 157 0
255 158 0
255 159 0
255 159 0
255 160 0
255 160 0
255 161 0
255 162 0
255 162 0
255 163 0
255 163 0
255 164 0
255 165 0
255 165 0
255 166 0
255 167 0
255 167 0
255 168 0
255 168 0
255 169 0
255 170 0
255 170 0
255 171 0
255 171 0
255 172 0
255 173 0
255 173 0
255 174 0
255 174 0
255 175 0
255 176 0
255 176 0
255 177 0
255 177 0
255 178 0
255 179 0
255 179 0
255 180 0
255 180 0
255 181 0
255 182 0
255 182 0
255 183 0
255 183 0
255 184 0
255 185 0
255 185 0
255 186 0
255 187 0
255 187 0
255 188 0
255 188 0
255 189 0
255 190 0
255 190 0
255 191 0
255 191 0
255 192 0
255 193 0
255 193 0
255 194 0
255 194 0
255 195 0
255 196 0
255 196 0
255 197 0
255 197 0
255 198 0
255 199 0
255 199 0
255 200 0
255 200 0
255 201 0
255 202 0
255 202 0
255 203 0
255 203 0
255 204 0
255 205 0
255 205 0
255 206 0
255 207 0
255 207 0
255 208 0
255 208 0
255 209 0
255 210 0
255 210 0
255 211 0
255 211 0
255 212 0
255 213 0
255 213 0
255 214 0
255 214 0
255 215 0
255 216 0
255 216 0
255 217 0
255 217 0
255 218 0
255 219 0
255 219 0
255 220 0
255 220 0
255 221 0
255 222 0
255 222 0
255 223 0
255 223 0
255 224 0
255 225 0
255 225 0
255 226 0
255 227 0
255 227 0
255 228 0
255 228 0
255 229 0
254 229 0
253 229 0
253 229 0
252 229 0
251 229 0
251 229 0
250 229 0
249 229 0
249 229 0
248 229 0
247 229 0
246 229 0
246 229 0
245 229 0
244 229 0
244 229 0
243 229 0
242 229 0
242 229 0
241 229 0
240 229 0
240 229 0
239 229 0
238 229 0
238 229 0
237 229 0
236 229 0
236 229 0
235 229 0
234 229 0
234 229 0
233 229 0
232 229 0
232 229 0
231 229 0
230 229 0
230 229 0
229 229 0
228 229 0
228 229 0
227 229 0
226 229 0
226 229 0
225 229 0
224 229 0
224 229 0
223 229 0
222 229 0
222 229 0
221 229 0
220 229 0
220 229 0
219 229 0
218 229 0
218 229 0
217 229 0
216 229 0
216 229 0
215 229 0
214 229 0
213 229 0
213 229 0
212 229 0
211 229 0
211 229 0
210 229 0
209 229 0
209 229 0
208 229 0
207 229 0
207 229 0
206 229 0
205 229 0
205 229 0
204 229 0
203 229 0
203 229 0
202 229 0
201 229 0
201 229 0
200 229 0
199 229 0
199 229 0
198 229 0
197 229 0
197 229 0
196 229 0
195 229 0
195 229 0
194 229 0
193 229 0
193 229 0
192 229 0
191 229 0
191 229 0
190 229 0
189 229 0
189 229 0
188 229 0
187 229 0
187 229 0
186 229 0
185 229 0
185 229 0
184 229 0
183 229 0
183 229 0
182 229 0
181 229 0
181 229 0
180 229 0
179 229 0
178 229 0
178 229 0
177 229 0
176 229 0
176 229 0
175 229 0
174 229 0
174 229 0
173 229 0
172 229 0
172 229 0
171 229 0
170 229 0
170 229 0
169 229 0
168 229 0
168 229 0
167 229 0
166 229 0
166 229 0
165 229 0
164 229 0
164 229 0
163 229 0
162 229 0
162 229 0
161 229 0
160 229 0
160 229 0
159 229 0
158 229 0
158 229 0
157 229 0
156 229 0
156 229 0
155 229 0
154 229 0
154 229 0
153 229 0
152 229 0
152 229 0
151 229 0
150 229 0
150 229 0
149 229 0
148 229 0
148 229 0
147 229 0
146 229 0
145 229 0
145 229 0
144 229 0
143 229 0
143 229 0
142 229 0
141 229 0
141 229 0
140 229 0
139 229 0
139 229 0
138 229 0
137 229 0
137 229 0
136 229 0
135 229 0
135 229 0
134 229 0
133 229 0
133 229 0
132 229 0
131 229 0
131 229 0
130 229 0
129 229 0
129 229 0
128 229 0
127 229 0
127 229 0
126 229 0
125 229 0
125 229 0
124 229 0
123 229 0
123 229 0
122 229 0
121 229 0
121 229 0
120 229 0
119 229 0
119 229 0
118 229 0
117 229 0
117 229 0
116 229 0
115 229 0
115 229 0
114 229 0
113 229 0
112 229 0
112 229 0
111 229 0
110 229 0
110 229 0
109 229 0
108 229 0
108 229 0
107 229 0
106 229 0
106 229 0
105 229 0
104 229 0
104 229 0
103 229 0
102 229 0
102 229 0
101 229 0
100 229 0
100 229 0
99 229 0
98 229 0
98 229 0
97 229 0
96 229 0
96 229 0
95 229 0
94 229 0
94 229 0
93 229 0
92 229 0
92 229 0
91 229 0
90 229 0
90 229 0
89 229 0
88 229 0
88 229 0
87 229 0
86 229 0
86 229 0
85 229 0
84 229 0
84 229 0
83 229 0
82 229 0
82 229 0
81 229 0
80 229 0
79 229 0
79 229 0
78 229 0
77 229 0
77 229 0
76 229 0
75 229 0
75 229 0
74 229 0
73 229 0
73 229 0
72 229 0
71 229 0
71 229 0
70 229 0
69 229 0
69 229 0
68 229 0
67 229 0
67 229 0
66 229 0
65 229 0
65 229 0
64 229 0
63 229 0
63 229 0
62 229 0
61 229 0
61 229 0
60 229 0
59 229 0
59 229 0
58 229 0
57 229 0
57 229 0
56 229 0
55 229 0
55 229 0
54 229 0
53 229 0
53 229 0
52 229 0
51 229 0
51 229 0
50 229 0
49 229 0
49 229 0
48 229 0
47 229 0
47 229 0
46 229 0
45 229 0
44 229 0
44 229 0
43 229 0
42 229 0
42 229 0
41 229 0
40 229 0
40 229 0
39 229 0
38 229 0
38 229 0
37 229 0
36 229 0
36 229 0
35 229 0
34 229 0
34 229 0
33 229 0
32 229 0
32 229 0
31 229 0
30 229 0
30 229 0
29 229 0
28 229 0
28 229 0
27 229 0
26 229 0
26 229 0
25 229 0
24 229 0
24 229 0
23 229 0
22 229 0
22 229 0
21 229 0
20 229 0
20 229 0
19 229 0
18 229 0
18 229 0
17 229 0
16 229 0
16 229 0
15 229 0
14 229 0
14 229 0
13 229 0
12 229 0
11 229 0
11 229 0
10 229 0
9 229 0
9 229 0
8 229 0
7 229 0
7 229 0
6 229 0
5 229 0
5 229 0
4 229 0
3 229 0
3 229 0
2 229 0
1 229 0
1 229 0
0 229 0
0 229 0
0 229 0
0 229 1
0 229 1
0 229 2
0 229 3
0 229 3
0 229 4
0 229 4
0 229 5
0 229 6
0 229 6
0 229 7
0 229 7
0 229 8
0 229 9
0 229 9
0 229 10
0 229 10
0 229 11
0 229 12
0 229 12
0 229 13
0 229 13
0 229 14
0 229 15
0 229 15
0 229 16
0 229 16
0 229 17
0 229 18
0 229 18
0 229 19
0 229 20
0 229 20
0 229 21
0 229 21
0 229 22
0 229 23
0 229 23
0 229 24
0 229 24
0 229 25
0 229 26
0 229 26
0 229 27
0 229 27
0 229 28
0 229 29
0 229 29
0 229 30
0 229 30
0 229 31
0 229 32
0 229 32
0 229 33
0 229 33
0 229 34
0 229 35
0 229 35
0 229 36
0 229 36
0 229 37
0 229 38
0 229 38
0 229 39
0 229 39
0 229 40
0 229 41
0 229 41
0 229 42
0 229 42
0 229 43
0 229 44
0 229 44
0 229 45
0 229 45
0 229 46
0 229 47
0 229 47
0 229 48
0 229 48
0 229 49
0 229 50
0 229 50
0 229 51
0 229 51
0 229 52
0 229 53
0 229 53
0 229 54
0 229 54
0 229 55
0 229 56
0 229 56
0 229 57
0 229 57
0 229 58
0 229 59
0 229 59
0 229 60
0 229 61
0 229 61
0 229 62
0 229 62
0 229 63
0 229 64
0 229 64
0 229 65
0 229 65
0 229 66
0 229 67
0 229 67
0 229 68
0 229 68
0 229 69
0 229 70
0 229 70
0 229 71
0 229 71
0 229 72
0 229 73
0 229 73
0 229 74
0 229 74
0 229 75
0 229 76
0 229 76
0 229 77
0 229 77
0 229 78
0 229 79
0 229 79
0 229 80
0 229 80
0 229 81
0 229 82
0 229 82
0 229 83
0 229 83
0 229 84
0 229 85
0 229 85
0 229 86
0 229 86
0 229 87
0 229 88
0 229 88
0 229 89
0 229 89
0 229 90
0 229 91
0 229 91
0 229 92
0 229 92
0 229 93
0 229 94
0 229 94
0 229 95
0 229 95
0 229 96
0 229 97
0 229 97
0 229 98
0 229 98
0 229 99
0 229 100
0 229 100
0 229 101
0 229 101
0 229 102
0 229 103
0 229 103
0 229 104
0 229 105
0 229 105
0 229 106
0 229 106
0 229 107
0 229 108
0 229 108
0 229 109
0 229 109
0 229 110
0 229 111
0 229 111
0 229 112
0 229 112
0 229 113
0 229 114
0 229 114
0 229 115
0 229 115
0 229 116
0 229 117
0 229 117
0 229 118
0 229 118
0 229 119
0 229 120
0 229 120
0 229 121
0 229 121
0 229 122
0 229 123
0 229 123
0 229 124
0 229 124
0 229 125
0 229 126
0 229 126
0 229 127
0 229 127
0 229 128
0 229 129
0 229 129
0 229 130
0 229 130
0 229 131
0 229 132
0 229 132
0 229 133
0 229 133
0 229 134
0 229 135
0 229 135
0 229 136
0 229 136
0 229 137
0 229 138
0 229 138
0 229 139
0 229 139
0 229 140
0 229 141
0 229 141
0 229 142
0 229 142
0 229 143
0 229 144
0 229 144
0 229 145
0 229 145
0 229 146
0 229 147
0 229 147
0 229 148
0 229 149
0 229 149
0 229 150
0 229 150
0 229 151
0 229 152
0 229 152
0 229 153
0 229 153
0 229 154
0 229 155
0 229 155
0 229 156
0 229 156
0 229 157
0 229 158
0 229 158
0 229 159
0 229 159
0 229 160
0 229 161
0 229 161
0 229 162
0 229 162
0 229 163
0 229 164
0 229 164
0 229 165
0 229 165
0 229 166
0 229 167
0 229 167
0 229 168
0 229 168
0 229 169
0 229 170
0 229 170
0 229 171
0 229 171
0 229 172
0 229 173
0 229 173
0 229 174
0 229 174
0 229 175
0 229 176
0 229 176
0 229 177
0 229 177
0 229 178
0 229 179
0 229 179
0 229 180
0 229 180
0 229 181
0 229 182
0 229 182
0 229 183
0 229 183
0 229 184
0 229 185
0 229 185
0 229 186
0 229 186
0 229 187
0 229 188
0 229 188
0 229 189
0 229 189
0 229 190
0 229 191
0 229 191
0 229 192
0 229 193
0 229 193
0 229 194
0 229 194
0 229 195
0 229 196
0 229 196
0 229 197
0 229 197
0 229 198
0 229 199
0 229 199
0 229 200
0 229 200
0 229 201
0 229 202
0 229 202
0 229 203
0 229 203
0 229 204
0 229 205
0 229 205
0 229 206
0 229 206
0 229 207
0 229 208
0 229 208
0 229 209
0 229 209
0 229 210
0 229 211
0 229 211
0 229 212
0 229 212
0 229 213
0 229 214
0 229 214
0 229 215
0 229 215
0 229 216
0 229 217
0 229 217
0 229 218
0 229 218
0 229 219
0 229 220
0 229 220
0 229 221
0 229 221
0 229 222
0 229 223
0 229 223
0 229 224
0 229 224
0 229 225
0 229 226
0 229 226
0 229 227
0 229 227
0 229 228
0 229 229
0 229 229
0 228 229
0 228 229
0 227 229
0 226 229
0 226 229
0 225 229
0 224 229
0 224 229
0 223 229
0 223 229
0 222 229
0 221 229
0 221 229
0 220 229
0 220 229
0 219 229
0 218 229
0 218 229
0 217 229
0 217 229
0 216 229
0 215 229
0 215 229
0 214 229
0 213 229
0 213 229
0 212 229
0 212 229
0 211 229
0 210 229
0 210 229
0 209 229
0 209 229
0 208 229
0 207 229
0 207 229
0 206 229
0 206 229
0 205 229
0 204 229
0 204 229
0 203 229
0 203 229
0 202 229
0 201 229
0 201 229
0 200 229
0 199 229
0 199 229
0 198 229
0 198 229
0 197 229
0 196 229
0 196 229
0 195 229
0 195 229
0 194 229
0 193 229
0 193 229
0 192 229
0 192 229
0 191 229
0 190 229
0 190 229
0 189 229
0 189 229
0 188 229
0 187 229
0 187 229
0 186 229
0 185 229
0 185 229
0 184 229
0 184 229
0 183 229
0 182 229
0 182 229
0 181 229
0 181 229
0 180 229
0 179 229
0 179 229
0 178 229
0 178 229
0 177 229
0 176 229
0 176 229
0 175 229
0 174 229
0 174 229
0 173 229
0 173 229
0 172 229
0 171 229
0 171 229
0 170 229
0 170 229
0 169 229
0 168 229
0 168 229
0 167 229
0 167 229
0 166 229
0 165 229
0 165 229
0 164 229
0 164 229
0 163 229
0 162 229
0 162 229
0 161 229
0 160 229
0 160 229
0 159 229
0 159 229
0 158 229
0 157 229
0 157 229
0 156 229
0 156 229
0 155 229
0 154 229
0 154 229
0 153 229
0 153 229
0 152 229
0 151 229
0 151 229
0 150 229
0 150 229
0 149 229
0 148 229
0 148 229
0 147 229
0 146 229
0 146 229
0 145 229
0 145 229
0 144 229
0 143 229
0 143 229
0 142 229
0 142 229
0 141 229
0 140 229
0 140 229
0 139 229
0 139 229
0 138 229
0 137 229
0 137 229
0 136 229
0 135 229
0 135 229
0 134 229
0 134 229
0 133 229
0 132 229
0 132 229
0 131 229
0 131 229
0 130 229
0 129 229
0 129 229
0 128 229
0 128 229
0 127 229
0 126 229
0 126 229
0 125 229
0 125 229
0 124 229
0 123 229
0 123 229
0 122 229
0 121 229
0 121 229
0 120 229
0 120 229
0 119 229
0 118 229
0 118 229
0 117 229
0 117 229
0 116 229
0 115 229
0 115 229
0 114 229
0 114 229
0 113 229
0 112 229
0 112 229
0 111 229
0 111 229
0 110 229
0 109 229
0 109 229
0 108 229
0 107 229
0 107 229
0 106 229
0 106 229
0 105 229
0 104 229
0 104 229
0 103 229
0 103 229
0 102 229
0 101 229
0 101 229
0 100 229
0 100 229
0 99 229
0 98 229
0 98 229
0 97 229
0 96 229
0 96 229
0 95 229
0 95 229
0 94 229
0 93 229
0 93 229
0 92 229
0 92 229
0 91 229
0 90 229
0 90 229
0 89 229
0 89 229
0 88 229
0 87 229
0 87 229
0 86 229
0 86 229
0 85 229
0 84 229
0 84 229
0 83 229
0 82 229
0 82 229
0 81 229
0 81 229
0 80 229
0 79 229
0 79 229
0 78 229
0 78 229
0 77 229
0 76 229
0 76 229
0 75 229
0 75 229
0 74 229
0 73 229
0 73 229
0 72 229
0 72 229
0 71 229
0 70 229
0 70 229
0 69 229
0 68 229
0 68 229
0 67 229
0 67 229
0 66 229
0 65 229
0 65 229
0 64 229
0 64 229
0 63 229
0 62 229
0 62 229
0 61 229
0 61 229
0 60 229
0 59 229
0 59 229
0 58 229
0 58 229
0 57 229
0 56 229
0 56 229
0 55 229
0 54 229
0 54 229
0 53 229
0 53 229
0 52 229
0 51 229
0 51 229
0 50 229
0 50 229
0 49 229
0 48 229
0 48 229
0 47 229
0 47 229
0 46 229
0 45 229
0 45 229
0 44 229
0 43 229
0 43 229
0 42 229
0 42 229
0 41 229
0 40 229
0 40 229
0 39 229
0 39 229
0 38 229
0 37 229
0 37 229
0 36 229
0 36 229
0 35 229
0 34 229
0 34 229
0 33 229
0 33 229
0 32 229
0 31 229
0 31 229
0 30 229
0 29 229
0 29 229
0 28 229
0 28 229
0 27 229
0 26 229
0 26 229
0 25 229
0 25 229
0 24 229
0 23 229
0 23 229
0 22 229
0 22 229
0 21 229
0 20 229
0 20 229
0 19 229
0 19 229
0 18 229
0 17 229
0 17 229
0 16 229
0 15 229
0 15 229
0 14 229
0 14 229
0 13 229
0 12 229
0 12 229
0 11 229
0 11 229
0 10 229
0 9 229
0 9 229
0 8 229
0 8 229
0 7 229
0 6 229
0 6 229
0 5 229
0 4 229
0 4 229
0 3 229
0 3 229
0 2 229
0 1 229
0 1 229
0 0 229
0 0 229
0 0 229
1 0 229
1 0 229
2 0 229
3 0 229
3 0 229
4 0 229
5 0 229
5 0 229
6 0 229
7 0 229
7 0 229
8 0 229
9 0 229
10 0 229
10 0 229
11 0 229
12 0 229
12 0 229
13 0 229
14 0 229
14 0 229
15 0 229
16 0 229
16 0 229
17 0 229
18 0 229
18 0 229
19 0 229
20 0 229
20 0 229
21 0 229
22 0 229
22 0 229
23 0 229
24 0 229
24 0 229
25 0 229
26 0 229
26 0 229
27 0 229
28 0 229
28 0 229
29 0 229
30 0 229
31 0 229
31 0 229
32 0 229
33 0 229
33 0 229
34 0 229
35 0 229
35 0 229
36 0 229
37 0 229
37 0 229
38 0 229
39 0 229
39 0 229
40 0 229
41 0 229
41 0 229
42 0 229
43 0 229
43 0 229
44 0 229
45 0 229
45 0 229
46 0 229
47 0 229
47 0 229
48 0 229
49 0 229
49 0 229
50 0 229
51 0 229
52 0 229
52 0 229
53 0 229
54 0 229
54 0 229
55 0 229
56 0 229
56 0 229
57 0 229
58 0 229
58 0 229
59 0 229
60 0 229
60 0 229
61 0 229
62 0 229
62 0 229
63 0 229
64 0 229
64 0 229
65 0 229
66 0 229
66 0 229
67 0 229
68 0 229
68 0 229
69 0 229
70 0 229
70 0 229
71 0 229
72 0 229
72 0 229
73 0 229
74 0 229
75 0 229
75 0 229
76 0 229
77 0 229
77 0 229
78 0 229
79 0 229
79 0 229
80 0 229
81 0 229
81 0 229
82 0 229
83 0 229
83 0 229
84 0 229
85 0 229
85 0 229
86 0 229
87 0 229
87 0 229
88 0 229
89 0 229
89 0 229
90 0 229
91 0 229
91 0 229
92 0 229
93 0 229
93 0 229
94 0 229
95 0 229
96 0 229
96 0 229
97 0 229
98 0 229
98 0 229
99 0 229
100 0 229
100 0 229
101 0 229
102 0 229
102 0 229
103 0 229
104 0 229
104 0 229
105 0 229
106 0 229
106 0 229
107 0 229
108 0 229
108 0 229
109 0 229
110 0 229
110 0 229
111 0 229
112 0 229
112 0 229
113 0 229
114 0 229
114 0 229
115 0 229
116 0 229
116 0 229
117 0 229
118 0 229
119 0 229
119 0 229
120 0 229
121 0 229
121 0 229
122 0 229
123 0 229
123 0 229
124 0 229
125 0 229
125 0 229
126 0 229
127 0 229
127 0 229
128 0 229
129 0 229
129 0 229
130 0 229
131 0 229
131 0 229
132 0 229
133 0 229
133 0 229
134 0 229
135 0 229
135 0 229
136 0 229
137 0 229
137 0 229
138 0 229
139 0 229
140 0 229
140 0 229
141 0 229
142 0 229
142 0 229
143 0 229
144 0 229
144 0 229
145 0 229
146 0 229
146 0 229
147 0 229
148 0 229
148 0 229
149 0 229
150 0 229
150 0 229
151 0 229
152 0 229
152 0 229
153 0 229
154 0 229
154 0 229
155 0 229
156 0 229
156 0 229
157 0 229
158 0 229
158 0 229
159 0 229
160 0 229
161 0 229
161 0 229
162 0 229
163 0 229
163 0 229
164 0 229
165 0 229
165 0 229
166 0 229
167 0 229
167 0 229
168 0 229
169 0 229
169 0 229
170 0 229
171 0 229
171 0 229
172 0 229
173 0 229
173 0 229
174 0 229
175 0 229
175 0 229
176 0 229
177 0 229
177 0 229
178 0 229
179 0 229
179 0 229
180 0 229
181 0 229
181 0 229
182 0 229
183 0 229
184 0 229
184 0 229
185 0 229
186 0 229
186 0 229
187 0 229
188 0 229
188 0 229
189 0 229
190 0 229
190 0 229
191 0 229
192 0 229
192 0 229
193 0 229
194 0 229
194 0 229
195 0 229
196 0 229
196 0 229
197 0 229
198 0 229
198 0 229
199 0 229
200 0 229
200 0 229
201 0 229
202 0 229
202 0 229
203 0 229
204 0 229
205 0 229
205 0 229
206 0 229
207 0 229
207 0 229
208 0 229
209 0 229
209 0 229
210 0 229
211 0 229
211 0 229
212 0 229
213 0 229
213 0 229
214 0 229
215 0 229
215 0 229
216 0 229
217 0 229
217 0 229
218 0 229
219 0 229
219 0 229
220 0 229
221 0 229
221 0 229
222 0 229
223 0 229
223 0 229
224 0 229
225 0 229
225 0 229
226 0 229
227 0 229
228 0 229
228 0 229
229 0 229
230 0 229
230 0 229
231 0 229
232 0 229
232 0 229
233 0 229
234 0 229
234 0 229
235 0 229
236 0 229
236 0 229
237 0 229
238 0 229
238 0 229
239 0 229
240 0 229
240 0 229
241 0 229
242 0 229
242 0 229
243 0 229
244 0 229
244 0 229
245 0 229
246 0 229
246 0 229
247 0 229
248 0 229
249 0 229
249 0 229
250 0 229
251 0 229
251 0 229
252 0 229
253 0 229
253 0 229
254 0 229
255 0 229
255 0 228
255 0 228
255 0 227
255 0 226
255 0 226
255 0 225
255 0 225
255 0 224
255 0 223
255 0 223
255 0 222
255 0 222
255 0 221
255 0 220
255 0 220
255 0 219
255 0 219
255 0 218
255 0 217
255 0 217
255 0 216
255 0 215
255 0 215
255 0 214
255 0 214
255 0 213
255 0 212
255 0 212
255 0 211
255 0 211
255 0 210
255 0 209
255 0 209
255 0 208
255 0 208
255 0 207
255 0 206
255 0 206
255 0 205
255 0 205
255 0 204
255 0 203
255 0 203
255 0 202
255 0 201
255 0 201
255 0 200
255 0 200
255 0 199
255 0 198
255 0 198
255 0 197
255 0 197
255 0 196
255 0 195
255 0 195
255 0 194
255 0 194
255 0 193
255 0 192
255 0 192
255 0 191
255 0 191
255 0 190
255 0 189
255 0 189
255 0 188
255 0 187
255 0 187
255 0 186
255 0 186
255 0 185
255 0 184
255 0 184
255 0 183
255 0 183
255 0 182
255 0 181
255 0 181
255 0 180
255 0 180
255 0 179
255 0 178
255 0 178
255 0 177
255 0 176
255 0 176
255 0 175
255 0 175
255 0 174
255 0 173
255 0 173
255 0 172
255 0 172
