247 226 216
246 226 215
246 226 215
246 226 215
246 226 215
246 226 215
246 226 215
246 226 215
246 226 215
246 226 215
246 226 215
246 226 215
245 226 215
245 226 215
245 226 214
245 226 214
245 226 214
245 226 214
245 226 214
245 226 214
245 226 214
245 226 214
245 226 214
244 226 214
244 226 214
244 226 214
244 225 214
244 225 214
244 225 213
244 225 213
244 225 213
244 225 213
244 225 213
244 225 213
243 225 213
243 225 213
243 225 213
243 225 213
243 225 213
243 225 213
243 225 213
243 225 212
243 225 212
243 225 212
243 225 212
242 225 212
242 225 212
242 225 212
242 225 212
242 225 212
242 225 212
242 225 212
242 225 212
242 225 212
242 225 212
242 225 211
241 225 211
241 224 211
241 224 211
241 224 211
241 224 211
241 224 211
241 224 211
241 224 211
241 224 211
241 224 211
241 224 211
240 224 211
240 224 210
240 224 210
240 224 210
240 224 210
240 224 210
240 224 210
240 224 210
240 224 210
240 224 210
240 224 210
239 224 210
239 224 210
239 224 210
239 224 210
239 224 209
239 224 209
239 224 209
239 224 209
239 224 209
239 224 209
239 224 209
239 223 209
238 223 209
238 223 209
238 223 209
238 223 209
238 223 209
238 223 208
238 223 208
238 223 208
238 223 208
238 223 208
238 223 208
237 223 208
237 223 208
237 223 208
237 223 208
237 223 208
237 223 208
237 223 208
237 223 208
237 223 207
237 223 207
237 223 207
236 223 207
236 223 207
236 223 207
236 223 207
236 223 207
236 223 207
236 223 207
236 223 207
236 223 207
236 222 207
236 222 206
235 222 206
235 222 206
235 222 206
235 222 206
235 222 206
235 222 206
235 222 206
235 222 206
235 222 206
235 222 206
235 222 206
234 222 206
234 222 206
234 222 205
234 222 205
234 222 205
234 222 205
234 222 205
234 222 205
234 222 205
234 222 205
234 222 205
233 222 205
233 222 205
233 222 205
233 222 205
233 222 204
233 222 204
233 222 204
233 221 204
233 221 204
233 221 204
233 221 204
232 221 204
232 221 204
232 221 204
232 221 204
232 221 204
232 221 204
232 221 204
232 221 203
232 221 203
232 221 203
232 221 203
231 221 203
231 221 203
231 221 203
231 221 203
231 221 203
231 221 203
231 221 203
231 221 203
231 221 203
231 221 202
231 221 202
231 221 202
230 221 202
230 221 202
230 221 202
230 221 202
230 221 202
230 220 202
230 220 202
230 220 202
230 220 202
230 220 202
230 220 202
229 220 201
229 220 201
229 220 201
229 220 201
229 220 201
229 220 201
229 220 201
229 220 201
229 220 201
229 220 201
229 220 201
228 220 201
228 220 201
228 220 201
228 220 200
228 220 200
228 220 200
228 220 200
228 220 200
228 220 200
228 220 200
228 220 200
227 220 200
227 220 200
227 220 200
227 219 200
227 219 200
227 219 199
227 219 199
227 219 199
227 219 199
227 219 199
227 219 199
226 219 199
226 219 199
226 219 199
226 219 199
226 219 199
226 219 199
226 219 199
226 219 199
226 219 198
226 219 198
226 219 198
225 219 198
225 219 198
225 219 198
225 219 198
225 219 198
225 219 198
225 219 198
225 219 198
225 219 198
225 219 198
225 219 197
224 219 197
224 219 197
224 218 197
224 218 197
224 218 197
224 218 197
224 218 197
224 218 197
224 218 197
224 218 197
224 218 197
223 218 197
223 218 197
223 218 196
223 218 196
223 218 196
223 218 196
223 218 196
223 218 196
223 218 196
223 218 196
223 218 196
223 218 196
223 218 196
222 218 196
222 218 196
222 218 195
222 218 195
222 218 195
222 218 195
222 218 195
222 218 195
222 218 195
222 218 195
222 218 195
222 218 195
222 217 195
221 217 195
221 217 195
221 217 194
221 217 194
221 217 194
221 217 194
221 217 194
221 217 194
221 217 194
221 217 194
221 217 194
221 217 194
221 217 194
220 217 194
220 217 193
220 217 193
220 217 193
220 217 193
220 217 193
220 217 193
220 217 193
220 217 193
220 217 193
220 217 193
220 217 193
220 217 193
219 217 193
219 217 192
219 217 192
219 217 192
219 217 192
219 217 192
219 217 192
219 217 192
219 217 192
219 216 192
219 216 192
219 216 192
218 216 192
218 216 192
218 216 191
218 216 191
218 216 191
218 216 191
218 216 191
218 216 191
218 216 191
218 216 191
218 216 191
218 216 191
218 216 191
217 216 191
217 216 191
217 216 190
217 216 190
217 216 190
217 216 190
217 216 190
217 216 190
217 216 190
217 216 190
217 216 190
217 216 190
217 216 190
216 216 190
216 216 190
216 216 189
216 216 189
216 216 189
216 216 189
216 215 189
216 215 189
216 215 189
216 215 189
216 215 189
216 215 189
216 215 189
215 215 189
215 215 189
215 215 188
215 215 188
215 215 188
215 215 188
215 215 188
215 215 188
215 215 188
215 215 188
215 215 188
215 215 188
215 215 188
214 215 188
214 215 188
214 215 187
214 215 187
214 215 187
214 215 187
214 215 187
214 215 187
214 215 187
214 215 187
214 215 187
214 215 187
213 215 187
213 215 187
213 215 187
213 215 186
213 214 186
213 214 186
213 214 186
213 214 186
213 214 186
213 214 186
213 214 186
213 214 186
213 214 186
212 214 186
212 214 186
212 214 186
212 214 185
212 214 185
212 214 185
212 214 185
212 214 185
212 214 185
212 214 185
212 214 185
212 214 185
212 214 185
211 214 185
211 214 185
211 214 185
211 214 184
211 214 184
211 214 184
211 214 184
211 214 184
211 214 184
211 214 184
211 214 184
211 214 184
211 214 184
210 213 184
210 213 184
210 213 184
210 213 183
210 213 183
210 213 183
210 213 183
210 213 183
210 213 183
210 213 183
210 213 183
210 213 183
209 213 183
209 213 183
209 213 183
209 213 183
209 213 182
209 213 182
209 213 182
209 213 182
209 213 182
209 213 182
209 213 182
209 213 182
209 213 182
208 213 182
208 213 182
208 213 182
208 213 182
208 213 181
208 213 181
208 213 181
208 213 181
208 213 181
208 213 181
208 213 181
208 212 181
208 212 181
207 212 181
207 212 181
207 212 181
207 212 180
207 212 180
207 212 180
207 212 180
207 212 180
207 212 180
207 212 180
207 212 180
207 212 180
207 212 180
206 212 180
206 212 180
206 212 180
206 212 179
206 212 179
206 212 179
206 212 179
206 212 179
206 212 179
206 212 179
206 212 179
206 212 179
206 212 179
205 212 179
205 212 179
205 212 179
205 212 178
205 212 178
205 212 178
205 212 178
205 211 178
205 211 178
205 211 178
205 211 178
205 211 178
204 211 178
204 211 178
204 211 178
204 211 178
204 211 177
204 211 177
204 211 177
204 211 177
204 211 177
204 211 177
204 211 177
204 211 177
204 211 177
203 211 177
203 211 177
203 211 177
203 211 177
203 211 177
203 211 177
203 211 176
202 211 176
202 211 176
202 211 176
202 210 176
202 210 176
202 210 176
202 210 176
201 210 176
201 210 176
201 210 176
201 210 176
201 210 176
201 210 176
201 210 176
201 210 176
200 210 176
200 210 175
200 210 175
200 210 175
200 210 175
200 210 175
200 210 175
199 210 175
199 210 175
199 209 175
199 209 175
199 209 175
199 209 175
199 209 175
198 209 175
198 209 175
198 209 175
198 209 175
198 209 175
198 209 174
198 209 174
197 209 174
197 209 174
197 209 174
197 209 174
197 209 174
197 209 174
197 209 174
196 209 174
196 208 174
196 208 174
196 208 174
196 208 174
196 208 174
196 208 174
195 208 174
195 208 174
195 208 173
195 208 173
195 208 173
195 208 173
195 208 173
194 208 173
194 208 173
194 208 173
194 208 173
194 208 173
194 208 173
194 208 173
193 207 173
193 207 173
193 207 173
193 207 173
193 207 173
193 207 173
193 207 172
192 207 172
192 207 172
192 207 172
192 207 172
192 207 172
192 207 172
192 207 172
192 207 172
191 207 172
191 207 172
191 207 172
191 207 172
191 207 172
191 207 172
191 206 172
190 206 172
190 206 171
190 206 171
190 206 171
190 206 171
190 206 171
190 206 171
189 206 171
189 206 171
189 206 171
189 206 171
189 206 171
189 206 171
189 206 171
188 206 171
188 206 171
188 206 171
188 206 171
188 206 171
188 205 170
188 205 170
187 205 170
187 205 170
187 205 170
187 205 170
187 205 170
187 205 170
187 205 170
186 205 170
186 205 170
186 205 170
186 205 170
186 205 170
186 205 170
186 205 170
185 205 170
185 205 170
185 205 169
185 205 169
185 204 169
185 204 169
185 204 169
184 204 169
184 204 169
184 204 169
184 204 169
184 204 169
184 204 169
184 204 169
183 204 169
183 204 169
183 204 169
183 204 169
183 204 169
183 204 169
183 204 168
183 204 168
182 204 168
182 204 168
182 204 168
182 203 168
182 203 168
182 203 168
182 203 168
181 203 168
181 203 168
181 203 168
181 203 168
181 203 168
181 203 168
181 203 168
180 203 168
180 203 168
180 203 167
180 203 167
180 203 167
180 203 167
180 203 167
179 203 167
179 203 167
179 202 167
179 202 167
179 202 167
179 202 167
179 202 167
178 202 167
178 202 167
178 202 167
178 202 167
178 202 167
178 202 166
178 202 166
177 202 166
177 202 166
177 202 166
177 202 166
177 202 166
177 202 166
177 202 166
176 202 166
176 201 166
176 201 166
176 201 166
176 201 166
176 201 166
176 201 166
175 201 166
175 201 166
175 201 165
175 201 165
175 201 165
175 201 165
175 201 165
174 201 165
174 201 165
174 201 165
174 201 165
174 201 165
174 201 165
174 201 165
173 200 165
173 200 165
173 200 165
173 200 165
173 200 165
173 200 165
173 200 164
173 200 164
172 200 164
172 200 164
172 200 164
172 200 164
172 200 164
172 200 164
172 200 164
171 200 164
171 200 164
171 200 164
171 200 164
171 200 164
171 200 164
171 199 164
170 199 164
170 199 164
170 199 163
170 199 163
170 199 163
170 199 163
170 199 163
169 199 163
169 199 163
169 199 163
169 199 163
169 199 163
169 199 163
169 199 163
168 199 163
168 199 163
168 199 163
168 199 163
168 199 163
168 198 162
168 198 162
167 198 162
167 198 162
167 198 163
167 198 163
167 198 163
167 198 163
166 198 163
166 198 163
166 198 163
166 198 163
166 198 163
165 198 163
165 198 163
165 198 163
165 198 163
165 197 163
165 197 163
164 197 163
164 197 163
164 197 163
164 197 163
164 197 164
164 197 164
163 197 164
163 197 164
163 197 164
163 197 164
163 197 164
163 197 164
162 197 164
162 197 164
162 197 164
162 196 164
162 196 164
161 196 164
161 196 164
161 196 164
161 196 164
161 196 164
161 196 164
160 196 165
160 196 165
160 196 165
160 196 165
160 196 165
160 196 165
159 196 165
159 196 165
159 196 165
159 195 165
159 195 165
158 195 165
158 195 165
158 195 165
158 195 165
158 195 165
158 195 165
157 195 165
157 195 165
157 195 166
157 195 166
157 195 166
157 195 166
156 195 166
156 195 166
156 194 166
156 194 166
156 194 166
155 194 166
155 194 166
155 194 166
155 194 166
155 194 166
155 194 166
154 194 166
154 194 166
154 194 166
154 194 166
154 194 167
154 194 167
153 194 167
153 194 167
153 193 167
153 193 167
153 193 167
152 193 167
152 193 167
152 193 167
152 193 167
152 193 167
152 193 167
151 193 167
151 193 167
151 193 167
151 193 167
151 193 167
151 193 167
150 193 168
150 193 168
150 192 168
150 192 168
150 192 168
149 192 168
149 192 168
149 192 168
149 192 168
149 192 168
149 192 168
148 192 168
148 192 168
148 192 168
148 192 168
148 192 168
148 192 168
147 192 168
147 192 168
147 191 169
147 191 169
147 191 169
147 191 169
146 191 169
146 191 169
146 191 169
146 191 169
146 191 169
145 191 169
145 191 169
145 191 169
145 191 169
145 191 169
145 191 169
144 191 169
144 190 169
144 190 169
144 190 169
144 190 170
144 190 170
143 190 170
143 190 170
143 190 170
143 190 170
143 190 170
142 190 170
142 190 170
142 190 170
142 190 170
142 190 170
142 190 170
141 190 170
141 189 170
141 189 170
141 189 170
141 189 170
141 189 170
140 189 171
140 189 171
140 189 171
140 189 171
140 189 171
139 189 171
139 189 171
139 189 171
139 189 171
139 189 171
139 189 171
138 189 171
138 188 171
138 188 171
138 188 171
138 188 171
138 188 171
137 188 171
137 188 171
137 188 172
137 188 172
137 188 172
136 188 172
136 188 172
136 188 172
136 188 172
136 188 172
136 188 172
135 187 172
135 187 172
135 187 172
135 187 172
135 187 172
135 187 172
134 187 172
134 187 172
134 187 172
134 187 172
134 187 173
133 187 173
133 187 173
133 187 173
133 187 173
133 187 173
133 187 173
132 186 173
132 186 173
132 186 173
132 186 173
132 186 173
132 186 173
131 186 173
131 186 173
131 186 173
131 186 173
131 186 173
131 186 173
130 186 174
130 186 174
130 186 174
130 186 174
130 186 174
129 185 174
129 185 174
129 185 174
129 185 174
129 185 174
129 185 174
128 185 174
128 185 174
128 185 174
128 185 174
128 185 174
128 185 174
127 185 174
127 185 175
127 185 175
127 185 175
127 185 175
126 184 175
126 184 175
126 184 175
126 184 175
126 184 175
126 184 175
125 184 175
125 184 175
125 184 175
125 184 175
125 184 175
125 184 175
124 184 175
124 184 175
124 184 175
124 184 176
124 183 176
123 183 176
123 183 176
123 183 176
123 183 176
123 183 176
123 183 176
122 183 176
122 183 176
122 183 176
122 183 176
122 183 176
122 183 176
121 183 176
121 182 176
121 182 176
121 182 176
121 182 176
120 182 177
120 182 177
120 182 177
120 182 177
120 182 177
120 182 177
119 182 177
119 181 177
119 181 177
119 181 177
119 181 177
119 181 177
118 181 177
118 181 177
118 181 177
118 181 177
118 181 177
117 181 177
117 181 177
117 180 178
117 180 178
117 180 178
117 180 178
116 180 178
116 180 178
116 180 178
116 180 178
116 180 178
116 180 178
115 180 178
115 179 178
115 179 178
115 179 178
115 179 178
114 179 178
114 179 178
114 179 178
114 179 178
114 179 179
114 179 179
113 179 179
113 178 179
113 178 179
113 178 179
113 178 179
113 178 179
112 178 179
112 178 179
112 178 179
112 178 179
112 178 179
112 178 179
111 178 179
111 177 179
111 177 179
111 177 179
111 177 179
110 177 180
110 177 180
110 177 180
110 177 180
110 177 180
110 177 180
109 177 180
109 176 180
109 176 180
109 176 180
109 176 180
109 176 180
108 176 180
108 176 180
108 176 180
108 176 180
108 176 180
107 176 180
107 175 180
107 175 181
107 175 181
107 175 181
107 175 181
106 175 181
106 175 181
106 175 181
106 175 181
106 175 181
106 175 181
105 175 181
105 174 181
105 174 181
105 174 181
105 174 181
104 174 181
104 174 181
104 174 181
104 174 181
104 174 182
104 174 182
103 174 182
103 173 182
103 173 182
103 173 182
103 173 182
103 173 182
102 173 182
102 173 182
102 173 182
102 173 182
102 173 182
101 173 182
101 173 182
101 172 182
101 172 182
101 172 182
101 172 182
100 172 183
100 172 183
100 172 183
100 172 183
100 172 183
100 172 183
99 172 183
99 171 183
99 171 183
99 171 183
99 171 183
98 171 183
98 171 183
98 171 183
98 171 183
98 171 183
98 171 183
97 171 183
97 170 183
97 170 184
97 170 184
97 170 184
97 170 184
96 170 184
96 170 184
96 170 184
96 170 184
96 170 184
96 170 184
95 170 184
95 169 184
95 169 184
95 169 184
95 169 184
94 169 184
94 169 184
94 169 184
94 169 184
94 169 185
94 169 185
93 169 185
93 168 185
93 168 185
93 168 185
93 168 185
93 168 185
92 168 185
92 168 185
92 168 185
92 168 185
92 168 185
91 168 185
91 167 185
91 167 185
91 167 185
91 167 185
91 167 185
90 167 186
90 167 186
90 167 186
90 167 186
90 167 186
90 167 186
89 167 186
89 166 186
89 166 186
89 166 186
89 166 186
88 166 186
88 166 186
88 166 186
88 166 186
88 166 186
88 166 186
87 166 186
87 165 186
87 165 187
87 165 187
87 165 187
87 165 187
86 165 187
86 165 187
86 165 187
86 165 187
86 165 187
85 165 187
85 165 187
85 164 187
85 164 187
85 164 187
85 164 187
84 164 187
84 164 187
84 164 187
84 164 187
84 164 188
84 164 188
83 164 188
83 163 188
83 163 188
83 163 188
83 163 188
82 163 188
82 163 188
82 163 188
82 163 188
82 163 188
82 163 188
81 163 188
81 162 188
81 162 188
81 162 188
81 162 188
81 162 188
80 162 189
80 162 189
80 162 189
80 162 189
80 162 189
80 162 189
79 162 189
79 161 189
79 161 189
79 161 189
79 161 189
78 161 189
78 161 189
78 161 189
78 161 189
78 161 189
78 161 189
77 161 189
77 160 189
77 160 189
77 160 189
77 160 189
77 160 189
77 160 189
76 160 189
76 159 189
76 159 189
76 159 189
76 159 189
76 159 188
76 159 188
75 159 188
75 158 188
75 158 188
75 158 188
75 158 188
75 158 188
75 158 188
75 158 188
74 157 188
74 157 188
74 157 188
74 157 188
74 157 187
74 157 187
74 157 187
73 157 187
73 156 187
73 156 187
73 156 187
73 156 187
73 156 187
73 156 187
72 156 187
72 155 187
72 155 187
72 155 186
72 155 186
72 155 186
72 155 186
72 155 186
71 154 186
71 154 186
71 154 186
71 154 186
71 154 186
71 154 186
71 154 186
70 154 186
70 153 186
70 153 185
70 153 185
70 153 185
70 153 185
70 153 185
69 153 185
69 152 185
69 152 185
69 152 185
69 152 185
69 152 185
69 152 185
69 152 185
68 151 184
68 151 184
68 151 184
68 151 184
68 151 184
68 151 184
68 151 184
67 151 184
67 150 184
67 150 184
67 150 184
67 150 184
67 150 184
67 150 184
66 150 183
66 149 183
66 149 183
66 149 183
66 149 183
66 149 183
66 149 183
66 149 183
65 148 183
65 148 183
65 148 183
65 148 183
65 148 183
65 148 182
65 148 182
64 147 182
64 147 182
64 147 182
64 147 182
64 147 182
64 147 182
64 147 182
63 147 182
63 146 182
63 146 182
63 146 182
63 146 182
63 146 181
63 146 181
63 146 181
62 145 181
62 145 181
62 145 181
62 145 181
62 145 181
62 145 181
62 145 181
61 144 181
61 144 181
61 144 181
61 144 180
61 144 180
61 144 180
61 144 180
60 144 180
60 143 180
60 143 180
60 143 180
60 143 180
60 143 180
60 143 180
59 143 180
59 142 180
59 142 180
59 142 179
59 142 179
59 142 179
59 142 179
59 142 179
58 141 179
58 141 179
58 141 179
58 141 179
58 141 179
58 141 179
58 141 179
57 140 179
57 140 178
57 140 178
57 140 178
57 140 178
57 140 178
57 140 178
56 140 178
56 139 178
56 139 178
56 139 178
56 139 178
56 139 178
56 139 178
56 139 178
55 138 177
55 138 177
55 138 177
55 138 177
55 138 177
55 138 177
55 138 177
54 137 177
54 137 177
54 137 177
54 137 177
54 137 177
54 137 177
54 137 177
53 137 176
53 136 176
53 136 176
53 136 176
53 136 176
53 136 176
53 136 176
53 136 176
52 135 176
52 135 176
52 135 176
52 135 176
52 135 176
52 135 175
52 135 175
51 134 175
51 134 175
51 134 175
51 134 175
51 134 175
51 134 175
51 134 175
50 133 175
50 133 175
50 133 175
50 133 175
50 133 175
50 133 174
50 133 174
50 133 174
49 132 174
49 132 174
49 132 174
49 132 174
49 132 174
49 132 174
49 132 174
48 131 174
48 131 174
48 131 174
48 131 173
48 131 173
48 131 173
48 131 173
47 130 173
47 130 173
47 130 173
47 130 173
47 130 173
47 130 173
47 130 173
47 130 173
46 129 173
46 129 173
46 129 172
46 129 172
46 129 172
46 129 172
46 129 172
45 128 172
45 128 172
45 128 172
45 128 172
45 128 172
45 128 172
45 128 172
44 127 172
44 127 171
44 127 171
44 127 171
44 127 171
44 127 171
44 127 171
43 126 171
43 126 171
43 126 171
43 126 171
43 126 171
43 126 171
43 126 171
43 126 171
42 125 170
42 125 170
42 125 170
42 125 170
42 125 170
42 125 170
42 125 170
41 125 170
41 124 170
41 124 170
41 124 170
41 124 170
41 124 170
41 124 170
40 124 170
40 124 170
40 123 169
40 123 169
40 123 169
40 123 169
40 123 169
40 123 169
39 123 169
39 122 169
39 122 169
39 122 169
39 122 169
39 122 169
39 122 169
38 122 169
38 122 169
38 121 168
38 121 168
38 121 168
38 121 168
38 121 168
37 121 168
37 121 168
37 121 168
37 120 168
37 120 168
37 120 168
37 120 168
37 120 168
36 120 168
36 120 168
36 120 168
36 119 167
36 119 167
36 119 167
36 119 167
35 119 167
35 119 167
35 119 167
35 119 167
35 118 167
35 118 167
35 118 167
34 118 167
34 118 167
34 118 167
34 118 167
34 118 167
34 117 166
34 117 166
34 117 166
33 117 166
33 117 166
33 117 166
33 117 166
33 117 166
33 116 166
33 116 166
32 116 166
32 116 166
32 116 166
32 116 166
32 116 166
32 116 166
32 115 165
31 115 165
31 115 165
31 115 165
31 115 165
31 115 165
31 115 165
31 115 165
30 114 165
30 114 165
30 114 165
30 114 165
30 114 165
30 114 165
30 114 165
30 114 165
29 113 164
29 113 164
29 113 164
29 113 164
29 113 164
29 113 164
29 113 164
28 112 164
28 112 164
28 112 164
28 112 164
28 112 164
28 112 164
28 112 164
27 112 164
27 111 163
27 111 163
27 111 163
27 111 163
27 111 163
27 111 163
27 111 163
26 111 163
26 110 163
26 110 163
26 110 163
26 110 163
26 110 163
26 110 163
25 110 163
25 110 163
25 109 162
25 109 162
25 109 162
25 109 162
25 109 162
24 109 162
24 109 162
24 109 162
24 108 162
24 108 162
24 108 162
24 108 162
24 108 162
23 108 162
23 108 162
23 108 162
23 107 161
23 107 161
23 107 161
23 107 161
22 107 161
22 107 161
22 107 161
22 107 161
22 106 161
22 106 161
22 106 161
21 106 161
21 106 161
21 106 161
21 106 161
21 106 161
21 105 160
21 105 160
21 105 160
20 105 160
20 105 160
20 105 160
20 105 160
20 105 160
20 104 160
20 104 160
19 104 160
19 104 160
19 104 160
19 104 160
19 104 160
19 103 159
19 103 159
18 103 159
18 103 159
18 103 159
18 103 159
18 103 159
18 103 159
18 102 159
18 102 159
17 102 159
17 102 159
17 102 159
17 102 159
17 102 159
17 102 159
17 101 158
16 101 158
16 101 158
16 101 158
16 101 158
16 101 158
16 101 158
16 101 158
15 100 158
15 100 158
15 100 158
15 100 158
15 100 158
15 100 158
15 100 158
14 100 158
14 99 157
14 99 157
14 99 157
14 99 157
14 99 157
14 99 157
14 99 157
13 99 157
13 98 157
13 98 157
13 98 157
13 98 157
13 98 157
13 98 157
12 98 157
12 98 157
12 97 156
12 97 156
12 97 156
12 97 156
12 97 156
11 97 156
11 97 156
11 97 156
11 96 156
11 96 156
11 96 156
11 96 156
11 96 156
10 96 156
10 96 156
10 96 156
10 95 155
10 95 155
10 95 155
10 95 155
9 95 155
9 95 155
9 95 155
9 95 155
9 94 155
9 94 155
9 94 155
8 94 155
8 94 155
8 94 155
8 94 155
8 93 154
8 93 154
8 93 154
8 93 154
8 93 154
8 93 154
8 93 154
8 93 154
8 92 154
8 92 153
8 92 153
8 92 153
8 92 153
8 92 153
8 92 153
8 91 153
8 91 152
8 91 152
8 91 152
8 91 152
8 91 152
8 91 152
8 90 151
8 90 151
8 90 151
8 90 151
8 90 151
8 90 151
8 90 151
8 89 150
8 89 150
8 89 150
8 89 150
8 89 150
8 89 150
8 89 149
8 88 149
8 88 149
8 88 149
8 88 149
8 88 149
8 88 149
8 88 148
8 87 148
8 87 148
8 87 148
8 87 148
8 87 148
8 87 148
8 87 147
8 87 147
8 86 147
8 86 147
8 86 147
8 86 147
8 86 146
8 86 146
8 86 146
8 85 146
8 85 146
8 85 146
8 85 146
8 85 145
8 85 145
8 85 145
8 84 145
8 84 145
8 84 145
8 84 144
8 84 144
8 84 144
8 84 144
8 83 144
8 83 144
8 83 144
8 83 143
8 83 143
8 83 143
8 83 143
8 82 143
8 82 143
8 82 143
8 82 142
8 82 142
8 82 142
8 82 142
8 81 142
8 81 142
8 81 141
8 81 141
8 81 141
8 81 141
8 81 141
8 80 141
8 80 141
8 80 140
8 80 140
8 80 140
8 80 140
8 80 140
8 79 140
8 79 139
8 79 139
8 79 139
8 79 139
8 79 139
8 79 139
8 78 139
8 78 138
8 78 138
8 78 138
8 78 138
8 78 138
8 78 138
8 78 138
8 77 137
8 77 137
8 77 137
8 77 137
8 77 137
8 77 137
8 77 136
8 76 136
8 76 136
8 76 136
8 76 136
8 76 136
8 76 136
8 76 135
8 75 135
8 75 135
8 75 135
8 75 135
8 75 135
8 75 135
8 75 134
8 74 134
8 74 134
8 74 134
8 74 134
8 74 134
8 74 133
8 74 133
8 73 133
8 73 133
8 73 133
8 73 133
8 73 133
8 73 132
8 73 132
8 72 132
8 72 132
8 72 132
8 72 132
8 72 131
8 72 131
8 72 131
8 71 131
8 71 131
8 71 131
8 71 131
8 71 130
8 71 130
8 71 130
8 70 130
8 70 130
8 70 130
8 70 130
8 70 129
8 70 129
8 70 129
8 69 129
8 69 129
8 69 129
8 69 128
8 69 128
8 69 128
8 69 128
8 68 128
8 68 128
8 68 128
8 68 127
8 68 127
8 68 127
8 68 127
8 68 127
8 67 127
8 67 126
8 67 126
8 67 126
8 67 126
8 67 126
8 67 126
8 66 126
8 66 125
8 66 125
8 66 125
8 66 125
8 66 125
8 66 125
8 65 125
8 65 124
8 65 124
8 65 124
8 65 124
8 65 124
8 65 124
8 64 123
8 64 123
8 64 123
8 64 123
8 64 123
8 64 123
8 64 123
8 63 122
8 63 122
8 63 122
8 63 122
8 63 122
8 63 122
8 63 121
8 62 121
8 62 121
8 62 121
8 62 121
8 62 121
8 62 121
8 62 120
8 61 120
8 61 120
8 61 120
8 61 120
8 61 120
8 61 120
8 61 119
8 60 119
8 60 119
8 60 119
8 60 119
8 60 119
8 60 118
8 60 118
8 59 118
8 59 118
8 59 118
8 59 118
8 59 118
8 59 117
8 59 117
8 59 117
8 58 117
8 58 117
8 58 117
8 58 117
8 58 116
8 58 116
8 58 116
8 57 116
8 57 116
8 57 116
