0 0 0
5 0 0
7 0 1
9 0 2
11 0 3
12 0 3
13 0 4
14 0 5
15 0 6
16 0 7
17 0 7
18 0 8
19 0 9
20 0 10
21 0 10
21 0 11
22 0 12
23 0 13
23 0 14
24 0 14
25 0 15
25 0 16
26 0 17
27 0 17
27 0 18
28 0 19
28 0 20
29 0 21
29 0 21
30 0 22
30 0 23
31 0 24
31 0 25
32 0 25
32 0 26
33 0 27
33 0 28
34 0 28
34 0 29
35 0 30
35 0 31
36 0 32
36 0 32
36 0 33
37 0 34
37 0 35
38 0 35
38 0 36
39 0 37
39 0 38
39 0 38
40 0 39
40 0 40
41 0 41
41 0 42
41 0 42
42 0 43
42 0 44
42 0 45
43 0 45
43 0 46
44 0 47
44 0 48
44 0 49
45 0 49
45 0 50
45 0 51
46 0 52
46 0 52
46 0 53
47 0 54
47 0 55
47 0 55
48 0 56
48 0 57
48 0 58
49 0 58
49 0 59
49 0 60
50 0 61
50 0 61
50 0 62
51 0 63
51 0 64
51 0 65
51 0 65
52 0 66
52 0 67
52 0 68
53 0 68
53 0 69
53 0 70
54 0 71
54 0 71
54 0 72
54 0 73
55 0 74
55 0 74
55 0 75
56 0 76
56 0 77
56 0 77
56 0 78
57 0 79
57 0 80
57 0 80
58 0 81
58 0 82
58 0 82
58 0 83
59 0 84
59 0 85
59 0 85
59 0 86
60 0 87
60 0 88
60 0 88
60 0 89
61 0 90
61 0 91
61 0 91
61 0 92
62 0 93
62 0 94
62 0 94
63 0 95
63 0 96
63 0 96
63 0 97
64 0 98
64 0 99
64 0 99
64 0 100
64 0 101
65 0 101
65 0 102
65 0 103
65 0 104
66 0 104
66 0 105
66 0 106
66 0 106
67 0 107
67 0 108
67 0 109
67 0 109
68 0 110
68 0 111
68 0 111
68 0 112
69 0 113
69 0 114
69 0 114
69 0 115
69 0 116
70 0 116
70 0 117
70 0 118
70 0 118
71 0 119
71 0 120
71 0 120
71 0 121
71 0 122
72 0 123
72 0 123
72 0 124
72 0 125
73 0 125
73 0 126
73 0 127
73 0 127
73 0 128
74 0 129
74 0 129
74 0 130
74 0 131
74 0 131
75 0 132
75 0 133
75 0 133
75 0 134
76 0 135
76 0 135
76 0 136
76 0 137
76 0 137
77 0 138
77 0 139
77 0 139
77 0 140
77 0 141
78 0 141
78 0 142
78 0 143
78 0 143
78 0 144
79 0 144
79 0 145
79 0 146
79 0 146
79 0 147
80 0 148
80 0 148
80 0 149
80 0 150
80 0 150
81 0 151
81 0 151
81 0 152
81 0 153
81 0 153
82 0 154
82 0 155
82 0 155
82 0 156
82 0 156
83 0 157
83 0 158
83 0 158
83 0 159
83 0 160
83 0 160
84 0 161
84 0 161
84 0 162
84 0 163
84 0 163
85 0 164
85 0 164
85 0 165
85 0 166
85 0 166
86 0 167
86 0 167
86 0 168
86 0 168
86 0 169
86 0 170
87 0 170
87 0 171
87 0 171
87 0 172
87 0 173
88 0 173
88 0 174
88 0 174
88 0 175
88 0 175
88 0 176
89 0 177
89 0 177
89 0 178
89 0 178
89 0 179
90 0 179
90 0 180
90 0 180
90 0 181
90 0 182
90 0 182
91 0 183
91 0 183
91 0 184
91 0 184
91 0 185
91 0 185
92 0 186
92 0 186
92 0 187
92 0 187
92 0 188
92 0 189
93 0 189
93 0 190
93 0 190
93 0 191
93 0 191
93 0 192
94 0 192
94 0 193
94 0 193
94 0 194
94 0 194
94 0 195
95 0 195
95 0 196
95 0 196
95 0 197
95 0 197
95 0 198
96 0 198
96 0 199
96 0 199
96 0 200
96 0 200
96 0 201
97 0 201
97 0 202
97 0 202
97 0 203
97 0 203
97 0 203
98 0 204
98 0 204
98 0 205
98 0 205
98 0 206
98 0 206
99 0 207
99 0 207
99 0 208
99 0 208
99 0 209
99 0 209
100 0 209
100 0 210
100 0 210
100 0 211
100 0 211
100 0 212
100 0 212
101 0 212
101 1 213
101 1 213
101 1 214
101 1 214
101 1 215
102 1 215
102 1 215
102 1 216
102 1 216
102 1 217
102 1 217
103 1 217
103 1 218
103 1 218
103 1 219
103 1 219
103 1 219
103 1 220
104 1 220
104 1 221
104 1 221
104 1 221
104 1 222
104 1 222
104 1 223
105 1 223
105 1 223
105 1 224
105 1 224
105 1 224
105 1 225
106 1 225
106 1 226
106 1 226
106 1 226
106 1 227
106 1 227
106 1 227
107 1 228
107 1 228
107 1 228
107 1 229
107 1 229
107 1 229
107 1 230
108 1 230
108 1 230
108 1 231
108 1 231
108 1 231
108 1 232
108 1 232
109 1 232
109 1 233
109 1 233
109 1 233
109 1 234
109 1 234
110 1 234
110 1 235
110 1 235
110 1 235
110 1 235
110 1 236
110 1 236
111 1 236
111 1 237
111 1 237
111 1 237
111 1 237
111 1 238
111 1 238
112 1 238
112 1 239
112 1 239
112 1 239
112 1 239
112 1 240
112 1 240
113 1 240
113 1 240
113 1 241
113 1 241
113 1 241
113 2 241
113 2 242
113 2 242
114 2 242
114 2 242
114 2 243
114 2 243
114 2 243
114 2 243
114 2 244
115 2 244
115 2 244
115 2 244
115 2 244
115 2 245
115 2 245
115 2 245
116 2 245
116 2 246
116 2 246
116 2 246
116 2 246
116 2 246
116 2 247
117 2 247
117 2 247
117 2 247
117 2 247
117 2 247
117 2 248
117 2 248
117 2 248
118 2 248
118 2 248
118 2 249
118 2 249
118 2 249
118 2 249
118 2 249
119 2 249
119 2 249
119 2 250
119 2 250
119 2 250
119 2 250
119 2 250
119 2 250
120 2 251
120 2 251
120 2 251
120 2 251
120 2 251
120 2 251
120 2 251
121 2 251
121 2 252
121 2 252
121 2 252
121 2 252
121 3 252
121 3 252
121 3 252
122 3 252
122 3 252
122 3 253
122 3 253
122 3 253
122 3 253
122 3 253
122 3 253
123 3 253
123 3 253
123 3 253
123 3 253
123 3 253
123 3 253
123 3 254
123 3 254
124 3 254
124 3 254
124 3 254
124 3 254
124 3 254
124 3 254
124 3 254
125 3 254
125 3 254
125 3 254
125 3 254
125 3 254
125 3 254
125 3 254
125 3 254
126 3 254
126 3 254
126 3 254
126 3 254
126 3 254
126 3 254
126 3 254
126 3 254
127 3 254
127 3 254
127 3 254
127 3 254
127 3 254
127 4 254
127 4 254
127 4 254
128 4 254
128 4 254
128 4 254
128 4 254
128 4 254
128 4 254
128 4 254
128 4 254
129 4 254
129 4 254
129 4 254
129 4 254
129 4 254
129 4 254
129 4 254
129 4 254
129 4 254
130 4 254
130 4 254
130 4 254
130 4 254
130 4 254
130 4 254
130 4 254
130 4 254
131 4 253
131 4 253
131 4 253
131 4 253
131 4 253
131 4 253
131 4 253
131 4 253
132 4 253
132 4 253
132 4 253
132 5 253
132 5 252
132 5 252
132 5 252
132 5 252
133 5 252
133 5 252
133 5 252
133 5 252
133 5 252
133 5 251
133 5 251
133 5 251
133 5 251
134 5 251
134 5 251
134 5 251
134 5 251
134 5 250
134 5 250
134 5 250
134 5 250
135 5 250
135 5 250
135 5 250
135 5 249
135 5 249
135 5 249
135 5 249
135 5 249
135 5 249
136 5 248
136 5 248
136 5 248
136 5 248
136 6 248
136 6 248
136 6 247
136 6 247
137 6 247
137 6 247
137 6 247
137 6 246
137 6 246
137 6 246
137 6 246
137 6 246
137 6 245
138 6 245
138 6 245
138 6 245
138 6 245
138 6 244
138 6 244
138 6 244
138 6 244
138 6 243
139 6 243
139 6 243
139 6 243
139 6 243
139 6 242
139 6 242
139 6 242
139 6 242
139 6 241
140 7 241
140 7 241
140 7 241
140 7 240
140 7 240
140 7 240
140 7 240
140 7 239
141 7 239
141 7 239
141 7 238
141 7 238
141 7 238
141 7 238
141 7 237
141 7 237
141 7 237
142 7 236
142 7 236
142 7 236
142 7 236
142 7 235
142 7 235
142 7 235
142 7 234
142 7 234
143 7 234
143 7 233
143 8 233
143 8 233
143 8 233
143 8 232
143 8 232
143 8 232
143 8 231
144 8 231
144 8 231
144 8 230
144 8 230
144 8 230
144 8 229
144 8 229
144 8 229
144 8 228
145 8 228
145 8 228
145 8 227
145 8 227
145 8 226
145 8 226
145 8 226
145 8 225
145 8 225
145 8 225
146 9 224
146 9 224
146 9 224
146 9 223
146 9 223
146 9 222
146 9 222
146 9 222
146 9 221
147 9 221
147 9 220
147 9 220
147 9 220
147 9 219
147 9 219
147 9 218
147 9 218
147 9 218
148 9 217
148 9 217
148 9 216
148 9 216
148 9 216
148 9 215
148 10 215
148 10 214
148 10 214
149 10 214
149 10 213
149 10 213
149 10 212
149 10 212
149 10 211
149 10 211
149 10 211
149 10 210
149 10 210
150 10 209
150 10 209
150 10 208
150 10 208
150 10 207
150 10 207
150 10 206
150 10 206
150 10 206
151 11 205
151 11 205
151 11 204
151 11 204
151 11 203
151 11 203
151 11 202
151 11 202
151 11 201
151 11 201
152 11 200
152 11 200
152 11 199
152 11 199
152 11 198
152 11 198
152 11 197
152 11 197
152 11 196
153 11 196
153 11 195
153 11 195
153 12 194
153 12 194
153 12 193
153 12 193
153 12 192
153 12 192
153 12 191
154 12 191
154 12 190
154 12 190
154 12 189
154 12 189
154 12 188
154 12 188
154 12 187
154 12 187
154 12 186
155 12 186
155 12 185
155 12 185
155 13 184
155 13 183
155 13 183
155 13 182
155 13 182
155 13 181
155 13 181
156 13 180
156 13 180
156 13 179
156 13 178
156 13 178
156 13 177
156 13 177
156 13 176
156 13 176
157 13 175
157 13 175
157 13 174
157 14 173
157 14 173
157 14 172
157 14 172
157 14 171
157 14 171
157 14 170
158 14 169
158 14 169
158 14 168
158 14 168
158 14 167
158 14 166
158 14 166
158 14 165
158 14 165
158 14 164
159 14 163
159 15 163
159 15 162
159 15 162
159 15 161
159 15 160
159 15 160
159 15 159
159 15 159
159 15 158
160 15 157
160 15 157
160 15 156
160 15 156
160 15 155
160 15 154
160 15 154
160 15 153
160 16 152
160 16 152
161 16 151
161 16 151
161 16 150
161 16 149
161 16 149
161 16 148
161 16 147
161 16 147
161 16 146
161 16 145
161 16 145
162 16 144
162 16 144
162 16 143
162 16 142
162 17 142
162 17 141
162 17 140
162 17 140
162 17 139
162 17 138
163 17 138
163 17 137
163 17 136
163 17 136
163 17 135
163 17 134
163 17 134
163 17 133
163 17 132
163 18 132
164 18 131
164 18 130
164 18 130
164 18 129
164 18 128
164 18 128
164 18 127
164 18 126
164 18 126
164 18 125
164 18 124
165 18 124
165 18 123
165 18 122
165 18 121
165 19 121
165 19 120
165 19 119
165 19 119
165 19 118
165 19 117
166 19 117
166 19 116
166 19 115
166 19 115
166 19 114
166 19 113
166 19 112
166 19 112
166 19 111
166 20 110
167 20 110
167 20 109
167 20 108
167 20 108
167 20 107
167 20 106
167 20 105
167 20 105
167 20 104
167 20 103
167 20 103
168 20 102
168 20 101
168 21 100
168 21 100
168 21 99
168 21 98
168 21 97
168 21 97
168 21 96
168 21 95
168 21 95
169 21 94
169 21 93
169 21 92
169 21 92
169 21 91
169 22 90
169 22 89
169 22 89
169 22 88
169 22 87
170 22 87
170 22 86
170 22 85
170 22 84
170 22 84
170 22 83
170 22 82
170 22 81
170 22 81
170 23 80
170 23 79
171 23 78
171 23 78
171 23 77
171 23 76
171 23 75
171 23 75
171 23 74
171 23 73
171 23 72
171 23 72
171 23 71
172 24 70
172 24 69
172 24 69
172 24 68
172 24 67
172 24 66
172 24 66
172 24 65
172 24 64
172 24 63
172 24 63
173 24 62
173 25 61
173 25 60
173 25 60
173 25 59
173 25 58
173 25 57
173 25 57
173 25 56
173 25 55
173 25 54
174 25 53
174 25 53
174 25 52
174 26 51
174 26 50
174 26 50
174 26 49
174 26 48
174 26 47
174 26 47
174 26 46
175 26 45
175 26 44
175 26 44
175 26 43
175 27 42
175 27 41
175 27 40
175 27 40
175 27 39
175 27 38
175 27 37
176 27 37
176 27 36
176 27 35
176 27 34
176 27 33
176 28 33
176 28 32
176 28 31
176 28 30
176 28 30
176 28 29
177 28 28
177 28 27
177 28 26
177 28 26
177 28 25
177 29 24
177 29 23
177 29 23
177 29 22
177 29 21
177 29 20
178 29 19
178 29 19
178 29 18
178 29 17
178 29 16
178 29 16
178 30 15
178 30 14
178 30 13
178 30 12
178 30 12
179 30 11
179 30 10
179 30 9
179 30 8
179 30 8
179 30 7
179 31 6
179 31 5
179 31 5
179 31 4
179 31 3
180 31 2
180 31 1
180 31 1
180 31 0
180 31 0
180 32 0
180 32 0
180 32 0
180 32 0
180 32 0
180 32 0
180 32 0
181 32 0
181 32 0
181 32 0
181 32 0
181 33 0
181 33 0
181 33 0
181 33 0
181 33 0
181 33 0
181 33 0
182 33 0
182 33 0
182 33 0
182 34 0
182 34 0
182 34 0
182 34 0
182 34 0
182 34 0
182 34 0
182 34 0
182 34 0
183 34 0
183 35 0
183 35 0
183 35 0
183 35 0
183 35 0
183 35 0
183 35 0
183 35 0
183 35 0
183 35 0
184 36 0
184 36 0
184 36 0
184 36 0
184 36 0
184 36 0
184 36 0
184 36 0
184 36 0
184 36 0
184 37 0
184 37 0
185 37 0
185 37 0
185 37 0
185 37 0
185 37 0
185 37 0
185 37 0
185 37 0
185 38 0
185 38 0
185 38 0
185 38 0
186 38 0
186 38 0
186 38 0
186 38 0
186 38 0
186 39 0
186 39 0
186 39 0
186 39 0
186 39 0
186 39 0
187 39 0
187 39 0
187 39 0
187 40 0
187 40 0
187 40 0
187 40 0
187 40 0
187 40 0
187 40 0
187 40 0
187 40 0
188 40 0
188 41 0
188 41 0
188 41 0
188 41 0
188 41 0
188 41 0
188 41 0
188 41 0
188 41 0
188 42 0
188 42 0
189 42 0
189 42 0
189 42 0
189 42 0
189 42 0
189 42 0
189 43 0
189 43 0
189 43 0
189 43 0
189 43 0
189 43 0
190 43 0
190 43 0
190 43 0
190 44 0
190 44 0
190 44 0
190 44 0
190 44 0
190 44 0
190 44 0
190 44 0
190 44 0
191 45 0
191 45 0
191 45 0
191 45 0
191 45 0
191 45 0
191 45 0
191 45 0
191 46 0
191 46 0
191 46 0
191 46 0
192 46 0
192 46 0
192 46 0
192 46 0
192 47 0
192 47 0
192 47 0
192 47 0
192 47 0
192 47 0
192 47 0
192 47 0
193 47 0
193 48 0
193 48 0
193 48 0
193 48 0
193 48 0
193 48 0
193 48 0
193 48 0
193 49 0
193 49 0
193 49 0
194 49 0
194 49 0
194 49 0
194 49 0
194 49 0
194 50 0
194 50 0
194 50 0
194 50 0
194 50 0
194 50 0
194 50 0
194 50 0
195 51 0
195 51 0
195 51 0
195 51 0
195 51 0
195 51 0
195 51 0
195 52 0
195 52 0
195 52 0
195 52 0
195 52 0
196 52 0
196 52 0
196 52 0
196 53 0
196 53 0
196 53 0
196 53 0
196 53 0
196 53 0
196 53 0
196 53 0
196 54 0
197 54 0
197 54 0
197 54 0
197 54 0
197 54 0
197 54 0
197 55 0
197 55 0
197 55 0
197 55 0
197 55 0
197 55 0
197 55 0
198 55 0
198 56 0
198 56 0
198 56 0
198 56 0
198 56 0
198 56 0
198 56 0
198 57 0
198 57 0
198 57 0
198 57 0
199 57 0
199 57 0
199 57 0
199 58 0
199 58 0
199 58 0
199 58 0
199 58 0
199 58 0
199 58 0
199 59 0
199 59 0
199 59 0
200 59 0
200 59 0
200 59 0
200 59 0
200 60 0
200 60 0
200 60 0
200 60 0
200 60 0
200 60 0
200 60 0
200 61 0
201 61 0
201 61 0
201 61 0
201 61 0
201 61 0
201 61 0
201 62 0
201 62 0
201 62 0
201 62 0
201 62 0
201 62 0
201 62 0
202 63 0
202 63 0
202 63 0
202 63 0
202 63 0
202 63 0
202 63 0
202 64 0
202 64 0
202 64 0
202 64 0
202 64 0
202 64 0
203 65 0
203 65 0
203 65 0
203 65 0
203 65 0
203 65 0
203 65 0
203 66 0
203 66 0
203 66 0
203 66 0
203 66 0
203 66 0
204 66 0
204 67 0
204 67 0
204 67 0
204 67 0
204 67 0
204 67 0
204 68 0
204 68 0
204 68 0
204 68 0
204 68 0
205 68 0
205 69 0
205 69 0
205 69 0
205 69 0
205 69 0
205 69 0
205 69 0
205 70 0
205 70 0
205 70 0
205 70 0
205 70 0
206 70 0
206 71 0
206 71 0
206 71 0
206 71 0
206 71 0
206 71 0
206 72 0
206 72 0
206 72 0
206 72 0
206 72 0
206 72 0
207 72 0
207 73 0
207 73 0
207 73 0
207 73 0
207 73 0
207 73 0
207 74 0
207 74 0
207 74 0
207 74 0
207 74 0
207 74 0
208 75 0
208 75 0
208 75 0
208 75 0
208 75 0
208 75 0
208 76 0
208 76 0
208 76 0
208 76 0
208 76 0
208 76 0
208 77 0
208 77 0
209 77 0
209 77 0
209 77 0
209 77 0
209 78 0
209 78 0
209 78 0
209 78 0
209 78 0
209 78 0
209 79 0
209 79 0
209 79 0
210 79 0
210 79 0
210 80 0
210 80 0
210 80 0
210 80 0
210 80 0
210 80 0
210 81 0
210 81 0
210 81 0
210 81 0
210 81 0
211 81 0
211 82 0
211 82 0
211 82 0
211 82 0
211 82 0
211 82 0
211 83 0
211 83 0
211 83 0
211 83 0
211 83 0
211 84 0
212 84 0
212 84 0
212 84 0
212 84 0
212 84 0
212 85 0
212 85 0
212 85 0
212 85 0
212 85 0
212 86 0
212 86 0
212 86 0
212 86 0
213 86 0
213 86 0
213 87 0
213 87 0
213 87 0
213 87 0
213 87 0
213 88 0
213 88 0
213 88 0
213 88 0
213 88 0
213 88 0
214 89 0
214 89 0
214 89 0
214 89 0
214 89 0
214 90 0
214 90 0
214 90 0
214 90 0
214 90 0
214 91 0
214 91 0
214 91 0
214 91 0
215 91 0
215 91 0
215 92 0
215 92 0
215 92 0
215 92 0
215 92 0
215 93 0
215 93 0
215 93 0
215 93 0
215 93 0
215 94 0
216 94 0
216 94 0
216 94 0
216 94 0
216 95 0
216 95 0
216 95 0
216 95 0
216 95 0
216 95 0
216 96 0
216 96 0
216 96 0
216 96 0
217 96 0
217 97 0
217 97 0
217 97 0
217 97 0
217 97 0
217 98 0
217 98 0
217 98 0
217 98 0
217 98 0
217 99 0
217 99 0
217 99 0
218 99 0
218 99 0
218 100 0
218 100 0
218 100 0
218 100 0
218 100 0
218 101 0
218 101 0
218 101 0
218 101 0
218 101 0
218 102 0
219 102 0
219 102 0
219 102 0
219 102 0
219 103 0
219 103 0
219 103 0
219 103 0
219 103 0
219 104 0
219 104 0
219 104 0
219 104 0
219 105 0
220 105 0
220 105 0
220 105 0
220 105 0
220 106 0
220 106 0
220 106 0
220 106 0
220 106 0
220 107 0
220 107 0
220 107 0
220 107 0
220 107 0
221 108 0
221 108 0
221 108 0
221 108 0
221 109 0
221 109 0
221 109 0
221 109 0
221 109 0
221 110 0
221 110 0
221 110 0
221 110 0
221 110 0
222 111 0
222 111 0
222 111 0
222 111 0
222 111 0
222 112 0
222 112 0
222 112 0
222 112 0
222 113 0
222 113 0
222 113 0
222 113 0
222 113 0
223 114 0
223 114 0
223 114 0
223 114 0
223 115 0
223 115 0
223 115 0
223 115 0
223 115 0
223 116 0
223 116 0
223 116 0
223 116 0
223 117 0
224 117 0
224 117 0
224 117 0
224 117 0
224 118 0
224 118 0
224 118 0
224 118 0
224 119 0
224 119 0
224 119 0
224 119 0
224 119 0
224 120 0
225 120 0
225 120 0
225 120 0
225 121 0
225 121 0
225 121 0
225 121 0
225 122 0
225 122 0
225 122 0
225 122 0
225 122 0
225 123 0
225 123 0
226 123 0
226 123 0
226 124 0
226 124 0
226 124 0
226 124 0
226 124 0
226 125 0
226 125 0
226 125 0
226 125 0
226 126 0
226 126 0
226 126 0
226 126 0
227 127 0
227 127 0
227 127 0
227 127 0
227 128 0
227 128 0
227 128 0
227 128 0
227 128 0
227 129 0
227 129 0
227 129 0
227 129 0
227 130 0
228 130 0
228 130 0
228 130 0
228 131 0
228 131 0
228 131 0
228 131 0
228 132 0
228 132 0
228 132 0
228 132 0
228 133 0
228 133 0
228 133 0
229 133 0
229 134 0
229 134 0
229 134 0
229 134 0
229 135 0
229 135 0
229 135 0
229 135 0
229 135 0
229 136 0
229 136 0
229 136 0
229 136 0
229 137 0
230 137 0
230 137 0
230 137 0
230 138 0
230 138 0
230 138 0
230 138 0
230 139 0
230 139 0
230 139 0
230 139 0
230 140 0
230 140 0
230 140 0
231 140 0
231 141 0
231 141 0
231 141 0
231 141 0
231 142 0
231 142 0
231 142 0
231 142 0
231 143 0
231 143 0
231 143 0
231 144 0
231 144 0
231 144 0
232 144 0
232 145 0
232 145 0
232 145 0
232 145 0
232 146 0
232 146 0
232 146 0
232 146 0
232 147 0
232 147 0
232 147 0
232 147 0
232 148 0
232 148 0
233 148 0
233 148 0
233 149 0
233 149 0
233 149 0
233 149 0
233 150 0
233 150 0
233 150 0
233 151 0
233 151 0
233 151 0
233 151 0
233 152 0
234 152 0
234 152 0
234 152 0
234 153 0
234 153 0
234 153 0
234 153 0
234 154 0
234 154 0
234 154 0
234 155 0
234 155 0
234 155 0
234 155 0
234 156 0
235 156 0
235 156 0
235 156 0
235 157 0
235 157 0
235 157 0
235 157 0
235 158 0
235 158 0
235 158 0
235 159 0
235 159 0
235 159 0
235 159 0
235 160 0
236 160 0
236 160 0
236 160 0
236 161 0
236 161 0
236 161 0
236 162 0
236 162 0
236 162 0
236 162 0
236 163 0
236 163 0
236 163 0
236 164 0
236 164 0
237 164 0
237 164 0
237 165 0
237 165 0
237 165 0
237 165 0
237 166 0
237 166 0
237 166 0
237 167 0
237 167 0
237 167 0
237 167 0
237 168 0
237 168 0
238 168 0
238 169 0
238 169 0
238 169 0
238 169 0
238 170 0
238 170 0
238 170 0
238 171 0
238 171 0
238 171 0
238 171 0
238 172 0
238 172 0
238 172 0
239 173 0
239 173 0
239 173 0
239 173 0
239 174 0
239 174 0
239 174 0
239 175 0
239 175 0
239 175 0
239 175 0
239 176 0
239 176 0
239 176 0
239 177 0
240 177 0
240 177 0
240 178 0
240 178 0
240 178 0
240 178 0
240 179 0
240 179 0
240 179 0
240 180 0
240 180 0
240 180 0
240 181 0
240 181 0
240 181 0
241 181 0
241 182 0
241 182 0
241 182 0
241 183 0
241 183 0
241 183 0
241 183 0
241 184 0
241 184 0
241 184 0
241 185 0
241 185 0
241 185 0
241 186 0
242 186 0
242 186 0
242 187 0
242 187 0
242 187 0
242 187 0
242 188 0
242 188 0
242 188 0
242 189 0
242 189 0
242 189 0
242 190 0
242 190 0
242 190 0
243 190 0
243 191 0
243 191 0
243 191 0
243 192 0
243 192 0
243 192 0
243 193 0
243 193 0
243 193 0
243 194 0
243 194 0
243 194 0
243 195 0
243 195 0
243 195 0
244 195 0
244 196 0
244 196 0
244 196 0
244 197 0
244 197 0
244 197 0
244 198 0
244 198 0
244 198 0
244 199 0
244 199 0
244 199 0
244 200 0
244 200 0
245 200 0
245 201 0
245 201 0
245 201 0
245 201 0
245 202 0
245 202 0
245 202 0
245 203 0
245 203 0
245 203 0
245 204 0
245 204 0
245 204 0
245 205 0
245 205 0
246 205 0
246 206 0
246 206 0
246 206 0
246 207 0
246 207 0
246 207 0
246 208 0
246 208 0
246 208 0
246 209 0
246 209 0
246 209 0
246 210 0
246 210 0
247 210 0
247 211 0
247 211 0
247 211 0
247 212 0
247 212 0
247 212 0
247 213 0
247 213 0
247 213 0
247 214 0
247 214 0
247 214 0
247 215 0
247 215 0
247 215 0
248 216 0
248 216 0
248 216 0
248 217 0
248 217 0
248 217 0
248 218 0
248 218 0
248 218 0
248 219 0
248 219 0
248 219 0
248 220 0
248 220 0
248 220 0
249 221 0
249 221 0
249 221 0
249 222 0
249 222 0
249 222 0
249 223 0
249 223 0
249 223 0
249 224 0
249 224 0
249 224 0
249 225 0
249 225 0
249 225 0
249 226 0
250 226 0
250 226 0
250 227 0
250 227 0
250 227 0
250 228 0
250 228 0
250 229 0
250 229 0
250 229 0
250 230 0
250 230 0
250 230 0
250 231 0
250 231 0
250 231 0
251 232 0
251 232 0
251 232 0
251 233 0
251 233 0
251 233 0
251 234 0
251 234 0
251 234 0
251 235 0
251 235 0
251 236 0
251 236 0
251 236 0
251 237 0
251 237 0
252 237 0
252 238 0
252 238 0
252 238 0
252 239 0
252 239 0
252 239 0
252 240 0
252 240 0
252 241 0
252 241 0
252 241 0
252 242 0
252 242 0
252 242 0
252 243 0
253 243 0
253 243 0
253 244 0
253 244 0
253 245 0
253 245 0
253 245 0
253 246 0
253 246 0
253 246 0
253 247 0
253 247 0
253 247 0
253 248 0
253 248 0
254 249 0
254 249 0
254 249 0
254 250 0
254 250 0
254 250 0
254 251 0
254 251 0
254 252 0
254 252 0
254 252 0
254 253 0
254 253 0
254 253 0
254 254 0
254 254 0
255 255 0
