0 0 0
0 0 0
0 0 0
0 0 1
0 0 1
0 0 2
0 0 2
0 0 3
0 0 3
0 0 4
0 0 4
0 0 4
0 0 5
0 0 5
0 0 6
0 0 6
0 0 7
0 0 7
0 0 8
0 0 8
0 0 8
0 0 9
0 0 9
0 0 10
0 0 10
0 0 11
0 0 11
0 0 12
0 0 12
0 0 13
0 0 13
0 0 13
0 0 14
0 0 14
0 0 15
0 0 15
0 0 16
0 0 16
0 0 17
0 0 17
0 0 17
0 0 18
0 0 18
0 0 19
0 0 19
0 0 20
0 0 20
0 0 21
0 0 21
0 0 21
0 0 22
0 0 22
0 0 23
0 0 23
0 0 24
0 0 24
0 0 25
0 0 25
0 0 26
0 0 26
0 0 26
0 0 27
0 0 27
0 0 28
0 0 28
0 0 29
0 0 29
0 0 30
0 0 30
0 0 30
0 0 31
0 0 31
0 0 32
0 0 32
0 0 33
0 0 33
0 0 34
0 0 34
0 0 34
0 0 35
0 0 35
0 0 36
0 0 36
0 0 37
0 0 37
0 0 38
0 0 38
0 0 39
0 0 39
0 0 39
0 0 40
0 0 40
0 0 41
0 0 41
0 0 42
0 0 42
0 0 43
0 0 43
0 0 43
0 0 44
0 0 44
0 0 45
0 0 45
0 0 46
0 0 46
0 0 47
0 0 47
0 0 47
0 0 48
0 0 48
0 0 49
0 0 49
0 0 50
0 0 50
0 0 51
0 0 51
0 0 52
0 0 52
0 0 52
0 0 53
0 0 53
0 0 54
0 0 54
0 0 55
0 0 55
0 0 56
0 0 56
0 0 56
0 0 57
0 0 57
0 0 58
0 0 58
0 0 59
0 0 59
0 0 60
0 0 60
0 0 60
0 0 61
0 0 61
0 0 62
0 0 62
0 0 63
0 0 63
0 0 64
0 0 64
0 0 65
0 0 65
0 0 65
0 0 66
0 0 66
0 0 67
0 0 67
0 0 68
0 0 68
0 0 69
0 0 69
0 0 69
0 0 70
0 0 70
0 0 71
0 0 71
0 0 72
0 0 72
0 0 73
0 0 73
0 0 73
0 0 74
0 0 74
0 0 75
0 0 75
0 0 76
0 0 76
0 0 77
0 0 77
0 0 78
0 0 78
0 0 78
0 0 79
0 0 79
0 0 80
0 0 80
0 0 81
0 0 81
0 0 82
0 0 82
0 0 82
0 0 83
0 0 83
0 0 84
0 0 84
0 0 85
0 0 85
0 0 86
0 0 86
0 0 87
0 0 87
0 0 87
0 0 88
0 0 88
0 0 89
0 0 89
0 0 90
0 0 90
0 0 91
0 0 91
0 0 91
0 0 92
0 0 92
0 0 93
0 0 93
0 0 94
0 0 94
0 0 95
0 0 95
0 0 95
0 0 96
0 0 96
0 0 97
0 0 97
0 0 98
0 0 98
0 0 99
0 0 99
0 0 100
0 0 100
0 0 100
0 0 101
0 0 101
0 0 102
0 0 102
0 0 103
0 0 103
0 0 104
0 0 104
0 0 104
0 0 105
0 0 105
0 0 106
0 0 106
0 0 107
0 0 107
0 0 108
0 0 108
0 0 108
0 0 109
0 0 109
0 0 110
0 0 110
0 0 111
0 0 111
0 0 112
0 0 112
0 0 113
0 0 113
0 0 113
0 0 114
0 0 114
0 0 115
0 0 115
0 0 116
0 0 116
0 0 117
0 0 117
0 0 117
0 0 118
0 0 118
0 0 119
0 0 119
0 0 120
0 0 120
0 0 121
0 0 121
0 0 121
0 0 122
0 0 122
0 0 123
0 0 123
0 0 124
0 0 124
0 0 125
0 0 125
0 0 126
0 0 126
0 0 126
0 0 127
0 0 127
0 0 128
0 0 128
0 0 129
0 0 129
0 0 130
0 0 130
0 0 130
0 0 131
0 0 131
0 0 132
0 0 132
0 0 133
0 0 133
0 0 134
0 0 134
0 0 134
0 0 135
0 0 135
0 0 136
0 0 136
0 0 137
0 0 137
0 0 138
0 0 138
0 0 139
0 0 139
0 0 139
0 0 140
0 0 140
0 0 141
0 0 141
0 0 142
0 0 142
0 0 143
0 0 143
0 0 143
0 0 144
0 0 144
0 0 145
0 0 145
0 0 146
0 0 146
0 0 147
0 0 147
0 0 147
0 0 148
0 0 148
0 0 149
0 0 149
0 0 150
0 0 150
0 0 151
0 0 151
0 0 152
0 0 152
0 0 152
0 0 153
0 0 153
0 0 154
0 0 154
0 0 155
0 0 155
0 0 156
0 0 156
0 0 156
0 0 157
0 0 157
0 0 158
0 0 158
0 0 159
0 0 159
0 0 160
0 0 160
0 0 160
0 0 161
0 0 161
0 0 162
0 0 162
0 0 163
0 0 163
0 0 164
0 0 164
0 0 165
0 0 165
0 0 165
0 0 166
0 0 166
0 0 167
0 0 167
0 0 168
0 0 168
0 0 169
0 0 169
0 0 169
0 0 170
0 0 170
0 0 171
0 0 171
0 0 172
0 0 172
0 0 173
0 0 173
0 0 174
0 0 174
0 0 174
0 0 175
0 0 175
0 0 176
0 0 176
0 0 177
0 0 177
0 0 178
0 0 178
0 0 178
0 0 179
0 0 179
0 0 180
0 0 180
0 0 181
0 0 181
0 0 182
0 0 182
0 0 182
0 0 183
0 0 183
0 0 184
0 0 184
0 0 185
0 0 185
0 0 186
0 0 186
0 0 187
0 0 187
0 0 187
0 0 188
0 0 188
0 0 189
0 0 189
0 0 190
0 0 190
0 0 191
0 0 191
0 0 191
0 0 192
0 0 192
0 0 193
0 0 193
0 0 194
0 0 194
0 0 195
0 0 195
0 0 195
0 0 196
0 0 196
0 0 197
0 0 197
0 0 198
0 0 198
0 0 199
0 0 199
0 0 200
0 0 200
0 0 200
0 0 201
0 0 201
0 0 202
0 0 202
0 0 203
0 0 203
0 0 204
0 0 204
0 0 204
0 0 205
0 0 205
0 0 206
0 0 206
0 0 207
0 0 207
0 0 208
0 0 208
0 0 208
0 0 209
0 0 209
0 0 210
0 0 210
0 0 211
0 0 211
0 0 212
0 0 212
0 0 213
0 0 213
0 0 213
0 0 214
0 0 214
0 0 215
0 0 215
0 0 216
0 0 216
0 0 217
0 0 217
0 0 217
0 0 218
0 0 218
0 0 219
0 0 219
0 0 220
0 0 220
0 0 221
0 0 221
0 0 221
0 0 222
0 0 222
0 0 223
0 0 223
0 0 224
0 0 224
0 0 225
0 0 225
0 0 226
0 0 226
0 0 226
0 0 227
0 0 227
0 0 228
0 0 228
0 0 229
0 0 229
0 0 229
0 0 229
1 0 229
1 0 229
2 0 229
2 0 229
2 0 229
3 0 229
3 0 229
3 0 229
4 0 229
4 0 229
5 0 229
5 0 229
5 0 229
6 0 229
6 0 229
7 0 229
7 0 229
7 0 229
8 0 229
8 0 229
9 0 229
9 0 229
9 0 229
10 0 229
10 0 229
10 0 229
11 0 229
11 0 229
12 0 229
12 0 229
12 0 229
13 0 229
13 0 229
14 0 229
14 0 229
14 0 229
15 0 229
15 0 229
16 0 229
16 0 229
16 0 229
17 0 229
17 0 229
18 0 229
18 0 229
18 0 229
19 0 229
19 0 229
19 0 229
20 0 229
20 0 229
21 0 229
21 0 229
21 0 229
22 0 229
22 0 229
23 0 229
23 0 229
23 0 229
24 0 229
24 0 229
25 0 229
25 0 229
25 0 229
26 0 229
26 0 229
26 0 229
27 0 229
27 0 229
28 0 229
28 0 229
28 0 229
29 0 229
29 0 229
30 0 229
30 0 229
30 0 229
31 0 229
31 0 229
32 0 229
32 0 229
32 0 229
33 0 229
33 0 229
33 0 229
34 0 229
34 0 229
35 0 229
35 0 229
35 0 229
36 0 229
36 0 229
37 0 229
37 0 229
37 0 229
38 0 229
38 0 229
39 0 229
39 0 229
39 0 229
40 0 229
40 0 229
40 0 229
41 0 229
41 0 229
42 0 229
42 0 229
42 0 229
43 0 229
43 0 229
44 0 229
44 0 229
44 0 229
45 0 229
45 0 229
46 0 229
46 0 229
46 0 229
47 0 229
47 0 229
47 0 229
48 0 229
48 0 229
49 0 229
49 0 229
49 0 229
50 0 229
50 0 229
51 0 229
51 0 229
51 0 229
52 0 229
52 0 229
53 0 229
53 0 229
53 0 229
54 0 229
54 0 229
54 0 229
55 0 229
55 0 229
56 0 229
56 0 229
56 0 229
57 0 229
57 0 229
58 0 229
58 0 229
58 0 229
59 0 229
59 0 229
60 0 229
60 0 229
60 0 229
61 0 229
61 0 229
61 0 229
62 0 229
62 0 229
63 0 229
63 0 229
63 0 229
64 0 229
64 0 229
65 0 229
65 0 229
65 0 229
66 0 229
66 0 229
67 0 229
67 0 229
67 0 229
68 0 229
68 0 229
69 0 229
69 0 229
69 0 229
70 0 229
70 0 229
70 0 229
71 0 229
71 0 229
72 0 229
72 0 229
72 0 229
73 0 229
73 0 229
74 0 229
74 0 229
74 0 229
75 0 229
75 0 229
76 0 229
76 0 229
76 0 229
77 0 229
77 0 229
77 0 229
78 0 229
78 0 229
79 0 229
79 0 229
79 0 229
80 0 229
80 0 229
81 0 229
81 0 229
81 0 229
82 0 229
82 0 229
83 0 229
83 0 229
83 0 229
84 0 229
84 0 229
84 0 229
85 0 229
85 0 229
86 0 229
86 0 229
86 0 229
87 0 229
87 0 229
88 0 229
88 0 229
88 0 229
89 0 229
89 0 229
90 0 229
90 0 229
90 0 229
91 0 229
91 0 229
91 0 229
92 0 229
92 0 229
93 0 229
93 0 229
93 0 229
94 0 229
94 0 229
95 0 229
95 0 229
95 0 229
96 0 229
96 0 229
97 0 229
97 0 229
97 0 229
98 0 229
98 0 229
98 0 229
99 0 229
99 0 229
100 0 229
100 0 229
100 0 229
101 0 229
101 0 229
102 0 229
102 0 229
102 0 229
103 0 229
103 0 229
104 0 229
104 0 229
104 0 229
105 0 229
105 0 229
105 0 229
106 0 229
106 0 229
107 0 229
107 0 229
107 0 229
108 0 229
108 0 229
109 0 229
109 0 229
109 0 229
110 0 229
110 0 229
111 0 229
111 0 229
111 0 229
112 0 229
112 0 229
112 0 229
113 0 229
113 0 229
114 0 229
114 0 229
114 0 229
115 0 229
115 0 229
116 0 229
116 0 229
116 0 229
117 0 229
117 0 229
118 0 229
118 0 229
118 0 229
119 0 229
119 0 229
119 0 229
120 0 229
120 0 229
121 0 229
121 0 229
121 0 229
122 0 229
122 0 229
123 0 229
123 0 229
123 0 229
124 0 229
124 0 229
125 0 229
125 0 229
125 0 229
126 0 229
126 0 229
127 0 229
127 0 229
127 0 229
128 0 229
128 0 229
128 0 229
129 0 229
129 0 229
130 0 229
130 0 229
130 0 229
131 0 229
131 0 229
132 0 229
132 0 229
132 0 229
133 0 229
133 0 229
134 0 229
134 0 229
134 0 229
135 0 229
135 0 229
135 0 229
136 0 228
136 0 228
137 0 228
137 1 228
137 1 228
138 1 227
138 1 227
139 2 227
139 2 227
139 2 226
140 2 226
140 2 226
141 3 226
141 3 226
141 3 225
142 3 225
142 4 225
142 4 225
143 4 224
143 4 224
144 4 224
144 5 224
144 5 224
145 5 223
145 5 223
146 6 223
146 6 223
146 6 222
147 6 222
147 7 222
148 7 222
148 7 222
148 7 221
149 7 221
149 8 221
149 8 221
150 8 220
150 8 220
151 9 220
151 9 220
151 9 220
152 9 219
152 9 219
153 10 219
153 10 219
153 10 218
154 10 218
154 11 218
155 11 218
155 11 218
155 11 217
156 11 217
156 12 217
156 12 217
157 12 216
157 12 216
158 13 216
158 13 216
158 13 215
159 13 215
159 13 215
160 14 215
160 14 215
160 14 214
161 14 214
161 15 214
162 15 214
162 15 213
162 15 213
163 15 213
163 16 213
163 16 213
164 16 212
164 16 212
165 17 212
165 17 212
165 17 211
166 17 211
166 17 211
167 18 211
167 18 211
167 18 210
168 18 210
168 19 210
169 19 210
169 19 209
169 19 209
170 20 209
170 20 209
170 20 209
171 20 208
171 20 208
172 21 208
172 21 208
172 21 207
173 21 207
173 22 207
174 22 207
174 22 207
174 22 206
175 22 206
175 23 206
176 23 206
176 23 205
176 23 205
177 24 205
177 24 205
178 24 205
178 24 204
178 24 204
179 25 204
179 25 204
179 25 203
180 25 203
180 26 203
181 26 203
181 26 202
181 26 202
182 26 202
182 27 202
183 27 202
183 27 201
183 27 201
184 28 201
184 28 201
185 28 200
185 28 200
185 28 200
186 29 200
186 29 200
186 29 199
187 29 199
187 30 199
188 30 199
188 30 198
188 30 198
189 31 198
189 31 198
190 31 198
190 31 197
190 31 197
191 32 197
191 32 197
192 32 196
192 32 196
192 33 196
193 33 196
193 33 196
193 33 195
194 33 195
194 34 195
195 34 195
195 34 194
195 34 194
196 35 194
196 35 194
197 35 194
197 35 193
197 35 193
198 36 193
198 36 193
199 36 192
199 36 192
199 37 192
200 37 192
200 37 191
200 37 191
201 37 191
201 38 191
202 38 191
202 38 190
202 38 190
203 39 190
203 39 190
204 39 189
204 39 189
204 39 189
205 40 189
205 40 189
206 40 188
206 40 188
206 41 188
207 41 188
207 41 187
207 41 187
208 41 187
208 42 187
209 42 187
209 42 186
209 42 186
210 43 186
210 43 186
211 43 185
211 43 185
211 44 185
212 44 185
212 44 185
213 44 184
213 44 184
213 45 184
214 45 184
214 45 183
214 45 183
215 46 183
215 46 183
216 46 183
216 46 182
216 46 182
217 47 182
217 47 182
218 47 181
218 47 181
218 48 181
219 48 181
219 48 181
220 48 180
220 48 180
220 49 180
221 49 180
221 49 179
221 49 179
222 50 179
222 50 179
223 50 178
223 50 178
223 50 178
224 51 178
224 51 178
225 51 177
225 51 177
225 52 177
226 52 177
226 52 176
227 52 176
227 52 176
227 53 176
228 53 176
228 53 175
228 53 175
229 54 175
229 54 175
230 54 174
230 54 174
230 54 174
231 55 174
231 55 174
232 55 173
232 55 173
232 56 173
233 56 173
233 56 172
234 56 172
234 57 172
234 57 172
235 57 172
235 57 171
236 57 171
236 58 171
236 58 171
237 58 170
237 58 170
237 59 170
238 59 170
238 59 170
239 59 169
239 59 169
239 60 169
240 60 169
240 60 168
241 60 168
241 61 168
241 61 168
242 61 168
242 61 167
243 61 167
243 62 167
243 62 167
244 62 166
244 62 166
244 63 166
245 63 166
245 63 165
246 63 165
246 63 165
246 64 165
247 64 165
247 64 164
248 64 164
248 65 164
248 65 164
249 65 163
249 65 163
250 65 163
250 66 163
250 66 163
251 66 162
251 66 162
251 67 162
252 67 162
252 67 161
253 67 161
253 68 161
253 68 161
254 68 161
254 68 160
255 68 160
255 69 160
255 69 160
255 69 159
255 69 159
255 70 159
255 70 159
255 70 159
255 70 158
255 70 158
255 71 158
255 71 158
255 71 157
255 71 157
255 72 157
255 72 157
255 72 157
255 72 156
255 72 156
255 73 156
255 73 156
255 73 155
255 73 155
255 74 155
255 74 155
255 74 154
255 74 154
255 74 154
255 75 154
255 75 154
255 75 153
255 75 153
255 76 153
255 76 153
255 76 152
255 76 152
255 76 152
255 77 152
255 77 152
255 77 151
255 77 151
255 78 151
255 78 151
255 78 150
255 78 150
255 78 150
255 79 150
255 79 150
255 79 149
255 79 149
255 80 149
255 80 149
255 80 148
255 80 148
255 81 148
255 81 148
255 81 148
255 81 147
255 81 147
255 82 147
255 82 147
255 82 146
255 82 146
255 83 146
255 83 146
255 83 146
255 83 145
255 83 145
255 84 145
255 84 145
255 84 144
255 84 144
255 85 144
255 85 144
255 85 144
255 85 143
255 85 143
255 86 143
255 86 143
255 86 142
255 86 142
255 87 142
255 87 142
255 87 141
255 87 141
255 87 141
255 88 141
255 88 141
255 88 140
255 88 140
255 89 140
255 89 140
255 89 139
255 89 139
255 89 139
255 90 139
255 90 139
255 90 138
255 90 138
255 91 138
255 91 138
255 91 137
255 91 137
255 91 137
255 92 137
255 92 137
255 92 136
255 92 136
255 93 136
255 93 136
255 93 135
255 93 135
255 94 135
255 94 135
255 94 135
255 94 134
255 94 134
255 95 134
255 95 134
255 95 133
255 95 133
255 96 133
255 96 133
255 96 133
255 96 132
255 96 132
255 97 132
255 97 132
255 97 131
255 97 131
255 98 131
255 98 131
255 98 131
255 98 130
255 98 130
255 99 130
255 99 130
255 99 129
255 99 129
255 100 129
255 100 129
255 100 128
255 100 128
255 100 128
255 101 128
255 101 128
255 101 127
255 101 127
255 102 127
255 102 127
255 102 126
255 102 126
255 102 126
255 103 126
255 103 126
255 103 125
255 103 125
255 104 125
255 104 125
255 104 124
255 104 124
255 104 124
255 105 124
255 105 124
255 105 123
255 105 123
255 106 123
255 106 123
255 106 122
255 106 122
255 107 122
255 107 122
255 107 122
255 107 121
255 107 121
255 108 121
255 108 121
255 108 120
255 108 120
255 109 120
255 109 120
255 109 120
255 109 119
255 109 119
255 110 119
255 110 119
255 110 118
255 110 118
255 111 118
255 111 118
255 111 117
255 111 117
255 111 117
255 112 117
255 112 117
255 112 116
255 112 116
255 113 116
255 113 116
255 113 115
255 113 115
255 113 115
255 114 115
255 114 115
255 114 114
255 114 114
255 115 114
255 115 114
255 115 113
255 115 113
255 115 113
255 116 113
255 116 113
255 116 112
255 116 112
255 117 112
255 117 112
255 117 111
255 117 111
255 118 111
255 118 111
255 118 111
255 118 110
255 118 110
255 119 110
255 119 110
255 119 109
255 119 109
255 120 109
255 120 109
255 120 109
255 120 108
255 120 108
255 121 108
255 121 108
255 121 107
255 121 107
255 122 107
255 122 107
255 122 107
255 122 106
255 122 106
255 123 106
255 123 106
255 123 105
255 123 105
255 124 105
255 124 105
255 124 104
255 124 104
255 124 104
255 125 104
255 125 104
255 125 103
255 125 103
255 126 103
255 126 103
255 126 102
255 126 102
255 126 102
255 127 102
255 127 102
255 127 101
255 127 101
255 128 101
255 128 101
255 128 100
255 128 100
255 128 100
255 129 100
255 129 100
255 129 99
255 129 99
255 130 99
255 130 99
255 130 98
255 130 98
255 131 98
255 131 98
255 131 98
255 131 97
255 131 97
255 132 97
255 132 97
255 132 96
255 132 96
255 133 96
255 133 96
255 133 96
255 133 95
255 133 95
255 134 95
255 134 95
255 134 94
255 134 94
255 135 94
255 135 94
255 135 94
255 135 93
255 135 93
255 136 93
255 136 93
255 136 92
255 136 92
255 137 92
255 137 92
255 137 91
255 137 91
255 137 91
255 138 91
255 138 91
255 138 90
255 138 90
255 139 90
255 139 90
255 139 89
255 139 89
255 139 89
255 140 89
255 140 89
255 140 88
255 140 88
255 141 88
255 141 88
255 141 87
255 141 87
255 141 87
255 142 87
255 142 87
255 142 86
255 142 86
255 143 86
255 143 86
255 143 85
255 143 85
255 144 85
255 144 85
255 144 85
255 144 84
255 144 84
255 145 84
255 145 84
255 145 83
255 145 83
255 146 83
255 146 83
255 146 83
255 146 82
255 146 82
255 147 82
255 147 82
255 147 81
255 147 81
255 148 81
255 148 81
255 148 81
255 148 80
255 148 80
255 149 80
255 149 80
255 149 79
255 149 79
255 150 79
255 150 79
255 150 78
255 150 78
255 150 78
255 151 78
255 151 78
255 151 77
255 151 77
255 152 77
255 152 77
255 152 76
255 152 76
255 152 76
255 153 76
255 153 76
255 153 75
255 153 75
255 154 75
255 154 75
255 154 74
255 154 74
255 155 74
255 155 74
255 155 74
255 155 73
255 155 73
255 156 73
255 156 73
255 156 72
255 156 72
255 157 72
255 157 72
255 157 72
255 157 71
255 157 71
255 158 71
255 158 71
255 158 70
255 158 70
255 159 70
255 159 70
255 159 70
255 159 69
255 159 69
255 160 69
255 160 69
255 160 68
255 160 68
255 161 68
255 161 68
255 161 67
255 161 67
255 161 67
255 162 67
255 162 67
255 162 66
255 162 66
255 163 66
255 163 66
255 163 65
255 163 65
255 163 65
255 164 65
255 164 65
255 164 64
255 164 64
255 165 64
255 165 64
255 165 63
255 165 63
255 165 63
255 166 63
255 166 63
255 166 62
255 166 62
255 167 62
255 167 62
255 167 61
255 167 61
255 168 61
255 168 61
255 168 61
255 168 60
255 168 60
255 169 60
255 169 60
255 169 59
255 169 59
255 170 59
255 170 59
255 170 59
255 170 58
255 170 58
255 171 58
255 171 58
255 171 57
255 171 57
255 172 57
255 172 57
255 172 57
255 172 56
255 172 56
255 173 56
255 173 56
255 173 55
255 173 55
255 174 55
255 174 55
255 174 54
255 174 54
255 174 54
255 175 54
255 175 54
255 175 53
255 175 53
255 176 53
255 176 53
255 176 52
255 176 52
255 176 52
255 177 52
255 177 52
255 177 51
255 177 51
255 178 51
255 178 51
255 178 50
255 178 50
255 178 50
255 179 50
255 179 50
255 179 49
255 179 49
255 180 49
255 180 49
255 180 48
255 180 48
255 181 48
255 181 48
255 181 48
255 181 47
255 181 47
255 182 47
255 182 47
255 182 46
255 182 46
255 183 46
255 183 46
255 183 46
255 183 45
255 183 45
255 184 45
255 184 45
255 184 44
255 184 44
255 185 44
255 185 44
255 185 44
255 185 43
255 185 43
255 186 43
255 186 43
255 186 42
255 186 42
255 187 42
255 187 42
255 187 41
255 187 41
255 187 41
255 188 41
255 188 41
255 188 40
255 188 40
255 189 40
255 189 40
255 189 39
255 189 39
255 189 39
255 190 39
255 190 39
255 190 38
255 190 38
255 191 38
255 191 38
255 191 37
255 191 37
255 191 37
255 192 37
255 192 37
255 192 36
255 192 36
255 193 36
255 193 36
255 193 35
255 193 35
255 194 35
255 194 35
255 194 35
255 194 34
255 194 34
255 195 34
255 195 34
255 195 33
255 195 33
255 196 33
255 196 33
255 196 33
255 196 32
255 196 32
255 197 32
255 197 32
255 197 31
255 197 31
255 198 31
255 198 31
255 198 30
255 198 30
255 198 30
255 199 30
255 199 30
255 199 29
255 199 29
255 200 29
255 200 29
255 200 28
255 200 28
255 200 28
255 201 28
255 201 28
255 201 27
255 201 27
255 202 27
255 202 27
255 202 26
255 202 26
255 202 26
255 203 26
255 203 26
255 203 25
255 203 25
255 204 25
255 204 25
255 204 24
255 204 24
255 205 24
255 205 24
255 205 24
255 205 23
255 205 23
255 206 23
255 206 23
255 206 22
255 206 22
255 207 22
255 207 22
255 207 22
255 207 21
255 207 21
255 208 21
255 208 21
255 208 20
255 208 20
255 209 20
255 209 20
255 209 20
255 209 19
255 209 19
255 210 19
255 210 19
255 210 18
255 210 18
255 211 18
255 211 18
255 211 17
255 211 17
255 211 17
255 212 17
255 212 17
255 212 16
255 212 16
255 213 16
255 213 16
255 213 15
255 213 15
255 213 15
255 214 15
255 214 15
255 214 14
255 214 14
255 215 14
255 215 14
255 215 13
255 215 13
255 215 13
255 216 13
255 216 13
255 216 12
255 216 12
255 217 12
255 217 12
255 217 11
255 217 11
255 218 11
255 218 11
255 218 11
255 218 10
255 218 10
255 219 10
255 219 10
255 219 9
255 219 9
255 220 9
255 220 9
255 220 9
255 220 8
255 220 8
255 221 8
255 221 8
255 221 7
255 221 7
255 222 7
255 222 7
255 222 7
255 222 6
255 222 6
255 223 6
255 223 6
255 223 5
255 223 5
255 224 5
255 224 5
255 224 4
255 224 4
255 224 4
255 225 4
255 225 4
255 225 3
255 225 3
255 226 3
255 226 3
255 226 2
255 226 2
255 226 2
255 227 2
255 227 2
255 227 1
255 227 1
255 228 1
255 228 1
255 228 0
255 228 0
255 228 0
255 229 0
255 229 0
255 229 1
255 229 2
255 229 3
255 229 5
255 229 6
255 229 8
255 229 9
255 229 10
255 229 12
255 229 13
255 229 15
255 229 16
255 229 17
255 229 19
255 229 20
255 229 22
255 229 23
255 229 24
255 229 26
255 229 27
255 229 29
255 229 30
255 229 31
255 229 33
255 229 34
255 229 36
255 229 37
255 229 38
255 229 40
255 229 41
255 229 43
255 229 44
255 229 45
255 229 47
255 229 48
255 229 50
255 229 51
255 229 52
255 229 54
255 229 55
255 229 57
255 229 58
255 229 59
255 229 61
255 229 62
255 229 64
255 229 65
255 229 66
255 229 68
255 229 69
255 229 71
255 229 72
255 229 73
255 229 75
255 229 76
255 229 78
255 229 79
255 229 80
255 229 82
255 229 83
255 229 85
255 229 86
255 229 87
255 229 89
255 229 90
255 229 92
255 229 93
255 229 94
255 229 96
255 229 97
255 229 99
255 229 100
255 229 101
255 229 103
255 229 104
255 229 106
255 229 107
255 229 108
255 229 110
255 229 111
255 229 113
255 229 114
255 229 115
255 229 117
255 229 118
255 229 120
255 229 121
255 229 122
255 229 124
255 229 125
255 229 127
255 229 128
255 229 129
255 229 131
255 229 132
255 229 134
255 229 135
255 229 137
255 229 138
255 229 139
255 229 141
255 229 142
255 229 144
255 229 145
255 229 146
255 229 148
255 229 149
255 229 151
255 229 152
255 229 153
255 229 155
255 229 156
255 229 158
255 229 159
255 229 160
255 229 162
255 229 163
255 229 165
255 229 166
255 229 167
255 229 169
255 229 170
255 229 172
255 229 173
255 229 174
255 229 176
255 229 177
255 229 179
255 229 180
255 229 181
255 229 183
255 229 184
255 229 186
255 229 187
255 229 188
255 229 190
255 229 191
255 229 193
255 229 194
255 229 195
255 229 197
255 229 198
255 229 200
255 229 201
255 229 202
255 229 204
255 229 205
255 229 207
255 229 208
255 229 209
255 229 211
255 229 212
255 229 214
255 229 215
255 229 216
255 229 218
255 229 219
255 229 221
255 229 222
255 229 223
255 229 225
255 229 226
255 229 228
255 229 229
