247 226 220
246 226 220
246 226 220
246 226 220
246 226 220
246 226 220
246 226 220
246 226 219
246 226 219
246 226 219
246 226 219
246 226 219
246 226 219
246 226 219
246 226 219
245 226 219
245 226 219
245 226 219
245 226 219
245 226 219
245 226 219
245 226 218
245 226 218
245 226 218
245 226 218
245 226 218
245 226 218
245 226 218
245 226 218
244 226 218
244 226 218
244 226 218
244 226 218
244 225 218
244 225 217
244 225 217
244 225 217
244 225 217
244 225 217
244 225 217
244 225 217
244 225 217
244 225 217
243 225 217
243 225 217
243 225 217
243 225 217
243 225 217
243 225 216
243 225 216
243 225 216
243 225 216
243 225 216
243 225 216
243 225 216
243 225 216
243 225 216
242 225 216
242 225 216
242 225 216
242 225 216
242 225 215
242 225 215
242 225 215
242 225 215
242 225 215
242 225 215
242 225 215
242 225 215
242 225 215
242 225 215
242 225 215
241 225 215
241 225 215
241 224 215
241 224 214
241 224 214
241 224 214
241 224 214
241 224 214
241 224 214
241 224 214
241 224 214
241 224 214
241 224 214
241 224 214
240 224 214
240 224 214
240 224 213
240 224 213
240 224 213
240 224 213
240 224 213
240 224 213
240 224 213
240 224 213
240 224 213
240 224 213
240 224 213
240 224 213
239 224 213
239 224 213
239 224 212
239 224 212
239 224 212
239 224 212
239 224 212
239 224 212
239 224 212
239 224 212
239 224 212
239 224 212
239 224 212
239 224 212
238 223 212
238 223 212
238 223 211
238 223 211
238 223 211
238 223 211
238 223 211
238 223 211
238 223 211
238 223 211
238 223 211
238 223 211
238 223 211
238 223 211
237 223 211
237 223 210
237 223 210
237 223 210
237 223 210
237 223 210
237 223 210
237 223 210
237 223 210
237 223 210
237 223 210
237 223 210
237 223 210
237 223 210
237 223 210
236 223 209
236 223 209
236 223 209
236 223 209
236 223 209
236 223 209
236 223 209
236 223 209
236 223 209
236 223 209
236 223 209
236 223 209
236 222 209
236 222 208
235 222 208
235 222 208
235 222 208
235 222 208
235 222 208
235 222 208
235 222 208
235 222 208
235 222 208
235 222 208
235 222 208
235 222 208
235 222 208
235 222 207
234 222 207
234 222 207
234 222 207
234 222 207
234 222 207
234 222 207
234 222 207
234 222 207
234 222 207
234 222 207
234 222 207
234 222 207
234 222 206
234 222 206
233 222 206
233 222 206
233 222 206
233 222 206
233 222 206
233 222 206
233 222 206
233 222 206
233 222 206
233 222 206
233 221 206
233 221 206
233 221 205
233 221 205
233 221 205
232 221 205
232 221 205
232 221 205
232 221 205
232 221 205
232 221 205
232 221 205
232 221 205
232 221 205
232 221 205
232 221 204
232 221 204
232 221 204
232 221 204
231 221 204
231 221 204
231 221 204
231 221 204
231 221 204
231 221 204
231 221 204
231 221 204
231 221 204
231 221 204
231 221 203
231 221 203
231 221 203
231 221 203
230 221 203
230 221 203
230 221 203
230 221 203
230 221 203
230 221 203
230 221 203
230 221 203
230 220 203
230 220 202
230 220 202
230 220 202
230 220 202
230 220 202
229 220 202
229 220 202
229 220 202
229 220 202
229 220 202
229 220 202
229 220 202
229 220 202
229 220 202
229 220 201
229 220 201
229 220 201
229 220 201
229 220 201
228 220 201
228 220 201
228 220 201
228 220 201
228 220 201
228 220 201
228 220 200
228 220 200
228 220 200
227 220 200
227 220 200
227 220 200
227 219 200
227 219 200
227 219 200
227 219 199
227 219 199
226 219 199
226 219 199
226 219 199
226 219 199
226 219 199
226 219 199
226 219 198
226 219 198
226 219 198
225 219 198
225 219 198
225 219 198
225 219 198
225 219 198
225 219 198
225 219 197
225 219 197
224 219 197
224 219 197
224 218 197
224 218 197
224 218 197
224 218 197
224 218 197
224 218 196
224 218 196
223 218 196
223 218 196
223 218 196
223 218 196
223 218 196
223 218 196
223 218 196
223 218 195
223 218 195
222 218 195
222 218 195
222 218 195
222 218 195
222 218 195
222 218 195
222 218 195
222 218 194
221 217 194
221 217 194
221 217 194
221 217 194
221 217 194
221 217 194
221 217 194
221 217 194
221 217 193
220 217 193
220 217 193
220 217 193
220 217 193
220 217 193
220 217 193
220 217 193
220 217 193
219 217 192
219 217 192
219 217 192
219 217 192
219 217 192
219 217 192
219 216 192
219 216 192
219 216 192
218 216 191
218 216 191
218 216 191
218 216 191
218 216 191
218 216 191
218 216 191
218 216 191
217 216 191
217 216 190
217 216 190
217 216 190
217 216 190
217 216 190
217 216 190
217 216 190
217 216 190
216 216 189
216 216 189
216 216 189
216 216 189
216 215 189
216 215 189
216 215 189
216 215 189
215 215 189
215 215 188
215 215 188
215 215 188
215 215 188
215 215 188
215 215 188
215 215 188
215 215 188
214 215 188
214 215 187
214 215 187
214 215 187
214 215 187
214 215 187
214 215 187
214 215 187
213 215 187
213 215 187
213 215 186
213 214 186
213 214 186
213 214 186
213 214 186
213 214 186
213 214 186
212 214 186
212 214 186
212 214 185
212 214 185
212 214 185
212 214 185
212 214 185
212 214 185
211 214 185
211 214 185
211 214 185
211 214 184
211 214 184
211 214 184
211 214 184
211 214 184
211 214 184
210 213 184
210 213 184
210 213 184
210 213 183
210 213 183
210 213 183
210 213 183
210 213 183
209 213 183
209 213 183
209 213 183
209 213 183
209 213 182
209 213 182
209 213 182
209 213 182
209 213 182
208 213 182
208 213 182
208 213 182
208 213 182
208 213 181
208 213 181
208 213 181
208 212 181
207 212 181
207 212 181
207 212 181
207 212 181
207 212 180
207 212 180
207 212 180
207 212 180
207 212 180
206 212 180
206 212 180
206 212 180
206 212 180
206 212 179
206 212 179
206 212 179
206 212 179
206 212 179
205 212 179
205 212 179
205 212 179
205 212 179
205 212 178
205 211 178
205 211 178
205 211 178
204 211 178
204 211 178
204 211 178
204 211 178
204 211 178
204 211 177
204 211 177
204 211 177
204 211 177
203 211 177
203 211 177
203 211 177
203 211 177
203 211 177
203 211 176
203 211 176
203 211 176
202 211 176
202 211 176
202 211 176
202 210 176
202 210 176
202 210 176
202 210 175
202 210 175
202 210 175
201 210 175
201 210 175
201 210 175
201 210 175
201 210 175
201 210 175
201 210 174
201 210 174
200 210 174
200 210 174
200 210 174
200 210 174
200 210 174
200 210 174
200 210 174
200 210 173
200 210 173
199 210 173
199 209 173
199 209 173
199 209 173
199 209 173
199 209 173
199 209 172
199 209 172
198 209 172
198 209 172
198 209 172
198 209 172
198 209 172
198 209 172
198 209 171
197 209 171
197 209 171
197 209 171
197 209 171
197 209 171
197 209 171
197 208 171
196 208 170
196 208 170
196 208 170
196 208 170
196 208 170
196 208 170
195 208 170
195 208 170
195 208 169
195 208 169
195 208 169
195 208 169
195 208 169
194 208 169
194 208 169
194 208 168
194 207 168
194 207 168
194 207 168
194 207 168
193 207 168
193 207 168
193 207 168
193 207 167
193 207 167
193 207 167
193 207 167
192 207 167
192 207 167
192 207 167
192 207 167
192 207 166
192 207 166
191 207 166
191 206 166
191 206 166
191 206 166
191 206 166
191 206 166
191 206 165
190 206 165
190 206 165
190 206 165
190 206 165
190 206 165
190 206 165
190 206 164
189 206 164
189 206 164
189 206 164
189 206 164
189 206 164
189 205 164
189 205 164
188 205 163
188 205 163
188 205 163
188 205 163
188 205 163
188 205 163
187 205 163
187 205 163
187 205 162
187 205 162
187 205 162
187 205 162
187 205 162
186 205 162
186 205 162
186 205 161
186 204 161
186 204 161
186 204 161
186 204 161
185 204 161
185 204 161
185 204 161
185 204 160
185 204 160
185 204 160
185 204 160
184 204 160
184 204 160
184 204 160
184 204 160
184 204 159
184 204 159
183 204 159
183 203 159
183 203 159
183 203 159
183 203 159
183 203 158
183 203 158
182 203 158
182 203 158
182 203 158
182 203 158
182 203 158
182 203 158
182 203 157
181 203 157
181 203 157
181 203 157
181 203 157
181 202 157
181 202 157
180 202 157
180 202 156
180 202 156
180 202 156
180 202 156
180 202 156
180 202 156
179 202 156
179 202 155
179 202 155
179 202 155
179 202 155
179 202 155
179 202 155
178 202 155
178 202 155
178 201 154
178 201 154
178 201 154
178 201 154
178 201 154
177 201 154
177 201 154
177 201 154
177 201 153
177 201 153
177 201 153
176 201 153
176 201 153
176 201 153
176 201 153
176 201 152
176 201 152
176 201 152
175 200 152
175 200 152
175 200 152
175 200 152
175 200 152
175 200 151
175 200 151
174 200 151
174 200 151
174 200 151
174 200 151
174 200 151
174 200 151
174 200 150
173 200 150
173 200 150
173 200 150
173 200 150
173 199 150
173 199 150
172 199 149
172 199 149
172 199 149
172 199 149
172 199 149
172 199 149
172 199 149
171 199 149
171 199 148
171 199 148
171 199 148
171 199 148
171 199 148
171 199 148
170 199 148
170 198 148
170 198 147
170 198 147
170 198 147
170 198 147
170 198 147
169 198 147
169 198 147
169 198 146
169 198 146
169 198 146
169 198 146
168 198 146
168 198 146
168 198 146
168 198 146
168 198 145
168 198 145
168 197 145
167 197 145
167 197 145
167 197 145
167 197 145
167 197 145
167 197 144
167 197 144
166 197 144
166 197 144
166 197 144
166 197 144
166 197 144
166 197 144
165 197 143
165 197 143
165 197 143
165 197 143
165 196 143
165 196 143
165 196 143
164 196 142
164 196 142
164 196 142
164 196 142
164 196 142
164 196 142
164 196 142
163 196 142
163 196 141
163 196 141
163 196 141
163 196 141
163 196 141
163 196 141
162 196 141
162 195 141
162 195 140
162 195 140
162 195 140
162 195 140
161 195 140
161 195 140
161 195 140
161 195 139
161 195 139
161 195 139
161 195 139
160 195 139
160 195 139
160 195 139
160 195 139
160 194 138
160 194 138
159 194 138
159 194 138
159 194 138
159 194 138
159 194 138
158 194 138
158 194 137
158 194 137
158 194 137
158 194 137
158 194 137
157 194 137
157 193 137
157 193 136
157 193 136
157 193 136
157 193 136
156 193 136
156 193 136
156 193 136
156 193 136
156 193 135
156 193 135
155 193 135
155 193 135
155 192 135
155 192 135
155 192 135
154 192 135
154 192 134
154 192 134
154 192 134
154 192 134
154 192 134
153 192 134
153 192 134
153 192 133
153 192 133
153 192 133
153 191 133
152 191 133
152 191 133
152 191 133
152 191 133
152 191 132
151 191 132
151 191 132
151 191 132
151 191 132
151 191 132
151 191 132
150 191 132
150 190 131
150 190 131
150 190 131
150 190 131
150 190 131
149 190 131
149 190 131
149 190 130
149 190 130
149 190 130
148 190 130
148 190 130
148 190 130
148 190 130
148 189 130
148 189 129
147 189 129
147 189 129
147 189 129
147 189 129
147 189 129
147 189 129
146 189 129
146 189 128
146 189 128
146 189 128
146 189 128
145 188 128
145 188 128
145 188 128
145 188 127
145 188 127
145 188 127
144 188 127
144 188 127
144 188 127
144 188 127
144 188 127
144 188 126
143 188 126
143 188 126
143 187 126
143 187 126
143 187 126
142 187 126
142 187 126
142 187 125
142 187 125
142 187 125
142 187 125
141 187 125
141 187 125
141 187 125
141 187 125
141 186 124
141 186 124
140 186 124
140 186 124
140 186 124
140 186 124
140 186 124
140 186 123
139 186 123
139 186 123
139 186 123
139 186 123
139 186 123
138 186 123
138 185 123
138 185 122
138 185 122
138 185 122
138 185 122
137 185 122
137 185 122
137 185 122
137 185 122
137 185 121
137 185 121
136 185 121
136 185 121
136 185 121
136 184 121
136 184 121
135 184 120
135 184 120
135 184 120
135 184 120
135 184 120
135 184 120
134 184 120
134 184 120
134 184 119
134 184 119
134 184 119
134 183 119
133 183 119
133 183 119
133 183 119
133 183 119
133 183 118
132 183 118
132 183 118
132 183 118
132 183 118
132 183 118
132 183 118
131 183 117
131 183 117
131 182 117
131 182 117
131 182 117
131 182 117
130 182 117
130 182 117
130 182 116
130 182 116
130 182 116
129 182 116
129 182 116
129 182 116
129 182 116
129 181 116
129 181 115
128 181 115
128 181 115
128 181 115
128 181 115
128 181 115
128 181 115
127 181 114
127 181 114
127 181 114
127 181 114
127 181 114
126 181 114
126 180 114
126 180 114
126 180 113
126 180 113
126 180 113
125 180 113
125 180 113
125 180 113
125 180 113
125 180 113
125 180 112
124 180 112
124 180 112
124 179 112
124 179 112
124 179 112
124 179 112
123 179 111
123 179 111
123 179 111
123 179 111
123 179 111
122 179 111
122 179 111
122 179 111
122 179 110
122 179 110
122 178 110
121 178 110
121 178 110
121 178 110
121 178 110
121 178 110
121 178 109
120 178 109
120 178 109
120 178 109
120 178 109
120 178 109
119 178 109
119 177 108
119 177 108
119 177 108
119 177 108
119 177 108
118 177 108
118 177 108
118 177 108
118 177 107
118 177 107
118 177 107
117 177 107
117 177 107
117 177 107
117 176 107
117 176 107
116 176 106
116 176 106
116 176 106
116 176 106
116 176 106
116 176 106
115 176 106
115 176 106
115 176 105
115 176 105
115 176 105
114 175 105
114 175 105
114 175 105
114 175 105
114 175 105
113 175 105
113 175 105
113 175 105
113 175 105
113 175 104
112 175 104
112 174 104
112 174 104
112 174 104
112 174 104
111 174 104
111 174 104
111 174 104
111 174 104
111 174 104
110 174 103
110 174 103
110 173 103
110 173 103
110 173 103
109 173 103
109 173 103
109 173 103
109 173 103
109 173 103
108 173 103
108 173 102
108 173 102
108 173 102
108 172 102
107 172 102
107 172 102
107 172 102
107 172 102
107 172 102
106 172 102
106 172 102
106 172 102
106 172 101
106 172 101
105 171 101
105 171 101
105 171 101
105 171 101
105 171 101
104 171 101
104 171 101
104 171 101
104 171 101
104 171 100
103 171 100
103 170 100
103 170 100
103 170 100
103 170 100
102 170 100
102 170 100
102 170 100
102 170 100
102 170 100
101 170 100
101 170 99
101 170 99
101 169 99
101 169 99
100 169 99
100 169 99
100 169 99
100 169 99
100 169 99
99 169 99
99 169 99
99 169 98
99 169 98
99 168 98
98 168 98
98 168 98
98 168 98
98 168 98
98 168 98
97 168 98
97 168 98
97 168 98
97 168 97
97 168 97
96 168 97
96 167 97
96 167 97
96 167 97
96 167 97
95 167 97
95 167 97
95 167 97
95 167 97
95 167 97
94 167 96
94 167 96
94 166 96
94 166 96
94 166 96
93 166 96
93 166 96
93 166 96
93 166 96
93 166 96
92 166 96
92 166 95
92 166 95
92 165 95
92 165 95
91 165 95
91 165 95
91 165 95
91 165 95
91 165 95
90 165 95
90 165 95
90 165 94
90 165 94
90 165 94
89 164 94
89 164 94
89 164 94
89 164 94
89 164 94
88 164 94
88 164 94
88 164 94
88 164 94
88 164 93
87 164 93
87 163 93
87 163 93
87 163 93
87 163 93
86 163 93
86 163 93
86 163 93
86 163 93
86 163 93
86 163 92
85 163 92
85 162 92
85 162 92
85 162 92
85 162 92
84 162 92
84 162 92
84 162 92
84 162 92
84 162 92
83 162 91
83 162 91
83 162 91
83 161 91
83 161 91
82 161 91
82 161 91
82 161 91
82 161 91
82 161 91
81 161 91
81 161 91
81 161 90
81 161 90
81 160 90
80 160 90
80 160 90
80 160 90
80 160 90
80 160 90
79 160 90
79 160 90
79 160 90
79 160 89
79 160 89
78 160 89
78 159 89
78 159 89
78 159 89
78 159 89
77 159 89
77 159 89
77 159 89
77 159 89
77 159 89
76 159 88
76 159 88
76 158 88
76 158 88
76 158 88
75 158 88
75 158 88
75 158 88
75 158 88
75 158 88
74 158 88
74 158 87
74 158 87
74 157 87
74 157 87
73 157 87
73 157 87
73 157 87
73 157 87
73 157 87
72 157 87
72 157 87
72 157 86
72 157 86
72 157 86
71 156 86
71 156 86
71 156 86
71 156 86
71 156 86
70 156 86
70 156 86
70 156 86
70 156 86
70 156 85
69 156 85
69 155 85
69 155 85
69 155 85
69 155 85
68 155 85
68 155 85
68 155 85
68 155 85
68 155 85
67 155 84
67 155 84
67 154 84
67 154 84
67 154 84
66 154 84
66 154 84
66 154 84
66 154 84
66 154 84
65 154 84
65 154 83
65 154 83
65 154 83
65 153 83
64 153 83
64 153 83
64 153 83
64 153 83
64 153 83
64 153 83
64 153 83
64 153 83
63 152 82
63 152 82
63 152 82
63 152 82
63 152 82
63 152 82
63 152 82
63 152 82
63 152 82
62 151 82
62 151 82
62 151 82
62 151 81
62 151 81
62 151 81
62 151 81
62 151 81
61 151 81
61 150 81
61 150 81
61 150 81
61 150 81
61 150 81
61 150 81
61 150 80
61 150 80
60 150 80
60 149 80
60 149 80
60 149 80
60 149 80
60 149 80
60 149 80
60 149 80
60 149 80
59 148 80
59 148 79
59 148 79
59 148 79
59 148 79
59 148 79
59 148 79
59 148 79
58 148 79
58 147 79
58 147 79
58 147 79
58 147 79
58 147 78
58 147 78
58 147 78
58 147 78
57 147 78
57 146 78
57 146 78
57 146 78
57 146 78
57 146 78
57 146 78
57 146 77
56 146 77
56 146 77
56 145 77
56 145 77
56 145 77
56 145 77
56 145 77
56 145 77
56 145 77
55 145 77
55 145 77
55 144 76
55 144 76
55 144 76
55 144 76
55 144 76
55 144 76
54 144 76
54 144 76
54 144 76
54 143 76
54 143 76
54 143 76
54 143 75
54 143 75
54 143 75
53 143 75
53 143 75
53 143 75
53 142 75
53 142 75
53 142 75
53 142 75
53 142 75
52 142 75
52 142 74
52 142 74
52 142 74
52 141 74
52 141 74
52 141 74
52 141 74
52 141 74
51 141 74
51 141 74
51 141 74
51 140 74
51 140 73
51 140 73
51 140 73
51 140 73
50 140 73
50 140 73
50 140 73
50 140 73
50 139 73
50 139 73
50 139 73
50 139 73
50 139 72
49 139 72
49 139 72
49 139 72
49 139 72
49 138 72
49 138 72
49 138 72
49 138 72
48 138 72
48 138 72
48 138 71
48 138 71
48 138 71
48 137 71
48 137 71
48 137 71
48 137 71
47 137 71
47 137 71
47 137 71
47 137 71
47 137 71
47 136 70
47 136 70
47 136 70
46 136 70
46 136 70
46 136 70
46 136 70
46 136 70
46 136 70
46 135 70
46 135 70
46 135 70
45 135 69
45 135 69
45 135 69
45 135 69
45 135 69
45 135 69
45 134 69
45 134 69
44 134 69
44 134 69
44 134 69
44 134 69
44 134 68
44 134 68
44 134 68
44 133 68
44 133 68
43 133 68
43 133 68
43 133 68
43 133 68
43 133 68
43 133 68
43 133 68
43 132 67
43 132 67
42 132 67
42 132 67
42 132 67
42 132 67
42 132 67
42 132 67
42 131 67
42 131 67
41 131 67
41 131 67
41 131 66
41 131 66
41 131 66
41 131 66
41 131 66
41 130 66
41 130 66
40 130 66
40 130 66
40 130 66
40 130 66
40 130 66
40 130 65
40 130 65
40 129 65
39 129 65
39 129 65
39 129 65
39 129 65
39 129 65
39 129 65
39 129 65
39 129 65
39 128 64
38 128 64
38 128 64
38 128 64
38 128 64
38 128 64
38 128 64
38 128 64
38 128 64
37 127 64
37 127 64
37 127 64
37 127 63
37 127 63
37 127 63
37 127 63
37 127 63
37 127 63
36 126 63
36 126 63
36 126 63
36 126 63
36 126 63
36 126 63
36 126 62
36 126 62
35 126 62
35 125 62
35 125 62
35 125 62
35 125 62
35 125 62
35 125 62
35 125 62
35 125 62
34 125 62
34 124 61
34 124 61
34 124 61
34 124 61
34 124 61
34 124 61
33 124 61
33 124 61
33 124 61
33 123 61
33 123 61
33 123 60
33 123 60
32 123 60
32 123 60
32 123 60
32 123 60
32 123 60
32 123 60
32 122 60
32 122 60
31 122 60
31 122 60
31 122 59
31 122 59
31 122 59
31 122 59
31 122 59
30 121 59
30 121 59
30 121 59
30 121 59
30 121 59
30 121 59
30 121 58
29 121 58
29 121 58
29 121 58
29 120 58
29 120 58
29 120 58
29 120 58
29 120 58
28 120 58
28 120 58
28 120 57
28 120 57
28 119 57
28 119 57
28 119 57
27 119 57
27 119 57
27 119 57
27 119 57
27 119 57
27 119 57
27 119 57
26 118 56
26 118 56
26 118 56
26 118 56
26 118 56
26 118 56
26 118 56
26 118 56
25 118 56
25 117 56
25 117 56
25 117 55
25 117 55
25 117 55
25 117 55
24 117 55
24 117 55
24 117 55
24 117 55
24 116 55
24 116 55
24 116 55
23 116 54
23 116 54
23 116 54
23 116 54
23 116 54
23 116 54
23 115 54
22 115 54
22 115 54
22 115 54
22 115 54
22 115 54
22 115 53
22 115 53
22 115 53
21 114 53
21 114 53
21 114 53
21 114 53
21 114 53
21 114 53
21 114 53
20 114 53
20 114 52
20 114 52
20 113 52
20 113 52
20 113 52
20 113 52
19 113 52
19 113 52
19 113 52
19 113 52
19 113 52
19 112 52
19 112 51
19 112 51
18 112 51
18 112 51
18 112 51
18 112 51
18 112 51
18 112 51
18 112 51
17 111 51
17 111 51
17 111 50
17 111 50
17 111 50
17 111 50
17 111 50
16 111 50
16 111 50
16 110 50
16 110 50
16 110 50
16 110 50
16 110 49
16 110 49
15 110 49
15 110 49
15 110 49
15 110 49
15 109 49
15 109 49
15 109 49
14 109 49
14 109 49
14 109 49
14 109 48
14 109 48
14 109 48
14 108 48
13 108 48
13 108 48
13 108 48
13 108 48
13 108 48
13 108 48
13 108 48
13 108 47
12 108 47
12 107 47
12 107 47
12 107 47
12 107 47
12 107 47
12 107 47
11 107 47
11 107 47
11 107 47
11 106 46
11 106 46
11 106 46
11 106 46
10 106 46
10 106 46
10 106 46
10 106 46
10 106 46
10 106 46
10 105 46
10 105 46
9 105 45
9 105 45
9 105 45
9 105 45
9 105 45
9 105 45
9 105 45
8 104 45
8 104 45
8 104 45
8 104 45
8 104 44
8 104 44
8 104 44
7 104 44
7 104 44
7 104 44
7 103 44
7 103 44
7 103 44
7 103 44
6 103 44
6 103 44
6 103 43
6 103 43
6 103 43
6 102 43
6 102 43
6 102 43
5 102 43
5 102 43
5 102 43
5 102 43
5 102 43
5 102 42
5 102 42
4 101 42
4 101 42
4 101 42
4 101 42
4 101 42
4 101 42
4 101 42
3 101 42
3 101 42
3 100 41
3 100 41
3 100 41
3 100 41
3 100 41
3 100 41
2 100 41
2 100 41
2 100 41
2 100 41
2 99 41
2 99 41
2 99 40
1 99 40
1 99 40
1 99 40
1 99 40
1 99 40
1 99 40
1 98 40
0 98 40
0 98 40
0 98 40
0 98 39
0 98 39
0 98 39
0 98 39
0 98 39
0 97 39
0 97 39
0 97 39
0 97 39
0 97 39
0 97 39
0 97 39
0 96 39
0 96 39
0 96 39
0 96 38
0 96 38
0 96 38
0 96 38
0 95 38
0 95 38
0 95 38
0 95 38
0 95 38
0 95 38
0 95 38
0 94 38
0 94 38
0 94 38
0 94 38
0 94 38
0 94 37
0 94 37
0 93 37
0 93 37
0 93 37
0 93 37
0 93 37
0 93 37
0 93 37
0 92 37
0 92 37
0 92 37
0 92 37
0 92 37
0 92 37
0 92 37
0 91 37
0 91 36
0 91 36
0 91 36
0 91 36
0 91 36
0 91 36
0 90 36
0 90 36
0 90 36
0 90 36
0 90 36
0 90 36
0 90 36
0 89 36
0 89 36
0 89 36
0 89 36
0 89 35
0 89 35
0 89 35
0 88 35
0 88 35
0 88 35
0 88 35
0 88 35
0 88 35
0 88 35
0 87 35
0 87 35
0 87 35
0 87 35
0 87 35
0 87 35
0 87 35
0 86 34
0 86 34
0 86 34
0 86 34
0 86 34
0 86 34
0 86 34
0 85 34
0 85 34
0 85 34
0 85 34
0 85 34
0 85 34
0 84 34
0 84 34
0 84 34
0 84 33
0 84 33
0 84 33
0 84 33
0 83 33
0 83 33
0 83 33
0 83 33
0 83 33
0 83 33
0 83 33
0 82 33
0 82 33
0 82 33
0 82 33
0 82 33
0 82 33
0 82 32
0 81 32
0 81 32
0 81 32
0 81 32
0 81 32
0 81 32
0 81 32
0 80 32
0 80 32
0 80 32
0 80 32
0 80 32
0 80 32
0 80 32
0 79 32
0 79 32
0 79 31
0 79 31
0 79 31
0 79 31
0 79 31
0 78 31
0 78 31
0 78 31
0 78 31
0 78 31
0 78 31
0 78 31
0 77 31
0 77 31
0 77 31
0 77 31
0 77 30
0 77 30
0 77 30
0 76 30
0 76 30
0 76 30
0 76 30
0 76 30
0 76 30
0 76 30
0 75 30
0 75 30
0 75 30
0 75 30
0 75 30
0 75 30
0 75 30
0 74 29
0 74 29
0 74 29
0 74 29
0 74 29
0 74 29
0 74 29
0 73 29
0 73 29
0 73 29
0 73 29
0 73 29
0 73 29
0 73 29
0 72 29
0 72 29
0 72 29
0 72 28
0 72 28
0 72 28
0 72 28
0 71 28
0 71 28
0 71 28
0 71 28
0 71 28
0 71 28
0 71 28
0 70 28
0 70 28
0 70 28
0 70 28
0 70 28
0 70 28
0 69 27
0 69 27
0 69 27
0 69 27
0 69 27
0 69 27
0 69 27
0 68 27
0 68 27
0 68 27
0 68 27
0 68 27
0 68 27
0 68 27
0 67 27
0 67 27
0 67 26
0 67 26
0 67 26
0 67 26
0 67 26
0 66 26
0 66 26
0 66 26
0 66 26
0 66 26
0 66 26
0 66 26
0 65 26
0 65 26
0 65 26
0 65 26
0 65 26
0 65 25
0 65 25
0 64 25
0 64 25
0 64 25
0 64 25
0 64 25
0 64 25
0 64 25
0 63 25
0 63 25
0 63 25
0 63 25
0 63 25
0 63 25
0 63 25
0 62 25
0 62 24
0 62 24
0 62 24
0 62 24
0 62 24
0 62 24
0 61 24
0 61 24
0 61 24
0 61 24
0 61 24
0 61 24
