10 0 0
10 0 0
11 0 0
11 0 0
11 0 0
12 0 0
12 0 0
12 0 0
13 0 0
13 0 0
13 0 0
14 0 0
14 0 0
14 0 0
15 0 0
15 0 0
15 0 0
16 0 0
16 0 0
16 0 0
17 0 0
17 0 0
17 0 0
18 0 0
18 0 0
18 0 0
19 0 0
19 0 0
19 0 0
20 0 0
20 0 0
20 0 0
21 0 0
21 0 0
21 0 0
22 0 0
22 0 0
22 0 0
23 0 0
23 0 0
23 0 0
24 0 0
24 0 0
24 0 0
24 0 0
25 0 0
25 0 0
25 0 0
26 0 0
26 0 0
26 0 0
27 0 0
27 0 0
27 0 0
28 0 0
28 0 0
28 0 0
29 0 0
29 0 0
29 0 0
30 0 0
30 0 0
30 0 0
31 0 0
31 0 0
31 0 0
32 0 0
32 0 0
32 0 0
33 0 0
33 0 0
33 0 0
34 0 0
34 0 0
34 0 0
35 0 0
35 0 0
35 0 0
36 0 0
36 0 0
36 0 0
37 0 0
37 0 0
37 0 0
38 0 0
38 0 0
38 0 0
39 0 0
39 0 0
39 0 0
40 0 0
40 0 0
40 0 0
41 0 0
41 0 0
41 0 0
42 0 0
42 0 0
42 0 0
42 0 0
43 0 0
43 0 0
43 0 0
44 0 0
44 0 0
44 0 0
45 0 0
45 0 0
45 0 0
46 0 0
46 0 0
46 0 0
47 0 0
47 0 0
47 0 0
48 0 0
48 0 0
48 0 0
49 0 0
49 0 0
49 0 0
50 0 0
50 0 0
50 0 0
51 0 0
51 0 0
51 0 0
52 0 0
52 0 0
52 0 0
53 0 0
53 0 0
53 0 0
54 0 0
54 0 0
54 0 0
55 0 0
55 0 0
55 0 0
56 0 0
56 0 0
56 0 0
57 0 0
57 0 0
57 0 0
58 0 0
58 0 0
58 0 0
59 0 0
59 0 0
59 0 0
59 0 0
60 0 0
60 0 0
60 0 0
61 0 0
61 0 0
61 0 0
62 0 0
62 0 0
62 0 0
63 0 0
63 0 0
63 0 0
64 0 0
64 0 0
64 0 0
65 0 0
65 0 0
65 0 0
66 0 0
66 0 0
66 0 0
67 0 0
67 0 0
67 0 0
68 0 0
68 0 0
68 0 0
69 0 0
69 0 0
69 0 0
70 0 0
70 0 0
70 0 0
71 0 0
71 0 0
71 0 0
72 0 0
72 0 0
72 0 0
73 0 0
73 0 0
73 0 0
74 0 0
74 0 0
74 0 0
75 0 0
75 0 0
75 0 0
76 0 0
76 0 0
76 0 0
76 0 0
77 0 0
77 0 0
77 0 0
78 0 0
78 0 0
78 0 0
79 0 0
79 0 0
79 0 0
80 0 0
80 0 0
80 0 0
81 0 0
81 0 0
81 0 0
82 0 0
82 0 0
82 0 0
83 0 0
83 0 0
83 0 0
84 0 0
84 0 0
84 0 0
85 0 0
85 0 0
85 0 0
86 0 0
86 0 0
86 0 0
87 0 0
87 0 0
87 0 0
88 0 0
88 0 0
88 0 0
89 0 0
89 0 0
89 0 0
90 0 0
90 0 0
90 0 0
91 0 0
91 0 0
91 0 0
92 0 0
92 0 0
92 0 0
93 0 0
93 0 0
93 0 0
93 0 0
94 0 0
94 0 0
94 0 0
95 0 0
95 0 0
95 0 0
96 0 0
96 0 0
96 0 0
97 0 0
97 0 0
97 0 0
98 0 0
98 0 0
98 0 0
99 0 0
99 0 0
99 0 0
100 0 0
100 0 0
100 0 0
101 0 0
101 0 0
101 0 0
102 0 0
102 0 0
102 0 0
103 0 0
103 0 0
103 0 0
104 0 0
104 0 0
104 0 0
105 0 0
105 0 0
105 0 0
106 0 0
106 0 0
106 0 0
107 0 0
107 0 0
107 0 0
108 0 0
108 0 0
108 0 0
109 0 0
109 0 0
109 0 0
110 0 0
110 0 0
110 0 0
111 0 0
111 0 0
111 0 0
111 0 0
112 0 0
112 0 0
112 0 0
113 0 0
113 0 0
113 0 0
114 0 0
114 0 0
114 0 0
115 0 0
115 0 0
115 0 0
116 0 0
116 0 0
116 0 0
117 0 0
117 0 0
117 0 0
118 0 0
118 0 0
118 0 0
119 0 0
119 0 0
119 0 0
120 0 0
120 0 0
120 0 0
121 0 0
121 0 0
121 0 0
122 0 0
122 0 0
122 0 0
123 0 0
123 0 0
123 0 0
124 0 0
124 0 0
124 0 0
125 0 0
125 0 0
125 0 0
126 0 0
126 0 0
126 0 0
127 0 0
127 0 0
127 0 0
128 0 0
128 0 0
128 0 0
128 0 0
129 0 0
129 0 0
129 0 0
130 0 0
130 0 0
130 0 0
131 0 0
131 0 0
131 0 0
132 0 0
132 0 0
132 0 0
133 0 0
133 0 0
133 0 0
134 0 0
134 0 0
134 0 0
135 0 0
135 0 0
135 0 0
136 0 0
136 0 0
136 0 0
137 0 0
137 0 0
137 0 0
138 0 0
138 0 0
138 0 0
139 0 0
139 0 0
139 0 0
140 0 0
140 0 0
140 0 0
141 0 0
141 0 0
141 0 0
142 0 0
142 0 0
142 0 0
143 0 0
143 0 0
143 0 0
144 0 0
144 0 0
144 0 0
145 0 0
145 0 0
145 0 0
145 0 0
146 0 0
146 0 0
146 0 0
147 0 0
147 0 0
147 0 0
148 0 0
148 0 0
148 0 0
149 0 0
149 0 0
149 0 0
150 0 0
150 0 0
150 0 0
151 0 0
151 0 0
151 0 0
152 0 0
152 0 0
152 0 0
153 0 0
153 0 0
153 0 0
154 0 0
154 0 0
154 0 0
155 0 0
155 0 0
155 0 0
156 0 0
156 0 0
156 0 0
157 0 0
157 0 0
157 0 0
158 0 0
158 0 0
158 0 0
159 0 0
159 0 0
159 0 0
160 0 0
160 0 0
160 0 0
161 0 0
161 0 0
161 0 0
162 0 0
162 0 0
162 0 0
163 0 0
163 0 0
163 0 0
163 0 0
164 0 0
164 0 0
164 0 0
165 0 0
165 0 0
165 0 0
166 0 0
166 0 0
166 0 0
167 0 0
167 0 0
167 0 0
168 0 0
168 0 0
168 0 0
169 0 0
169 0 0
169 0 0
170 0 0
170 0 0
170 0 0
171 0 0
171 0 0
171 0 0
172 0 0
172 0 0
172 0 0
173 0 0
173 0 0
173 0 0
174 0 0
174 0 0
174 0 0
175 0 0
175 0 0
175 0 0
176 0 0
176 0 0
176 0 0
177 0 0
177 0 0
177 0 0
178 0 0
178 0 0
178 0 0
179 0 0
179 0 0
179 0 0
180 0 0
180 0 0
180 0 0
180 0 0
181 0 0
181 0 0
181 0 0
182 0 0
182 0 0
182 0 0
183 0 0
183 0 0
183 0 0
184 0 0
184 0 0
184 0 0
185 0 0
185 0 0
185 0 0
186 0 0
186 0 0
186 0 0
187 0 0
187 0 0
187 0 0
188 0 0
188 0 0
188 0 0
189 0 0
189 0 0
189 0 0
190 0 0
190 0 0
190 0 0
191 0 0
191 0 0
191 0 0
192 0 0
192 0 0
192 0 0
193 0 0
193 0 0
193 0 0
194 0 0
194 0 0
194 0 0
195 0 0
195 0 0
195 0 0
196 0 0
196 0 0
196 0 0
197 0 0
197 0 0
197 0 0
197 0 0
198 0 0
198 0 0
198 0 0
199 0 0
199 0 0
199 0 0
200 0 0
200 0 0
200 0 0
201 0 0
201 0 0
201 0 0
202 0 0
202 0 0
202 0 0
203 0 0
203 0 0
203 0 0
204 0 0
204 0 0
204 0 0
205 0 0
205 0 0
205 0 0
206 0 0
206 0 0
206 0 0
207 0 0
207 0 0
207 0 0
208 0 0
208 0 0
208 0 0
209 0 0
209 0 0
209 0 0
210 0 0
210 0 0
210 0 0
211 0 0
211 0 0
211 0 0
212 0 0
212 0 0
212 0 0
213 0 0
213 0 0
213 0 0
214 0 0
214 0 0
214 0 0
214 0 0
215 0 0
215 0 0
215 0 0
216 0 0
216 0 0
216 0 0
217 0 0
217 0 0
217 0 0
218 0 0
218 0 0
218 0 0
219 0 0
219 0 0
219 0 0
220 0 0
220 0 0
220 0 0
221 0 0
221 0 0
221 0 0
222 0 0
222 0 0
222 0 0
223 0 0
223 0 0
223 0 0
224 0 0
224 0 0
224 0 0
225 0 0
225 0 0
225 0 0
226 0 0
226 0 0
226 0 0
227 0 0
227 0 0
227 0 0
228 0 0
228 0 0
228 0 0
229 0 0
229 0 0
229 0 0
230 0 0
230 0 0
230 0 0
231 0 0
231 0 0
231 0 0
232 0 0
232 0 0
232 0 0
232 0 0
233 0 0
233 0 0
233 0 0
234 0 0
234 0 0
234 0 0
235 0 0
235 0 0
235 0 0
236 0 0
236 0 0
236 0 0
237 0 0
237 0 0
237 0 0
238 0 0
238 0 0
238 0 0
239 0 0
239 0 0
239 0 0
240 0 0
240 0 0
240 0 0
241 0 0
241 0 0
241 0 0
242 0 0
242 0 0
242 0 0
243 0 0
243 0 0
243 0 0
244 0 0
244 0 0
244 0 0
245 0 0
245 0 0
245 0 0
246 0 0
246 0 0
246 0 0
247 0 0
247 0 0
247 0 0
248 0 0
248 0 0
248 0 0
249 0 0
249 0 0
249 0 0
249 0 0
250 0 0
250 0 0
250 0 0
251 0 0
251 0 0
251 0 0
252 0 0
252 0 0
252 0 0
253 0 0
253 0 0
253 0 0
254 0 0
254 0 0
254 0 0
255 0 0
255 0 0
255 0 0
255 1 0
255 1 0
255 1 0
255 1 0
255 2 0
255 2 0
255 2 0
255 3 0
255 3 0
255 3 0
255 4 0
255 4 0
255 4 0
255 4 0
255 5 0
255 5 0
255 5 0
255 6 0
255 6 0
255 6 0
255 6 0
255 7 0
255 7 0
255 7 0
255 8 0
255 8 0
255 8 0
255 9 0
255 9 0
255 9 0
255 9 0
255 10 0
255 10 0
255 10 0
255 11 0
255 11 0
255 11 0
255 11 0
255 12 0
255 12 0
255 12 0
255 13 0
255 13 0
255 13 0
255 14 0
255 14 0
255 14 0
255 14 0
255 15 0
255 15 0
255 15 0
255 16 0
255 16 0
255 16 0
255 16 0
255 17 0
255 17 0
255 17 0
255 18 0
255 18 0
255 18 0
255 19 0
255 19 0
255 19 0
255 19 0
255 20 0
255 20 0
255 20 0
255 21 0
255 21 0
255 21 0
255 21 0
255 22 0
255 22 0
255 22 0
255 23 0
255 23 0
255 23 0
255 24 0
255 24 0
255 24 0
255 24 0
255 25 0
255 25 0
255 25 0
255 26 0
255 26 0
255 26 0
255 26 0
255 27 0
255 27 0
255 27 0
255 28 0
255 28 0
255 28 0
255 29 0
255 29 0
255 29 0
255 29 0
255 30 0
255 30 0
255 30 0
255 31 0
255 31 0
255 31 0
255 31 0
255 32 0
255 32 0
255 32 0
255 33 0
255 33 0
255 33 0
255 34 0
255 34 0
255 34 0
255 34 0
255 35 0
255 35 0
255 35 0
255 36 0
255 36 0
255 36 0
255 36 0
255 37 0
255 37 0
255 37 0
255 38 0
255 38 0
255 38 0
255 39 0
255 39 0
255 39 0
255 39 0
255 40 0
255 40 0
255 40 0
255 41 0
255 41 0
255 41 0
255 41 0
255 42 0
255 42 0
255 42 0
255 43 0
255 43 0
255 43 0
255 44 0
255 44 0
255 44 0
255 44 0
255 45 0
255 45 0
255 45 0
255 46 0
255 46 0
255 46 0
255 46 0
255 47 0
255 47 0
255 47 0
255 48 0
255 48 0
255 48 0
255 49 0
255 49 0
255 49 0
255 49 0
255 50 0
255 50 0
255 50 0
255 51 0
255 51 0
255 51 0
255 51 0
255 52 0
255 52 0
255 52 0
255 53 0
255 53 0
255 53 0
255 54 0
255 54 0
255 54 0
255 54 0
255 55 0
255 55 0
255 55 0
255 56 0
255 56 0
255 56 0
255 57 0
255 57 0
255 57 0
255 57 0
255 58 0
255 58 0
255 58 0
255 59 0
255 59 0
255 59 0
255 59 0
255 60 0
255 60 0
255 60 0
255 61 0
255 61 0
255 61 0
255 62 0
255 62 0
255 62 0
255 62 0
255 63 0
255 63 0
255 63 0
255 64 0
255 64 0
255 64 0
255 64 0
255 65 0
255 65 0
255 65 0
255 66 0
255 66 0
255 66 0
255 67 0
255 67 0
255 67 0
255 67 0
255 68 0
255 68 0
255 68 0
255 69 0
255 69 0
255 69 0
255 69 0
255 70 0
255 70 0
255 70 0
255 71 0
255 71 0
255 71 0
255 72 0
255 72 0
255 72 0
255 72 0
255 73 0
255 73 0
255 73 0
255 74 0
255 74 0
255 74 0
255 74 0
255 75 0
255 75 0
255 75 0
255 76 0
255 76 0
255 76 0
255 77 0
255 77 0
255 77 0
255 77 0
255 78 0
255 78 0
255 78 0
255 79 0
255 79 0
255 79 0
255 79 0
255 80 0
255 80 0
255 80 0
255 81 0
255 81 0
255 81 0
255 82 0
255 82 0
255 82 0
255 82 0
255 83 0
255 83 0
255 83 0
255 84 0
255 84 0
255 84 0
255 84 0
255 85 0
255 85 0
255 85 0
255 86 0
255 86 0
255 86 0
255 87 0
255 87 0
255 87 0
255 87 0
255 88 0
255 88 0
255 88 0
255 89 0
255 89 0
255 89 0
255 89 0
255 90 0
255 90 0
255 90 0
255 91 0
255 91 0
255 91 0
255 92 0
255 92 0
255 92 0
255 92 0
255 93 0
255 93 0
255 93 0
255 94 0
255 94 0
255 94 0
255 94 0
255 95 0
255 95 0
255 95 0
255 96 0
255 96 0
255 96 0
255 97 0
255 97 0
255 97 0
255 97 0
255 98 0
255 98 0
255 98 0
255 99 0
255 99 0
255 99 0
255 99 0
255 100 0
255 100 0
255 100 0
255 101 0
255 101 0
255 101 0
255 102 0
255 102 0
255 102 0
255 102 0
255 103 0
255 103 0
255 103 0
255 104 0
255 104 0
255 104 0
255 104 0
255 105 0
255 105 0
255 105 0
255 106 0
255 106 0
255 106 0
255 107 0
255 107 0
255 107 0
255 107 0
255 108 0
255 108 0
255 108 0
255 109 0
255 109 0
255 109 0
255 109 0
255 110 0
255 110 0
255 110 0
255 111 0
255 111 0
255 111 0
255 112 0
255 112 0
255 112 0
255 112 0
255 113 0
255 113 0
255 113 0
255 114 0
255 114 0
255 114 0
255 114 0
255 115 0
255 115 0
255 115 0
255 116 0
255 116 0
255 116 0
255 117 0
255 117 0
255 117 0
255 117 0
255 118 0
255 118 0
255 118 0
255 119 0
255 119 0
255 119 0
255 119 0
255 120 0
255 120 0
255 120 0
255 121 0
255 121 0
255 121 0
255 122 0
255 122 0
255 122 0
255 122 0
255 123 0
255 123 0
255 123 0
255 124 0
255 124 0
255 124 0
255 124 0
255 125 0
255 125 0
255 125 0
255 126 0
255 126 0
255 126 0
255 127 0
255 127 0
255 127 0
255 127 0
255 128 0
255 128 0
255 128 0
255 129 0
255 129 0
255 129 0
255 129 0
255 130 0
255 130 0
255 130 0
255 131 0
255 131 0
255 131 0
255 132 0
255 132 0
255 132 0
255 132 0
255 133 0
255 133 0
255 133 0
255 134 0
255 134 0
255 134 0
255 134 0
255 135 0
255 135 0
255 135 0
255 136 0
255 136 0
255 136 0
255 137 0
255 137 0
255 137 0
255 137 0
255 138 0
255 138 0
255 138 0
255 139 0
255 139 0
255 139 0
255 139 0
255 140 0
255 140 0
255 140 0
255 141 0
255 141 0
255 141 0
255 142 0
255 142 0
255 142 0
255 142 0
255 143 0
255 143 0
255 143 0
255 144 0
255 144 0
255 144 0
255 144 0
255 145 0
255 145 0
255 145 0
255 146 0
255 146 0
255 146 0
255 147 0
255 147 0
255 147 0
255 147 0
255 148 0
255 148 0
255 148 0
255 149 0
255 149 0
255 149 0
255 150 0
255 150 0
255 150 0
255 150 0
255 151 0
255 151 0
255 151 0
255 152 0
255 152 0
255 152 0
255 152 0
255 153 0
255 153 0
255 153 0
255 154 0
255 154 0
255 154 0
255 155 0
255 155 0
255 155 0
255 155 0
255 156 0
255 156 0
255 156 0
255 157 0
255 157 0
255 157 0
255 157 0
255 158 0
255 158 0
255 158 0
255 159 0
255 159 0
255 159 0
255 160 0
255 160 0
255 160 0
255 160 0
255 161 0
255 161 0
255 161 0
255 162 0
255 162 0
255 162 0
255 162 0
255 163 0
255 163 0
255 163 0
255 164 0
255 164 0
255 164 0
255 165 0
255 165 0
255 165 0
255 165 0
255 166 0
255 166 0
255 166 0
255 167 0
255 167 0
255 167 0
255 167 0
255 168 0
255 168 0
255 168 0
255 169 0
255 169 0
255 169 0
255 170 0
255 170 0
255 170 0
255 170 0
255 171 0
255 171 0
255 171 0
255 172 0
255 172 0
255 172 0
255 172 0
255 173 0
255 173 0
255 173 0
255 174 0
255 174 0
255 174 0
255 175 0
255 175 0
255 175 0
255 175 0
255 176 0
255 176 0
255 176 0
255 177 0
255 177 0
255 177 0
255 177 0
255 178 0
255 178 0
255 178 0
255 179 0
255 179 0
255 179 0
255 180 0
255 180 0
255 180 0
255 180 0
255 181 0
255 181 0
255 181 0
255 182 0
255 182 0
255 182 0
255 182 0
255 183 0
255 183 0
255 183 0
255 184 0
255 184 0
255 184 0
255 185 0
255 185 0
255 185 0
255 185 0
255 186 0
255 186 0
255 186 0
255 187 0
255 187 0
255 187 0
255 187 0
255 188 0
255 188 0
255 188 0
255 189 0
255 189 0
255 189 0
255 190 0
255 190 0
255 190 0
255 190 0
255 191 0
255 191 0
255 191 0
255 192 0
255 192 0
255 192 0
255 192 0
255 193 0
255 193 0
255 193 0
255 194 0
255 194 0
255 194 0
255 195 0
255 195 0
255 195 0
255 195 0
255 196 0
255 196 0
255 196 0
255 197 0
255 197 0
255 197 0
255 197 0
255 198 0
255 198 0
255 198 0
255 199 0
255 199 0
255 199 0
255 200 0
255 200 0
255 200 0
255 200 0
255 201 0
255 201 0
255 201 0
255 202 0
255 202 0
255 202 0
255 202 0
255 203 0
255 203 0
255 203 0
255 204 0
255 204 0
255 204 0
255 205 0
255 205 0
255 205 0
255 205 0
255 206 0
255 206 0
255 206 0
255 207 0
255 207 0
255 207 0
255 207 0
255 208 0
255 208 0
255 208 0
255 209 0
255 209 0
255 209 0
255 210 0
255 210 0
255 210 0
255 210 0
255 211 0
255 211 0
255 211 0
255 212 0
255 212 0
255 212 0
255 212 0
255 213 0
255 213 0
255 213 0
255 214 0
255 214 0
255 214 0
255 215 0
255 215 0
255 215 0
255 215 0
255 216 0
255 216 0
255 216 0
255 217 0
255 217 0
255 217 0
255 217 0
255 218 0
255 218 0
255 218 0
255 219 0
255 219 0
255 219 0
255 220 0
255 220 0
255 220 0
255 220 0
255 221 0
255 221 0
255 221 0
255 222 0
255 222 0
255 222 0
255 222 0
255 223 0
255 223 0
255 223 0
255 224 0
255 224 0
255 224 0
255 225 0
255 225 0
255 225 0
255 225 0
255 226 0
255 226 0
255 226 0
255 227 0
255 227 0
255 227 0
255 227 0
255 228 0
255 228 0
255 228 0
255 229 0
255 229 0
255 229 0
255 229 0
255 229 1
255 229 1
255 229 2
255 229 2
255 229 3
255 229 3
255 229 3
255 229 4
255 229 4
255 229 5
255 229 5
255 229 6
255 229 6
255 229 7
255 229 7
255 229 7
255 229 8
255 229 8
255 229 9
255 229 9
255 229 10
255 229 10
255 229 10
255 229 11
255 229 11
255 229 12
255 229 12
255 229 13
255 229 13
255 229 14
255 229 14
255 229 14
255 229 15
255 229 15
255 229 16
255 229 16
255 229 17
255 229 17
255 229 18
255 229 18
255 229 18
255 229 19
255 229 19
255 229 20
255 229 20
255 229 21
255 229 21
255 229 22
255 229 22
255 229 22
255 229 23
255 229 23
255 229 24
255 229 24
255 229 25
255 229 25
255 229 25
255 229 26
255 229 26
255 229 27
255 229 27
255 229 28
255 229 28
255 229 29
255 229 29
255 229 29
255 229 30
255 229 30
255 229 31
255 229 31
255 229 32
255 229 32
255 229 33
255 229 33
255 229 33
255 229 34
255 229 34
255 229 35
255 229 35
255 229 36
255 229 36
255 229 37
255 229 37
255 229 37
255 229 38
255 229 38
255 229 39
255 229 39
255 229 40
255 229 40
255 229 40
255 229 41
255 229 41
255 229 42
255 229 42
255 229 43
255 229 43
255 229 44
255 229 44
255 229 44
255 229 45
255 229 45
255 229 46
255 229 46
255 229 47
255 229 47
255 229 48
255 229 48
255 229 48
255 229 49
255 229 49
255 229 50
255 229 50
255 229 51
255 229 51
255 229 52
255 229 52
255 229 52
255 229 53
255 229 53
255 229 54
255 229 54
255 229 55
255 229 55
255 229 56
255 229 56
255 229 56
255 229 57
255 229 57
255 229 58
255 229 58
255 229 59
255 229 59
255 229 59
255 229 60
255 229 60
255 229 61
255 229 61
255 229 62
255 229 62
255 229 63
255 229 63
255 229 63
255 229 64
255 229 64
255 229 65
255 229 65
255 229 66
255 229 66
255 229 67
255 229 67
255 229 67
255 229 68
255 229 68
255 229 69
255 229 69
255 229 70
255 229 70
255 229 71
255 229 71
255 229 71
255 229 72
255 229 72
255 229 73
255 229 73
255 229 74
255 229 74
255 229 74
255 229 75
255 229 75
255 229 76
255 229 76
255 229 77
255 229 77
255 229 78
255 229 78
255 229 78
255 229 79
255 229 79
255 229 80
255 229 80
255 229 81
255 229 81
255 229 82
255 229 82
255 229 82
255 229 83
255 229 83
255 229 84
255 229 84
255 229 85
255 229 85
255 229 86
255 229 86
255 229 86
255 229 87
255 229 87
255 229 88
255 229 88
255 229 89
255 229 89
255 229 90
255 229 90
255 229 90
255 229 91
255 229 91
255 229 92
255 229 92
255 229 93
255 229 93
255 229 93
255 229 94
255 229 94
255 229 95
255 229 95
255 229 96
255 229 96
255 229 97
255 229 97
255 229 97
255 229 98
255 229 98
255 229 99
255 229 99
255 229 100
255 229 100
255 229 101
255 229 101
255 229 101
255 229 102
255 229 102
255 229 103
255 229 103
255 229 104
255 229 104
255 229 105
255 229 105
255 229 105
255 229 106
255 229 106
255 229 107
255 229 107
255 229 108
255 229 108
255 229 108
255 229 109
255 229 109
255 229 110
255 229 110
255 229 111
255 229 111
255 229 112
255 229 112
255 229 112
255 229 113
255 229 113
255 229 114
255 229 114
255 229 115
255 229 115
255 229 116
255 229 116
255 229 116
255 229 117
255 229 117
255 229 118
255 229 118
255 229 119
255 229 119
255 229 120
255 229 120
255 229 120
255 229 121
255 229 121
255 229 122
255 229 122
255 229 123
255 229 123
255 229 123
255 229 124
255 229 124
255 229 125
255 229 125
255 229 126
255 229 126
255 229 127
255 229 127
255 229 127
255 229 128
255 229 128
255 229 129
255 229 129
255 229 130
255 229 130
255 229 131
255 229 131
255 229 131
255 229 132
255 229 132
255 229 133
255 229 133
255 229 134
255 229 134
255 229 135
255 229 135
255 229 135
255 229 136
255 229 136
255 229 137
255 229 137
255 229 138
255 229 138
255 229 139
255 229 139
255 229 139
255 229 140
255 229 140
255 229 141
255 229 141
255 229 142
255 229 142
255 229 142
255 229 143
255 229 143
255 229 144
255 229 144
255 229 145
255 229 145
255 229 146
255 229 146
255 229 146
255 229 147
255 229 147
255 229 148
255 229 148
255 229 149
255 229 149
255 229 150
255 229 150
255 229 150
255 229 151
255 229 151
255 229 152
255 229 152
255 229 153
255 229 153
255 229 154
255 229 154
255 229 154
255 229 155
255 229 155
255 229 156
255 229 156
255 229 157
255 229 157
255 229 157
255 229 158
255 229 158
255 229 159
255 229 159
255 229 160
255 229 160
255 229 161
255 229 161
255 229 161
255 229 162
255 229 162
255 229 163
255 229 163
255 229 164
255 229 164
255 229 165
255 229 165
255 229 165
255 229 166
255 229 166
255 229 167
255 229 167
255 229 168
255 229 168
255 229 169
255 229 169
255 229 169
255 229 170
255 229 170
255 229 171
255 229 171
255 229 172
255 229 172
255 229 172
255 229 173
255 229 173
255 229 174
255 229 174
255 229 175
255 229 175
255 229 176
255 229 176
255 229 176
255 229 177
255 229 177
255 229 178
255 229 178
255 229 179
255 229 179
255 229 180
255 229 180
255 229 180
255 229 181
255 229 181
255 229 182
255 229 182
255 229 183
255 229 183
255 229 184
255 229 184
255 229 184
255 229 185
255 229 185
255 229 186
255 229 186
255 229 187
255 229 187
255 229 188
255 229 188
255 229 188
255 229 189
255 229 189
255 229 190
255 229 190
255 229 191
255 229 191
255 229 191
255 229 192
255 229 192
255 229 193
255 229 193
255 229 194
255 229 194
255 229 195
255 229 195
255 229 195
255 229 196
255 229 196
255 229 197
255 229 197
255 229 198
255 229 198
255 229 199
255 229 199
255 229 199
255 229 200
255 229 200
255 229 201
255 229 201
255 229 202
255 229 202
255 229 203
255 229 203
255 229 203
255 229 204
255 229 204
255 229 205
255 229 205
255 229 206
255 229 206
255 229 206
255 229 207
255 229 207
255 229 208
255 229 208
255 229 209
255 229 209
255 229 210
255 229 210
255 229 210
255 229 211
255 229 211
255 229 212
255 229 212
255 229 213
255 229 213
255 229 214
255 229 214
255 229 214
255 229 215
255 229 215
255 229 216
255 229 216
255 229 217
255 229 217
255 229 218
255 229 218
255 229 218
255 229 219
255 229 219
255 229 220
255 229 220
255 229 221
255 229 221
255 229 221
255 229 222
255 229 222
255 229 223
255 229 223
255 229 224
255 229 224
255 229 225
255 229 225
255 229 225
255 229 226
255 229 226
255 229 227
255 229 227
255 229 228
255 229 228
255 229 229
255 229 229
