0 0 3
0 0 3
0 0 3
0 0 3
0 0 3
0 0 3
0 0 3
0 0 3
0 0 4
0 0 4
0 0 4
0 0 4
0 0 4
0 0 4
0 0 4
0 0 4
0 0 5
0 0 5
0 0 5
0 0 5
0 0 5
0 0 5
0 0 5
0 0 5
1 0 7
1 0 7
1 0 7
1 0 7
1 0 7
1 0 7
1 0 7
1 0 7
1 1 8
1 1 8
1 1 8
1 1 8
1 1 8
1 1 8
1 1 8
1 1 8
1 1 10
1 1 10
1 1 10
1 1 10
1 1 10
1 1 10
1 1 10
1 1 10
2 1 12
2 1 12
2 1 12
2 1 12
2 1 12
2 1 12
2 1 12
2 1 12
2 2 14
2 2 14
2 2 14
2 2 14
2 2 14
2 2 14
2 2 14
2 2 14
3 2 16
3 2 16
3 2 16
3 2 16
3 2 16
3 2 16
3 2 16
3 2 16
4 3 18
4 3 18
4 3 18
4 3 18
4 3 18
4 3 18
4 3 18
4 3 18
4 3 20
4 3 20
4 3 20
4 3 20
4 3 20
4 3 20
4 3 20
4 3 20
5 3 22
5 3 22
5 3 22
5 3 22
5 3 22
5 3 22
5 3 22
5 3 22
6 4 24
6 4 24
6 4 24
6 4 24
6 4 24
6 4 24
6 4 24
6 4 24
7 4 26
7 4 26
7 4 26
7 4 26
7 4 26
7 4 26
7 4 26
7 4 26
8 5 28
8 5 28
8 5 28
8 5 28
8 5 28
8 5 28
8 5 28
8 5 28
9 5 30
9 5 30
9 5 30
9 5 30
9 5 30
9 5 30
9 5 30
9 5 30
10 6 32
10 6 32
10 6 32
10 6 32
10 6 32
10 6 32
10 6 32
10 6 32
11 6 34
11 6 34
11 6 34
11 6 34
11 6 34
11 6 34
11 6 34
11 6 34
13 7 36
13 7 36
13 7 36
13 7 36
13 7 36
13 7 36
13 7 36
13 7 36
14 7 38
14 7 38
14 7 38
14 7 38
14 7 38
14 7 38
14 7 38
14 7 38
15 8 40
15 8 40
15 8 40
15 8 40
15 8 40
15 8 40
15 8 40
15 8 40
16 8 42
16 8 42
16 8 42
16 8 42
16 8 42
16 8 42
16 8 42
16 8 42
18 9 45
18 9 45
18 9 45
18 9 45
18 9 45
18 9 45
18 9 45
18 9 45
19 9 47
19 9 47
19 9 47
19 9 47
19 9 47
19 9 47
19 9 47
19 9 47
20 9 49
20 9 49
20 9 49
20 9 49
20 9 49
20 9 49
20 9 49
20 9 49
22 10 51
22 10 51
22 10 51
22 10 51
22 10 51
22 10 51
22 10 51
22 10 51
23 10 53
23 10 53
23 10 53
23 10 53
23 10 53
23 10 53
23 10 53
23 10 53
25 10 55
25 10 55
25 10 55
25 10 55
25 10 55
25 10 55
25 10 55
25 10 55
26 10 58
26 10 58
26 10 58
26 10 58
26 10 58
26 10 58
26 10 58
26 10 58
28 10 60
28 10 60
28 10 60
28 10 60
28 10 60
28 10 60
28 10 60
28 10 60
29 10 62
29 10 62
29 10 62
29 10 62
29 10 62
29 10 62
29 10 62
29 10 62
31 10 64
31 10 64
31 10 64
31 10 64
31 10 64
31 10 64
31 10 64
31 10 64
32 10 66
32 10 66
32 10 66
32 10 66
32 10 66
32 10 66
32 10 66
32 10 66
34 10 68
34 10 68
34 10 68
34 10 68
34 10 68
34 10 68
34 10 68
34 10 68
36 10 70
36 10 70
36 10 70
36 10 70
36 10 70
36 10 70
36 10 70
36 10 70
38 10 72
38 10 72
38 10 72
38 10 72
38 10 72
38 10 72
38 10 72
38 10 72
39 10 74
39 10 74
39 10 74
39 10 74
39 10 74
39 10 74
39 10 74
39 10 74
41 9 76
41 9 76
41 9 76
41 9 76
41 9 76
41 9 76
41 9 76
41 9 76
43 9 78
43 9 78
43 9 78
43 9 78
43 9 78
43 9 78
43 9 78
43 9 78
45 9 79
45 9 79
45 9 79
45 9 79
45 9 79
45 9 79
45 9 79
45 9 79
46 9 81
46 9 81
46 9 81
46 9 81
46 9 81
46 9 81
46 9 81
46 9 81
48 9 82
48 9 82
48 9 82
48 9 82
48 9 82
48 9 82
48 9 82
48 9 82
50 8 84
50 8 84
50 8 84
50 8 84
50 8 84
50 8 84
50 8 84
50 8 84
52 8 85
52 8 85
52 8 85
52 8 85
52 8 85
52 8 85
52 8 85
52 8 85
53 8 86
53 8 86
53 8 86
53 8 86
53 8 86
53 8 86
53 8 86
53 8 86
55 8 88
55 8 88
55 8 88
55 8 88
55 8 88
55 8 88
55 8 88
55 8 88
57 8 89
57 8 89
57 8 89
57 8 89
57 8 89
57 8 89
57 8 89
57 8 89
59 8 90
59 8 90
59 8 90
59 8 90
59 8 90
59 8 90
59 8 90
59 8 90
60 8 90
60 8 90
60 8 90
60 8 90
60 8 90
60 8 90
60 8 90
60 8 90
62 8 91
62 8 91
62 8 91
62 8 91
62 8 91
62 8 91
62 8 91
62 8 91
64 8 92
64 8 92
64 8 92
64 8 92
64 8 92
64 8 92
64 8 92
64 8 92
65 8 93
65 8 93
65 8 93
65 8 93
65 8 93
65 8 93
65 8 93
65 8 93
67 9 93
67 9 93
67 9 93
67 9 93
67 9 93
67 9 93
67 9 93
67 9 93
69 9 94
69 9 94
69 9 94
69 9 94
69 9 94
69 9 94
69 9 94
69 9 94
70 9 95
70 9 95
70 9 95
70 9 95
70 9 95
70 9 95
70 9 95
70 9 95
72 10 95
72 10 95
72 10 95
72 10 95
72 10 95
72 10 95
72 10 95
72 10 95
74 10 96
74 10 96
74 10 96
74 10 96
74 10 96
74 10 96
74 10 96
74 10 96
75 10 96
75 10 96
75 10 96
75 10 96
75 10 96
75 10 96
75 10 96
75 10 96
77 11 96
77 11 96
77 11 96
77 11 96
77 11 96
77 11 96
77 11 96
77 11 96
79 11 97
79 11 97
79 11 97
79 11 97
79 11 97
79 11 97
79 11 97
79 11 97
80 12 97
80 12 97
80 12 97
80 12 97
80 12 97
80 12 97
80 12 97
80 12 97
82 12 97
82 12 97
82 12 97
82 12 97
82 12 97
82 12 97
82 12 97
82 12 97
83 13 98
83 13 98
83 13 98
83 13 98
83 13 98
83 13 98
83 13 98
83 13 98
85 13 98
85 13 98
85 13 98
85 13 98
85 13 98
85 13 98
85 13 98
85 13 98
87 14 98
87 14 98
87 14 98
87 14 98
87 14 98
87 14 98
87 14 98
87 14 98
88 14 98
88 14 98
88 14 98
88 14 98
88 14 98
88 14 98
88 14 98
88 14 98
90 15 98
90 15 98
90 15 98
90 15 98
90 15 98
90 15 98
90 15 98
90 15 98
91 15 99
91 15 99
91 15 99
91 15 99
91 15 99
91 15 99
91 15 99
91 15 99
93 16 99
93 16 99
93 16 99
93 16 99
93 16 99
93 16 99
93 16 99
93 16 99
95 16 99
95 16 99
95 16 99
95 16 99
95 16 99
95 16 99
95 16 99
95 16 99
96 17 99
96 17 99
96 17 99
96 17 99
96 17 99
96 17 99
96 17 99
96 17 99
98 18 99
98 18 99
98 18 99
98 18 99
98 18 99
98 18 99
98 18 99
98 18 99
99 18 99
99 18 99
99 18 99
99 18 99
99 18 99
99 18 99
99 18 99
99 18 99
101 19 99
101 19 99
101 19 99
101 19 99
101 19 99
101 19 99
101 19 99
101 19 99
102 19 99
102 19 99
102 19 99
102 19 99
102 19 99
102 19 99
102 19 99
102 19 99
104 20 99
104 20 99
104 20 99
104 20 99
104 20 99
104 20 99
104 20 99
104 20 99
106 20 99
106 20 99
106 20 99
106 20 99
106 20 99
106 20 99
106 20 99
106 20 99
107 21 99
107 21 99
107 21 99
107 21 99
107 21 99
107 21 99
107 21 99
107 21 99
109 21 99
109 21 99
109 21 99
109 21 99
109 21 99
109 21 99
109 21 99
109 21 99
110 22 99
110 22 99
110 22 99
110 22 99
110 22 99
110 22 99
110 22 99
110 22 99
112 22 99
112 22 99
112 22 99
112 22 99
112 22 99
112 22 99
112 22 99
112 22 99
114 23 98
114 23 98
114 23 98
114 23 98
114 23 98
114 23 98
114 23 98
114 23 98
115 23 98
115 23 98
115 23 98
115 23 98
115 23 98
115 23 98
115 23 98
115 23 98
117 24 98
117 24 98
117 24 98
117 24 98
117 24 98
117 24 98
117 24 98
117 24 98
118 24 98
118 24 98
118 24 98
118 24 98
118 24 98
118 24 98
118 24 98
118 24 98
120 25 98
120 25 98
120 25 98
120 25 98
120 25 98
120 25 98
120 25 98
120 25 98
122 25 98
122 25 98
122 25 98
122 25 98
122 25 98
122 25 98
122 25 98
122 25 98
123 26 97
123 26 97
123 26 97
123 26 97
123 26 97
123 26 97
123 26 97
123 26 97
125 26 97
125 26 97
125 26 97
125 26 97
125 26 97
125 26 97
125 26 97
125 26 97
126 27 97
126 27 97
126 27 97
126 27 97
126 27 97
126 27 97
126 27 97
126 27 97
128 27 97
128 27 97
128 27 97
128 27 97
128 27 97
128 27 97
128 27 97
128 27 97
129 28 96
129 28 96
129 28 96
129 28 96
129 28 96
129 28 96
129 28 96
129 28 96
131 28 96
131 28 96
131 28 96
131 28 96
131 28 96
131 28 96
131 28 96
131 28 96
133 29 96
133 29 96
133 29 96
133 29 96
133 29 96
133 29 96
133 29 96
133 29 96
134 29 95
134 29 95
134 29 95
134 29 95
134 29 95
134 29 95
134 29 95
134 29 95
136 30 95
136 30 95
136 30 95
136 30 95
136 30 95
136 30 95
136 30 95
136 30 95
137 30 95
137 30 95
137 30 95
137 30 95
137 30 95
137 30 95
137 30 95
137 30 95
139 31 94
139 31 94
139 31 94
139 31 94
139 31 94
139 31 94
139 31 94
139 31 94
141 31 94
141 31 94
141 31 94
141 31 94
141 31 94
141 31 94
141 31 94
141 31 94
142 32 94
142 32 94
142 32 94
142 32 94
142 32 94
142 32 94
142 32 94
142 32 94
144 32 93
144 32 93
144 32 93
144 32 93
144 32 93
144 32 93
144 32 93
144 32 93
145 33 93
145 33 93
145 33 93
145 33 93
145 33 93
145 33 93
145 33 93
145 33 93
147 33 92
147 33 92
147 33 92
147 33 92
147 33 92
147 33 92
147 33 92
147 33 92
149 34 92
149 34 92
149 34 92
149 34 92
149 34 92
149 34 92
149 34 92
149 34 92
150 35 91
150 35 91
150 35 91
150 35 91
150 35 91
150 35 91
150 35 91
150 35 91
152 35 91
152 35 91
152 35 91
152 35 91
152 35 91
152 35 91
152 35 91
152 35 91
153 36 90
153 36 90
153 36 90
153 36 90
153 36 90
153 36 90
153 36 90
153 36 90
155 36 90
155 36 90
155 36 90
155 36 90
155 36 90
155 36 90
155 36 90
155 36 90
156 37 89
156 37 89
156 37 89
156 37 89
156 37 89
156 37 89
156 37 89
156 37 89
158 37 89
158 37 89
158 37 89
158 37 89
158 37 89
158 37 89
158 37 89
158 37 89
160 38 88
160 38 88
160 38 88
160 38 88
160 38 88
160 38 88
160 38 88
160 38 88
161 38 88
161 38 88
161 38 88
161 38 88
161 38 88
161 38 88
161 38 88
161 38 88
163 39 87
163 39 87
163 39 87
163 39 87
163 39 87
163 39 87
163 39 87
163 39 87
164 39 86
164 39 86
164 39 86
164 39 86
164 39 86
164 39 86
164 39 86
164 39 86
166 40 86
166 40 86
166 40 86
166 40 86
166 40 86
166 40 86
166 40 86
166 40 86
167 41 85
167 41 85
167 41 85
167 41 85
167 41 85
167 41 85
167 41 85
167 41 85
169 41 84
169 41 84
169 41 84
169 41 84
169 41 84
169 41 84
169 41 84
169 41 84
171 42 84
171 42 84
171 42 84
171 42 84
171 42 84
171 42 84
171 42 84
171 42 84
172 42 83
172 42 83
172 42 83
172 42 83
172 42 83
172 42 83
172 42 83
172 42 83
174 43 82
174 43 82
174 43 82
174 43 82
174 43 82
174 43 82
174 43 82
174 43 82
175 44 82
175 44 82
175 44 82
175 44 82
175 44 82
175 44 82
175 44 82
175 44 82
177 44 81
177 44 81
177 44 81
177 44 81
177 44 81
177 44 81
177 44 81
177 44 81
178 45 80
178 45 80
178 45 80
178 45 80
178 45 80
178 45 80
178 45 80
178 45 80
180 46 79
180 46 79
180 46 79
180 46 79
180 46 79
180 46 79
180 46 79
180 46 79
181 46 79
181 46 79
181 46 79
181 46 79
181 46 79
181 46 79
181 46 79
181 46 79
183 47 78
183 47 78
183 47 78
183 47 78
183 47 78
183 47 78
183 47 78
183 47 78
184 48 77
184 48 77
184 48 77
184 48 77
184 48 77
184 48 77
184 48 77
184 48 77
186 48 76
186 48 76
186 48 76
186 48 76
186 48 76
186 48 76
186 48 76
186 48 76
187 49 75
187 49 75
187 49 75
187 49 75
187 49 75
187 49 75
187 49 75
187 49 75
189 50 74
189 50 74
189 50 74
189 50 74
189 50 74
189 50 74
189 50 74
189 50 74
190 51 74
190 51 74
190 51 74
190 51 74
190 51 74
190 51 74
190 51 74
190 51 74
191 51 73
191 51 73
191 51 73
191 51 73
191 51 73
191 51 73
191 51 73
191 51 73
193 52 72
193 52 72
193 52 72
193 52 72
193 52 72
193 52 72
193 52 72
193 52 72
194 53 71
194 53 71
194 53 71
194 53 71
194 53 71
194 53 71
194 53 71
194 53 71
196 54 70
196 54 70
196 54 70
196 54 70
196 54 70
196 54 70
196 54 70
196 54 70
197 55 69
197 55 69
197 55 69
197 55 69
197 55 69
197 55 69
197 55 69
197 55 69
199 55 68
199 55 68
199 55 68
199 55 68
199 55 68
199 55 68
199 55 68
199 55 68
200 56 67
200 56 67
200 56 67
200 56 67
200 56 67
200 56 67
200 56 67
200 56 67
201 57 66
201 57 66
201 57 66
201 57 66
201 57 66
201 57 66
201 57 66
201 57 66
203 58 65
203 58 65
203 58 65
203 58 65
203 58 65
203 58 65
203 58 65
203 58 65
204 59 64
204 59 64
204 59 64
204 59 64
204 59 64
204 59 64
204 59 64
204 59 64
205 60 64
205 60 64
205 60 64
205 60 64
205 60 64
205 60 64
205 60 64
205 60 64
207 61 63
207 61 63
207 61 63
207 61 63
207 61 63
207 61 63
207 61 63
207 61 63
208 62 62
208 62 62
208 62 62
208 62 62
208 62 62
208 62 62
208 62 62
208 62 62
209 63 61
209 63 61
209 63 61
209 63 61
209 63 61
209 63 61
209 63 61
209 63 61
210 64 60
210 64 60
210 64 60
210 64 60
210 64 60
210 64 60
210 64 60
210 64 60
212 65 59
212 65 59
212 65 59
212 65 59
212 65 59
212 65 59
212 65 59
212 65 59
213 66 58
213 66 58
213 66 58
213 66 58
213 66 58
213 66 58
213 66 58
213 66 58
214 67 57
214 67 57
214 67 57
214 67 57
214 67 57
214 67 57
214 67 57
214 67 57
215 68 56
215 68 56
215 68 56
215 68 56
215 68 56
215 68 56
215 68 56
215 68 56
217 69 54
217 69 54
217 69 54
217 69 54
217 69 54
217 69 54
217 69 54
217 69 54
218 70 53
218 70 53
218 70 53
218 70 53
218 70 53
218 70 53
218 70 53
218 70 53
219 71 52
219 71 52
219 71 52
219 71 52
219 71 52
219 71 52
219 71 52
219 71 52
220 72 51
220 72 51
220 72 51
220 72 51
220 72 51
220 72 51
220 72 51
220 72 51
221 73 50
221 73 50
221 73 50
221 73 50
221 73 50
221 73 50
221 73 50
221 73 50
222 75 49
222 75 49
222 75 49
222 75 49
222 75 49
222 75 49
222 75 49
222 75 49
223 76 48
223 76 48
223 76 48
223 76 48
223 76 48
223 76 48
223 76 48
223 76 48
224 77 47
224 77 47
224 77 47
224 77 47
224 77 47
224 77 47
224 77 47
224 77 47
226 78 46
226 78 46
226 78 46
226 78 46
226 78 46
226 78 46
226 78 46
226 78 46
227 79 45
227 79 45
227 79 45
227 79 45
227 79 45
227 79 45
227 79 45
227 79 45
228 81 44
228 81 44
228 81 44
228 81 44
228 81 44
228 81 44
228 81 44
228 81 44
229 82 43
229 82 43
229 82 43
229 82 43
229 82 43
229 82 43
229 82 43
229 82 43
230 83 42
230 83 42
230 83 42
230 83 42
230 83 42
230 83 42
230 83 42
230 83 42
230 84 41
230 84 41
230 84 41
230 84 41
230 84 41
230 84 41
230 84 41
230 84 41
231 86 40
231 86 40
231 86 40
231 86 40
231 86 40
231 86 40
231 86 40
231 86 40
232 87 38
232 87 38
232 87 38
232 87 38
232 87 38
232 87 38
232 87 38
232 87 38
233 88 37
233 88 37
233 88 37
233 88 37
233 88 37
233 88 37
233 88 37
233 88 37
234 90 36
234 90 36
234 90 36
234 90 36
234 90 36
234 90 36
234 90 36
234 90 36
235 91 35
235 91 35
235 91 35
235 91 35
235 91 35
235 91 35
235 91 35
235 91 35
236 93 34
236 93 34
236 93 34
236 93 34
236 93 34
236 93 34
236 93 34
236 93 34
237 94 33
237 94 33
237 94 33
237 94 33
237 94 33
237 94 33
237 94 33
237 94 33
237 95 32
237 95 32
237 95 32
237 95 32
237 95 32
237 95 32
237 95 32
237 95 32
238 97 31
238 97 31
238 97 31
238 97 31
238 97 31
238 97 31
238 97 31
238 97 31
239 98 29
239 98 29
239 98 29
239 98 29
239 98 29
239 98 29
239 98 29
239 98 29
240 100 28
240 100 28
240 100 28
240 100 28
240 100 28
240 100 28
240 100 28
240 100 28
240 101 27
240 101 27
240 101 27
240 101 27
240 101 27
240 101 27
240 101 27
240 101 27
241 103 26
241 103 26
241 103 26
241 103 26
241 103 26
241 103 26
241 103 26
241 103 26
242 104 25
242 104 25
242 104 25
242 104 25
242 104 25
242 104 25
242 104 25
242 104 25
242 106 24
242 106 24
242 106 24
242 106 24
242 106 24
242 106 24
242 106 24
242 106 24
243 107 22
243 107 22
243 107 22
243 107 22
243 107 22
243 107 22
243 107 22
243 107 22
243 109 21
243 109 21
243 109 21
243 109 21
243 109 21
243 109 21
243 109 21
243 109 21
244 110 20
244 110 20
244 110 20
244 110 20
244 110 20
244 110 20
244 110 20
244 110 20
245 112 19
245 112 19
245 112 19
245 112 19
245 112 19
245 112 19
245 112 19
245 112 19
245 113 18
245 113 18
245 113 18
245 113 18
245 113 18
245 113 18
245 113 18
245 113 18
246 115 16
246 115 16
246 115 16
246 115 16
246 115 16
246 115 16
246 115 16
246 115 16
246 116 15
246 116 15
246 116 15
246 116 15
246 116 15
246 116 15
246 116 15
246 116 15
247 118 14
247 118 14
247 118 14
247 118 14
247 118 14
247 118 14
247 118 14
247 118 14
247 119 13
247 119 13
247 119 13
247 119 13
247 119 13
247 119 13
247 119 13
247 119 13
248 121 12
248 121 12
248 121 12
248 121 12
248 121 12
248 121 12
248 121 12
248 121 12
248 123 11
248 123 11
248 123 11
248 123 11
248 123 11
248 123 11
248 123 11
248 123 11
248 124 10
248 124 10
248 124 10
248 124 10
248 124 10
248 124 10
248 124 10
248 124 10
249 126 8
249 126 8
249 126 8
249 126 8
249 126 8
249 126 8
249 126 8
249 126 8
249 128 8
249 128 8
249 128 8
249 128 8
249 128 8
249 128 8
249 128 8
249 128 8
249 129 7
249 129 7
249 129 7
249 129 7
249 129 7
249 129 7
249 129 7
249 129 7
250 131 6
250 131 6
250 131 6
250 131 6
250 131 6
250 131 6
250 131 6
250 131 6
250 132 6
250 132 6
250 132 6
250 132 6
250 132 6
250 132 6
250 132 6
250 132 6
250 134 5
250 134 5
250 134 5
250 134 5
250 134 5
250 134 5
250 134 5
250 134 5
250 136 5
250 136 5
250 136 5
250 136 5
250 136 5
250 136 5
250 136 5
250 136 5
251 137 5
251 137 5
251 137 5
251 137 5
251 137 5
251 137 5
251 137 5
251 137 5
251 139 5
251 139 5
251 139 5
251 139 5
251 139 5
251 139 5
251 139 5
251 139 5
251 141 5
251 141 5
251 141 5
251 141 5
251 141 5
251 141 5
251 141 5
251 141 5
251 143 6
251 143 6
251 143 6
251 143 6
251 143 6
251 143 6
251 143 6
251 143 6
251 144 7
251 144 7
251 144 7
251 144 7
251 144 7
251 144 7
251 144 7
251 144 7
251 146 8
251 146 8
251 146 8
251 146 8
251 146 8
251 146 8
251 146 8
251 146 8
251 148 9
251 148 9
251 148 9
251 148 9
251 148 9
251 148 9
251 148 9
251 148 9
251 149 10
251 149 10
251 149 10
251 149 10
251 149 10
251 149 10
251 149 10
251 149 10
251 151 11
251 151 11
251 151 11
251 151 11
251 151 11
251 151 11
251 151 11
251 151 11
251 153 13
251 153 13
251 153 13
251 153 13
251 153 13
251 153 13
251 153 13
251 153 13
251 154 14
251 154 14
251 154 14
251 154 14
251 154 14
251 154 14
251 154 14
251 154 14
251 156 16
251 156 16
251 156 16
251 156 16
251 156 16
251 156 16
251 156 16
251 156 16
251 158 18
251 158 18
251 158 18
251 158 18
251 158 18
251 158 18
251 158 18
251 158 18
251 160 20
251 160 20
251 160 20
251 160 20
251 160 20
251 160 20
251 160 20
251 160 20
251 161 21
251 161 21
251 161 21
251 161 21
251 161 21
251 161 21
251 161 21
251 161 21
251 163 23
251 163 23
251 163 23
251 163 23
251 163 23
251 163 23
251 163 23
251 163 23
251 165 25
251 165 25
251 165 25
251 165 25
251 165 25
251 165 25
251 165 25
251 165 25
251 167 27
251 167 27
251 167 27
251 167 27
251 167 27
251 167 27
251 167 27
251 167 27
250 168 29
250 168 29
250 168 29
250 168 29
250 168 29
250 168 29
250 168 29
250 168 29
250 170 31
250 170 31
250 170 31
250 170 31
250 170 31
250 170 31
250 170 31
250 170 31
250 172 33
250 172 33
250 172 33
250 172 33
250 172 33
250 172 33
250 172 33
250 172 33
250 174 36
250 174 36
250 174 36
250 174 36
250 174 36
250 174 36
250 174 36
250 174 36
249 175 38
249 175 38
249 175 38
249 175 38
249 175 38
249 175 38
249 175 38
249 175 38
249 177 40
249 177 40
249 177 40
249 177 40
249 177 40
249 177 40
249 177 40
249 177 40
249 179 42
249 179 42
249 179 42
249 179 42
249 179 42
249 179 42
249 179 42
249 179 42
248 181 44
248 181 44
248 181 44
248 181 44
248 181 44
248 181 44
248 181 44
248 181 44
248 183 47
248 183 47
248 183 47
248 183 47
248 183 47
248 183 47
248 183 47
248 183 47
248 184 49
248 184 49
248 184 49
248 184 49
248 184 49
248 184 49
248 184 49
248 184 49
247 186 52
247 186 52
247 186 52
247 186 52
247 186 52
247 186 52
247 186 52
247 186 52
247 188 54
247 188 54
247 188 54
247 188 54
247 188 54
247 188 54
247 188 54
247 188 54
246 190 57
246 190 57
246 190 57
246 190 57
246 190 57
246 190 57
246 190 57
246 190 57
246 191 60
246 191 60
246 191 60
246 191 60
246 191 60
246 191 60
246 191 60
246 191 60
245 193 62
245 193 62
245 193 62
245 193 62
245 193 62
245 193 62
245 193 62
245 193 62
245 195 65
245 195 65
245 195 65
245 195 65
245 195 65
245 195 65
245 195 65
245 195 65
244 197 68
244 197 68
244 197 68
244 197 68
244 197 68
244 197 68
244 197 68
244 197 68
244 198 71
244 198 71
244 198 71
244 198 71
244 198 71
244 198 71
244 198 71
244 198 71
243 200 74
243 200 74
243 200 74
243 200 74
243 200 74
243 200 74
243 200 74
243 200 74
243 202 77
243 202 77
243 202 77
243 202 77
243 202 77
243 202 77
243 202 77
243 202 77
243 204 80
243 204 80
243 204 80
243 204 80
243 204 80
243 204 80
243 204 80
243 204 80
242 205 83
242 205 83
242 205 83
242 205 83
242 205 83
242 205 83
242 205 83
242 205 83
242 207 87
242 207 87
242 207 87
242 207 87
242 207 87
242 207 87
242 207 87
242 207 87
241 208 90
241 208 90
241 208 90
241 208 90
241 208 90
241 208 90
241 208 90
241 208 90
241 210 94
241 210 94
241 210 94
241 210 94
241 210 94
241 210 94
241 210 94
241 210 94
241 212 97
241 212 97
241 212 97
241 212 97
241 212 97
241 212 97
241 212 97
241 212 97
241 213 101
241 213 101
241 213 101
241 213 101
241 213 101
241 213 101
241 213 101
241 213 101
241 215 105
241 215 105
241 215 105
241 215 105
241 215 105
241 215 105
241 215 105
241 215 105
241 216 109
241 216 109
241 216 109
241 216 109
241 216 109
241 216 109
241 216 109
241 216 109
241 217 112
241 217 112
241 217 112
241 217 112
241 217 112
241 217 112
241 217 112
241 217 112
242 219 116
242 219 116
242 219 116
242 219 116
242 219 116
242 219 116
242 219 116
242 219 116
242 220 120
242 220 120
242 220 120
242 220 120
242 220 120
242 220 120
242 220 120
242 220 120
243 221 124
243 221 124
243 221 124
243 221 124
243 221 124
243 221 124
243 221 124
243 221 124
244 222 127
244 222 127
244 222 127
244 222 127
244 222 127
244 222 127
244 222 127
244 222 127
245 223 131
245 223 131
245 223 131
245 223 131
245 223 131
245 223 131
245 223 131
245 223 131
246 225 134
246 225 134
246 225 134
246 225 134
246 225 134
246 225 134
246 225 134
246 225 134
247 226 138
247 226 138
247 226 138
247 226 138
247 226 138
247 226 138
247 226 138
247 226 138
249 227 141
249 227 141
249 227 141
249 227 141
249 227 141
249 227 141
249 227 141
249 227 141
250 228 144
250 228 144
250 228 144
250 228 144
250 228 144
250 228 144
250 228 144
250 228 144
252 229 148
252 229 148
252 229 148
252 229 148
252 229 148
252 229 148
252 229 148
252 229 148
