0 0 114
0 0 115
0 0 115
0 0 116
0 0 116
0 0 117
0 0 117
0 0 118
0 0 118
0 0 119
0 0 119
0 0 120
0 0 120
0 0 121
0 0 121
0 0 122
0 0 122
0 0 123
0 0 123
0 0 124
0 0 124
0 0 125
0 0 125
0 0 126
0 0 126
0 0 127
0 0 127
0 0 128
0 0 129
0 0 129
0 0 130
0 0 130
0 0 131
0 0 131
0 0 132
0 0 132
0 0 133
0 0 133
0 0 134
0 0 134
0 0 135
0 0 135
0 0 136
0 0 136
0 0 137
0 0 137
0 0 138
0 0 138
0 0 139
0 0 139
0 0 140
0 0 140
0 0 141
0 0 141
0 0 142
0 0 142
0 0 143
0 0 143
0 0 144
0 0 144
0 0 145
0 0 145
0 0 146
0 0 146
0 0 147
0 0 147
0 0 148
0 0 148
0 0 149
0 0 149
0 0 150
0 0 150
0 0 151
0 0 151
0 0 152
0 0 152
0 0 153
0 0 153
0 0 154
0 0 155
0 0 155
0 0 156
0 0 156
0 0 157
0 0 157
0 0 158
0 0 158
0 0 159
0 0 159
0 0 160
0 0 160
0 0 161
0 0 161
0 0 162
0 0 162
0 0 163
0 0 163
0 0 164
0 0 164
0 0 165
0 0 165
0 0 166
0 0 166
0 0 167
0 0 167
0 0 168
0 0 168
0 0 169
0 0 169
0 0 170
0 0 170
0 0 171
0 0 171
0 0 172
0 0 172
0 0 173
0 0 173
0 0 174
0 0 174
0 0 175
0 0 175
0 0 176
0 0 176
0 0 177
0 0 177
0 0 178
0 0 178
0 0 179
0 0 179
0 0 180
0 0 180
0 0 181
0 0 182
0 0 182
0 0 183
0 0 183
0 0 184
0 0 184
0 0 185
0 0 185
0 0 186
0 0 186
0 0 187
0 0 187
0 0 188
0 0 188
0 0 189
0 0 189
0 0 190
0 0 190
0 0 191
0 0 191
0 0 192
0 0 192
0 0 193
0 0 193
0 0 194
0 0 194
0 0 195
0 0 195
0 0 196
0 0 196
0 0 197
0 0 197
0 0 198
0 0 198
0 0 199
0 0 199
0 0 200
0 0 200
0 0 201
0 0 201
0 0 202
0 0 202
0 0 203
0 0 203
0 0 204
0 0 204
0 0 205
0 0 205
0 0 206
0 0 206
0 0 207
0 0 208
0 0 208
0 0 209
0 0 209
0 0 210
0 0 210
0 0 211
0 0 211
0 0 212
0 0 212
0 0 213
0 0 213
0 0 214
0 0 214
0 0 215
0 0 215
0 0 216
0 0 216
0 0 217
0 0 217
0 0 218
0 0 218
0 0 219
0 0 219
0 0 220
0 0 220
0 0 221
0 0 221
0 0 222
0 0 222
0 0 223
0 0 223
0 0 224
0 0 224
0 0 225
0 0 225
0 0 226
0 0 226
0 0 227
0 0 227
0 0 228
0 0 228
0 0 229
0 0 229
0 0 229
0 0 229
0 0 229
0 0 229
0 0 229
0 0 229
0 0 229
0 0 229
0 0 229
0 0 229
0 0 229
0 0 229
0 0 229
0 0 229
0 0 229
0 0 229
0 0 229
0 0 229
0 0 229
0 0 229
0 0 229
0 0 229
0 0 229
0 0 229
0 0 229
0 0 229
0 0 229
0 0 229
0 0 229
0 0 229
0 0 229
0 0 229
0 1 229
0 1 229
0 2 229
0 2 229
0 3 229
0 3 229
0 4 229
0 4 229
0 4 229
0 5 229
0 5 229
0 6 229
0 6 229
0 7 229
0 7 229
0 8 229
0 8 229
0 9 229
0 9 229
0 9 229
0 10 229
0 10 229
0 11 229
0 11 229
0 12 229
0 12 229
0 13 229
0 13 229
0 13 229
0 14 229
0 14 229
0 15 229
0 15 229
0 16 229
0 16 229
0 17 229
0 17 229
0 17 229
0 18 229
0 18 229
0 19 229
0 19 229
0 20 229
0 20 229
0 21 229
0 21 229
0 22 229
0 22 229
0 22 229
0 23 229
0 23 229
0 24 229
0 24 229
0 25 229
0 25 229
0 26 229
0 26 229
0 26 229
0 27 229
0 27 229
0 28 229
0 28 229
0 29 229
0 29 229
0 30 229
0 30 229
0 30 229
0 31 229
0 31 229
0 32 229
0 32 229
0 33 229
0 33 229
0 34 229
0 34 229
0 35 229
0 35 229
0 35 229
0 36 229
0 36 229
0 37 229
0 37 229
0 38 229
0 38 229
0 39 229
0 39 229
0 39 229
0 40 229
0 40 229
0 41 229
0 41 229
0 42 229
0 42 229
0 43 229
0 43 229
0 44 229
0 44 229
0 44 229
0 45 229
0 45 229
0 46 229
0 46 229
0 47 229
0 47 229
0 48 229
0 48 229
0 48 229
0 49 229
0 49 229
0 50 229
0 50 229
0 51 229
0 51 229
0 52 229
0 52 229
0 52 229
0 53 229
0 53 229
0 54 229
0 54 229
0 55 229
0 55 229
0 56 229
0 56 229
0 57 229
0 57 229
0 57 229
0 58 229
0 58 229
0 59 229
0 59 229
0 60 229
0 60 229
0 61 229
0 61 229
0 61 229
0 62 229
0 62 229
0 63 229
0 63 229
0 64 229
0 64 229
0 65 229
0 65 229
0 65 229
0 66 229
0 66 229
0 67 229
0 67 229
0 68 229
0 68 229
0 69 229
0 69 229
0 70 229
0 70 229
0 70 229
0 71 229
0 71 229
0 72 229
0 72 229
0 73 229
0 73 229
0 74 229
0 74 229
0 74 229
0 75 229
0 75 229
0 76 229
0 76 229
0 77 229
0 77 229
0 78 229
0 78 229
0 78 229
0 79 229
0 79 229
0 80 229
0 80 229
0 81 229
0 81 229
0 82 229
0 82 229
0 83 229
0 83 229
0 83 229
0 84 229
0 84 229
0 85 229
0 85 229
0 86 229
0 86 229
0 87 229
0 87 229
0 87 229
0 88 229
0 88 229
0 89 229
0 89 229
0 90 229
0 90 229
0 91 229
0 91 229
0 91 229
0 92 229
0 92 229
0 93 229
0 93 229
0 94 229
0 94 229
0 95 229
0 95 229
0 96 229
0 96 229
0 96 229
0 97 229
0 97 229
0 98 229
0 98 229
0 99 229
0 99 229
0 100 229
0 100 229
0 100 229
0 101 229
0 101 229
0 102 229
0 102 229
0 103 229
0 103 229
0 104 229
0 104 229
0 104 229
0 105 229
0 105 229
0 106 229
0 106 229
0 107 229
0 107 229
0 108 229
0 108 229
0 109 229
0 109 229
0 109 229
0 110 229
0 110 229
0 111 229
0 111 229
0 112 229
0 112 229
0 113 229
0 113 229
0 113 229
0 114 229
0 114 229
0 115 229
0 115 229
0 116 229
0 116 229
0 117 229
0 117 229
0 118 229
0 118 229
0 118 229
0 119 229
0 119 229
0 120 229
0 120 229
0 121 229
0 121 229
0 122 229
0 122 229
0 122 229
0 123 229
0 123 229
0 124 229
0 124 229
0 125 229
0 125 229
0 126 229
0 126 229
0 126 229
0 127 229
0 127 229
0 128 229
0 128 229
0 129 229
0 129 229
0 130 229
0 130 229
0 131 229
0 131 229
0 131 229
0 132 229
0 132 229
0 133 229
0 133 229
0 134 229
0 134 229
0 135 229
0 135 229
0 135 229
0 136 229
0 136 229
0 137 229
0 137 229
0 138 229
0 138 229
0 139 229
0 139 229
0 139 229
0 140 229
0 140 229
0 141 229
0 141 229
0 142 229
0 142 229
0 143 229
0 143 229
0 144 229
0 144 229
0 144 229
0 145 229
0 145 229
0 146 229
0 146 229
0 147 229
0 147 229
0 148 229
0 148 229
0 148 229
0 149 229
0 149 229
0 150 229
0 150 229
0 151 229
0 151 229
0 152 229
0 152 229
0 152 229
0 153 229
0 153 229
0 154 229
0 154 229
0 155 229
0 155 229
0 156 229
0 156 229
0 157 229
0 157 229
0 157 229
0 158 229
0 158 229
0 159 229
0 159 229
0 160 229
0 160 229
0 161 229
0 161 229
0 161 229
0 162 229
0 162 229
0 163 229
0 163 229
0 164 229
0 164 229
0 165 229
0 165 229
0 165 229
0 166 229
0 166 229
0 167 229
0 167 229
0 168 229
0 168 229
0 169 229
0 169 229
0 170 229
0 170 229
0 170 229
0 171 229
0 171 229
0 172 229
0 172 229
0 173 229
0 173 229
0 174 229
0 174 229
0 174 229
0 175 229
0 175 229
0 176 229
0 176 229
0 177 229
0 177 229
0 178 229
0 178 229
0 178 229
0 179 229
0 179 229
0 180 229
0 180 229
0 181 229
0 181 229
0 182 229
0 182 229
0 183 229
0 183 229
0 183 229
0 184 229
0 184 229
0 185 229
0 185 229
0 186 229
0 186 229
0 187 229
0 187 229
0 187 229
0 188 229
0 188 229
0 189 229
0 189 229
0 190 229
0 190 229
0 191 229
0 191 229
0 191 229
0 192 229
0 192 229
0 193 229
0 193 229
0 194 229
0 194 229
0 195 229
0 195 229
0 196 229
0 196 229
0 196 229
0 197 229
0 197 229
0 198 228
0 198 228
0 199 228
0 199 227
0 200 227
0 200 226
0 200 226
0 201 226
0 201 225
0 202 225
0 202 225
0 203 224
0 203 224
0 204 224
0 204 223
0 205 223
0 205 222
0 205 222
0 206 222
0 206 221
0 207 221
1 207 221
1 208 220
1 208 220
2 209 220
2 209 219
3 209 219
3 210 219
3 210 218
4 211 218
4 211 217
5 212 217
5 212 217
5 213 216
6 213 216
6 213 216
7 214 215
7 214 215
7 215 215
8 215 214
8 216 214
9 216 213
9 217 213
9 217 213
10 218 212
10 218 212
11 218 212
11 219 211
11 219 211
12 220 211
12 220 210
13 221 210
13 221 209
13 222 209
14 222 209
14 222 208
15 223 208
15 223 208
15 224 207
16 224 207
16 225 207
17 225 206
17 226 206
17 226 205
18 226 205
18 227 205
19 227 204
19 228 204
19 228 204
20 229 203
20 229 203
21 229 203
21 229 202
21 229 202
22 229 202
22 229 201
23 229 201
23 229 200
23 229 200
24 229 200
24 229 199
25 229 199
25 229 199
25 229 198
26 229 198
26 229 198
27 229 197
27 229 197
27 229 196
28 229 196
28 229 196
29 229 195
29 229 195
29 229 195
30 229 194
30 229 194
31 229 194
31 229 193
31 229 193
32 229 192
32 229 192
33 229 192
33 229 191
33 229 191
34 229 191
34 229 190
35 229 190
35 229 190
35 229 189
36 229 189
36 229 188
37 229 188
37 229 188
37 229 187
38 229 187
38 229 187
39 229 186
39 229 186
40 229 186
40 229 185
40 229 185
41 229 185
41 229 184
42 229 184
42 229 183
42 229 183
43 229 183
43 229 182
44 229 182
44 229 182
44 229 181
45 229 181
45 229 181
46 229 180
46 229 180
46 229 179
47 229 179
47 229 179
48 229 178
48 229 178
48 229 178
49 229 177
49 229 177
50 229 177
50 229 176
50 229 176
51 229 175
51 229 175
52 229 175
52 229 174
52 229 174
53 229 174
53 229 173
54 229 173
54 229 173
54 229 172
55 229 172
55 229 171
56 229 171
56 229 171
56 229 170
57 229 170
57 229 170
58 229 169
58 229 169
58 229 169
59 229 168
59 229 168
60 229 168
60 229 167
60 229 167
61 229 166
61 229 166
62 229 166
62 229 165
62 229 165
63 229 165
63 229 164
64 229 164
64 229 164
64 229 163
65 229 163
65 229 162
66 229 162
66 229 162
66 229 161
67 229 161
67 229 161
68 229 160
68 229 160
68 229 160
69 229 159
69 229 159
70 229 158
70 229 158
70 229 158
71 229 157
71 229 157
72 229 157
72 229 156
72 229 156
73 229 156
73 229 155
74 229 155
74 229 154
74 229 154
75 229 154
75 229 153
76 229 153
76 229 153
76 229 152
77 229 152
77 229 152
78 229 151
78 229 151
78 229 151
79 229 150
79 229 150
80 229 149
80 229 149
80 229 149
81 229 148
81 229 148
82 229 148
82 229 147
83 229 147
83 229 147
83 229 146
84 229 146
84 229 145
85 229 145
85 229 145
85 229 144
86 229 144
86 229 144
87 229 143
87 229 143
87 229 143
88 229 142
88 229 142
89 229 141
89 229 141
89 229 141
90 229 140
90 229 140
91 229 140
91 229 139
91 229 139
92 229 139
92 229 138
93 229 138
93 229 137
93 229 137
94 229 137
94 229 136
95 229 136
95 229 136
95 229 135
96 229 135
96 229 135
97 229 134
97 229 134
97 229 134
98 229 133
98 229 133
99 229 132
99 229 132
99 229 132
100 229 131
100 229 131
101 229 131
101 229 130
101 229 130
102 229 130
102 229 129
103 229 129
103 229 128
103 229 128
104 229 128
104 229 127
105 229 127
105 229 127
105 229 126
106 229 126
106 229 126
107 229 125
107 229 125
107 229 124
108 229 124
108 229 124
109 229 123
109 229 123
109 229 123
110 229 122
110 229 122
111 229 122
111 229 121
111 229 121
112 229 120
112 229 120
113 229 120
113 229 119
113 229 119
114 229 119
114 229 118
115 229 118
115 229 118
115 229 117
116 229 117
116 229 117
117 229 116
117 229 116
117 229 115
118 229 115
118 229 115
119 229 114
119 229 114
119 229 114
120 229 113
120 229 113
121 229 113
121 229 112
121 229 112
122 229 111
122 229 111
123 229 111
123 229 110
123 229 110
124 229 110
124 229 109
125 229 109
125 229 109
125 229 108
126 229 108
126 229 107
127 229 107
127 229 107
128 229 106
128 229 106
128 229 106
129 229 105
129 229 105
130 229 105
130 229 104
130 229 104
131 229 103
131 229 103
132 229 103
132 229 102
132 229 102
133 229 102
133 229 101
134 229 101
134 229 101
134 229 100
135 229 100
135 229 100
136 229 99
136 229 99
136 229 98
137 229 98
137 229 98
138 229 97
138 229 97
138 229 97
139 229 96
139 229 96
140 229 96
140 229 95
140 229 95
141 229 94
141 229 94
142 229 94
142 229 93
142 229 93
143 229 93
143 229 92
144 229 92
144 229 92
144 229 91
145 229 91
145 229 90
146 229 90
146 229 90
146 229 89
147 229 89
147 229 89
148 229 88
148 229 88
148 229 88
149 229 87
149 229 87
150 229 86
150 229 86
150 229 86
151 229 85
151 229 85
152 229 85
152 229 84
152 229 84
153 229 84
153 229 83
154 229 83
154 229 83
154 229 82
155 229 82
155 229 81
156 229 81
156 229 81
156 229 80
157 229 80
157 229 80
158 229 79
158 229 79
158 229 79
159 229 78
159 229 78
160 229 77
160 229 77
160 229 77
161 229 76
161 229 76
162 229 76
162 229 75
162 229 75
163 229 75
163 229 74
164 229 74
164 229 73
164 229 73
165 229 73
165 229 72
166 229 72
166 229 72
166 229 71
167 229 71
167 229 71
168 229 70
168 229 70
168 229 69
169 229 69
169 229 69
170 229 68
170 229 68
171 229 68
171 229 67
171 229 67
172 229 67
172 229 66
173 229 66
173 229 66
173 229 65
174 229 65
174 229 64
175 229 64
175 229 64
175 229 63
176 229 63
176 229 63
177 229 62
177 229 62
177 229 62
178 229 61
178 229 61
179 229 60
179 229 60
179 229 60
180 229 59
180 229 59
181 229 59
181 229 58
181 229 58
182 229 58
182 229 57
183 229 57
183 229 56
183 229 56
184 229 56
184 229 55
185 229 55
185 229 55
185 229 54
186 229 54
186 229 54
187 229 53
187 229 53
187 229 53
188 229 52
188 229 52
189 229 51
189 229 51
189 229 51
190 229 50
190 229 50
191 229 50
191 229 49
191 229 49
192 229 49
192 229 48
193 229 48
193 229 47
193 229 47
194 229 47
194 229 46
195 229 46
195 229 46
195 229 45
196 229 45
196 229 45
197 229 44
197 229 44
197 229 43
198 229 43
198 229 43
199 229 42
199 229 42
199 229 42
200 229 41
200 229 41
201 229 41
201 229 40
201 229 40
202 229 39
202 229 39
203 229 39
203 229 38
203 229 38
204 229 38
204 229 37
205 229 37
205 229 37
205 229 36
206 229 36
206 229 36
207 229 35
207 229 35
207 229 34
208 229 34
208 229 34
209 229 33
209 229 33
209 229 33
210 229 32
210 229 32
211 229 32
211 229 31
211 229 31
212 229 30
212 229 30
213 229 30
213 229 29
214 229 29
214 229 29
214 229 28
215 229 28
215 229 28
216 229 27
216 229 27
216 229 26
217 229 26
217 229 26
218 229 25
218 229 25
218 229 25
219 229 24
219 229 24
220 229 24
220 229 23
220 229 23
221 229 22
221 229 22
222 229 22
222 229 21
222 229 21
223 229 21
223 229 20
224 229 20
224 229 20
224 229 19
225 229 19
225 229 19
226 229 18
226 229 18
226 229 17
227 229 17
227 229 17
228 229 16
228 229 16
228 229 16
229 229 15
229 229 15
230 229 15
230 229 14
230 229 14
231 229 13
231 229 13
232 229 13
232 229 12
232 229 12
233 229 12
233 229 11
234 229 11
234 229 11
234 229 10
235 229 10
235 229 9
236 229 9
236 229 9
236 229 8
237 229 8
237 229 8
238 229 7
238 229 7
238 229 7
239 228 6
239 228 6
240 227 5
240 227 5
240 227 5
241 226 4
241 226 4
242 225 4
242 225 3
242 224 3
243 224 3
243 224 2
244 223 2
244 223 2
244 222 1
245 222 1
245 222 0
246 221 0
246 221 0
246 220 0
247 220 0
247 219 0
248 219 0
248 219 0
248 218 0
249 218 0
249 217 0
250 217 0
250 217 0
250 216 0
251 216 0
251 215 0
252 215 0
252 214 0
252 214 0
253 214 0
253 213 0
254 213 0
254 212 0
254 212 0
255 212 0
255 211 0
255 211 0
255 210 0
255 210 0
255 210 0
255 209 0
255 209 0
255 208 0
255 208 0
255 207 0
255 207 0
255 207 0
255 206 0
255 206 0
255 205 0
255 205 0
255 205 0
255 204 0
255 204 0
255 203 0
255 203 0
255 202 0
255 202 0
255 202 0
255 201 0
255 201 0
255 200 0
255 200 0
255 200 0
255 199 0
255 199 0
255 198 0
255 198 0
255 197 0
255 197 0
255 197 0
255 196 0
255 196 0
255 195 0
255 195 0
255 195 0
255 194 0
255 194 0
255 193 0
255 193 0
255 192 0
255 192 0
255 192 0
255 191 0
255 191 0
255 190 0
255 190 0
255 190 0
255 189 0
255 189 0
255 188 0
255 188 0
255 188 0
255 187 0
255 187 0
255 186 0
255 186 0
255 185 0
255 185 0
255 185 0
255 184 0
255 184 0
255 183 0
255 183 0
255 183 0
255 182 0
255 182 0
255 181 0
255 181 0
255 180 0
255 180 0
255 180 0
255 179 0
255 179 0
255 178 0
255 178 0
255 178 0
255 177 0
255 177 0
255 176 0
255 176 0
255 175 0
255 175 0
255 175 0
255 174 0
255 174 0
255 173 0
255 173 0
255 173 0
255 172 0
255 172 0
255 171 0
255 171 0
255 170 0
255 170 0
255 170 0
255 169 0
255 169 0
255 168 0
255 168 0
255 168 0
255 167 0
255 167 0
255 166 0
255 166 0
255 166 0
255 165 0
255 165 0
255 164 0
255 164 0
255 163 0
255 163 0
255 163 0
255 162 0
255 162 0
255 161 0
255 161 0
255 161 0
255 160 0
255 160 0
255 159 0
255 159 0
255 158 0
255 158 0
255 158 0
255 157 0
255 157 0
255 156 0
255 156 0
255 156 0
255 155 0
255 155 0
255 154 0
255 154 0
255 153 0
255 153 0
255 153 0
255 152 0
255 152 0
255 151 0
255 151 0
255 151 0
255 150 0
255 150 0
255 149 0
255 149 0
255 148 0
255 148 0
255 148 0
255 147 0
255 147 0
255 146 0
255 146 0
255 146 0
255 145 0
255 145 0
255 144 0
255 144 0
255 143 0
255 143 0
255 143 0
255 142 0
255 142 0
255 141 0
255 141 0
255 141 0
255 140 0
255 140 0
255 139 0
255 139 0
255 139 0
255 138 0
255 138 0
255 137 0
255 137 0
255 136 0
255 136 0
255 136 0
255 135 0
255 135 0
255 134 0
255 134 0
255 134 0
255 133 0
255 133 0
255 132 0
255 132 0
255 131 0
255 131 0
255 131 0
255 130 0
255 130 0
255 129 0
255 129 0
255 129 0
255 128 0
255 128 0
255 127 0
255 127 0
255 126 0
255 126 0
255 126 0
255 125 0
255 125 0
255 124 0
255 124 0
255 124 0
255 123 0
255 123 0
255 122 0
255 122 0
255 121 0
255 121 0
255 121 0
255 120 0
255 120 0
255 119 0
255 119 0
255 119 0
255 118 0
255 118 0
255 117 0
255 117 0
255 117 0
255 116 0
255 116 0
255 115 0
255 115 0
255 114 0
255 114 0
255 114 0
255 113 0
255 113 0
255 112 0
255 112 0
255 112 0
255 111 0
255 111 0
255 110 0
255 110 0
255 109 0
255 109 0
255 109 0
255 108 0
255 108 0
255 107 0
255 107 0
255 107 0
255 106 0
255 106 0
255 105 0
255 105 0
255 104 0
255 104 0
255 104 0
255 103 0
255 103 0
255 102 0
255 102 0
255 102 0
255 101 0
255 101 0
255 100 0
255 100 0
255 99 0
255 99 0
255 99 0
255 98 0
255 98 0
255 97 0
255 97 0
255 97 0
255 96 0
255 96 0
255 95 0
255 95 0
255 94 0
255 94 0
255 94 0
255 93 0
255 93 0
255 92 0
255 92 0
255 92 0
255 91 0
255 91 0
255 90 0
255 90 0
255 90 0
255 89 0
255 89 0
255 88 0
255 88 0
255 87 0
255 87 0
255 87 0
255 86 0
255 86 0
255 85 0
255 85 0
255 85 0
255 84 0
255 84 0
255 83 0
255 83 0
255 82 0
255 82 0
255 82 0
255 81 0
255 81 0
255 80 0
255 80 0
255 80 0
255 79 0
255 79 0
255 78 0
255 78 0
255 77 0
255 77 0
255 77 0
255 76 0
255 76 0
255 75 0
255 75 0
255 75 0
255 74 0
255 74 0
255 73 0
255 73 0
255 72 0
255 72 0
255 72 0
255 71 0
255 71 0
255 70 0
255 70 0
255 70 0
255 69 0
255 69 0
255 68 0
255 68 0
255 68 0
255 67 0
255 67 0
255 66 0
255 66 0
255 65 0
255 65 0
255 65 0
255 64 0
255 64 0
255 63 0
255 63 0
255 63 0
255 62 0
255 62 0
255 61 0
255 61 0
255 60 0
255 60 0
255 60 0
255 59 0
255 59 0
255 58 0
255 58 0
255 58 0
255 57 0
255 57 0
255 56 0
255 56 0
255 55 0
255 55 0
255 55 0
255 54 0
255 54 0
255 53 0
255 53 0
255 53 0
255 52 0
255 52 0
255 51 0
255 51 0
255 50 0
255 50 0
255 50 0
255 49 0
255 49 0
255 48 0
255 48 0
255 48 0
255 47 0
255 47 0
255 46 0
255 46 0
255 45 0
255 45 0
255 45 0
255 44 0
255 44 0
255 43 0
255 43 0
255 43 0
255 42 0
255 42 0
255 41 0
255 41 0
255 41 0
255 40 0
255 40 0
255 39 0
255 39 0
255 38 0
255 38 0
255 38 0
255 37 0
255 37 0
255 36 0
255 36 0
255 36 0
255 35 0
255 35 0
255 34 0
255 34 0
255 33 0
255 33 0
255 33 0
255 32 0
255 32 0
255 31 0
255 31 0
255 31 0
255 30 0
255 30 0
255 29 0
255 29 0
255 28 0
255 28 0
255 28 0
255 27 0
255 27 0
255 26 0
255 26 0
255 26 0
255 25 0
255 25 0
255 24 0
255 24 0
255 23 0
255 23 0
255 23 0
255 22 0
255 22 0
255 21 0
255 21 0
255 21 0
255 20 0
255 20 0
255 19 0
255 19 0
255 19 0
255 18 0
255 18 0
255 17 0
255 17 0
254 16 0
254 16 0
253 16 0
253 15 0
252 15 0
252 14 0
251 14 0
250 14 0
250 13 0
249 13 0
249 12 0
248 12 0
248 11 0
247 11 0
246 11 0
246 10 0
245 10 0
245 9 0
244 9 0
244 9 0
243 8 0
243 8 0
242 7 0
241 7 0
241 6 0
240 6 0
240 6 0
239 5 0
239 5 0
238 4 0
237 4 0
237 4 0
236 3 0
236 3 0
235 2 0
235 2 0
234 1 0
233 1 0
233 1 0
232 0 0
232 0 0
231 0 0
231 0 0
230 0 0
229 0 0
229 0 0
228 0 0
228 0 0
227 0 0
227 0 0
226 0 0
226 0 0
225 0 0
224 0 0
224 0 0
223 0 0
223 0 0
222 0 0
222 0 0
221 0 0
220 0 0
220 0 0
219 0 0
219 0 0
218 0 0
218 0 0
217 0 0
216 0 0
216 0 0
215 0 0
215 0 0
214 0 0
214 0 0
213 0 0
213 0 0
212 0 0
211 0 0
211 0 0
210 0 0
210 0 0
209 0 0
209 0 0
208 0 0
207 0 0
207 0 0
206 0 0
206 0 0
205 0 0
205 0 0
204 0 0
203 0 0
203 0 0
202 0 0
202 0 0
201 0 0
201 0 0
200 0 0
199 0 0
199 0 0
198 0 0
198 0 0
197 0 0
197 0 0
196 0 0
196 0 0
195 0 0
194 0 0
194 0 0
193 0 0
193 0 0
192 0 0
192 0 0
191 0 0
190 0 0
190 0 0
189 0 0
189 0 0
188 0 0
188 0 0
187 0 0
186 0 0
186 0 0
185 0 0
185 0 0
184 0 0
184 0 0
183 0 0
182 0 0
182 0 0
181 0 0
181 0 0
180 0 0
180 0 0
179 0 0
179 0 0
178 0 0
177 0 0
177 0 0
176 0 0
176 0 0
175 0 0
175 0 0
174 0 0
173 0 0
173 0 0
172 0 0
172 0 0
171 0 0
171 0 0
170 0 0
169 0 0
169 0 0
168 0 0
168 0 0
167 0 0
167 0 0
166 0 0
166 0 0
165 0 0
164 0 0
164 0 0
163 0 0
163 0 0
162 0 0
162 0 0
161 0 0
160 0 0
160 0 0
159 0 0
159 0 0
158 0 0
158 0 0
157 0 0
156 0 0
156 0 0
155 0 0
155 0 0
154 0 0
154 0 0
153 0 0
152 0 0
152 0 0
151 0 0
151 0 0
150 0 0
150 0 0
149 0 0
149 0 0
148 0 0
147 0 0
147 0 0
146 0 0
146 0 0
145 0 0
145 0 0
144 0 0
143 0 0
143 0 0
142 0 0
142 0 0
141 0 0
141 0 0
140 0 0
139 0 0
139 0 0
138 0 0
138 0 0
137 0 0
137 0 0
136 0 0
135 0 0
135 0 0
134 0 0
134 0 0
133 0 0
133 0 0
132 0 0
132 0 0
131 0 0
130 0 0
130 0 0
129 0 0
129 0 0
128 0 0
128 0 0
127 0 0
