0 0 3
0 0 3
0 0 3
0 0 3
0 0 3
0 0 3
0 0 3
0 0 3
0 0 4
0 0 4
0 0 4
0 0 4
0 0 4
0 0 4
0 0 4
0 0 4
0 0 5
0 0 5
0 0 5
0 0 5
0 0 5
0 0 5
0 0 5
0 0 5
1 0 6
1 0 6
1 0 6
1 0 6
1 0 6
1 0 6
1 0 6
1 0 6
1 1 8
1 1 8
1 1 8
1 1 8
1 1 8
1 1 8
1 1 8
1 1 8
1 1 10
1 1 10
1 1 10
1 1 10
1 1 10
1 1 10
1 1 10
1 1 10
2 1 12
2 1 12
2 1 12
2 1 12
2 1 12
2 1 12
2 1 12
2 1 12
2 2 13
2 2 13
2 2 13
2 2 13
2 2 13
2 2 13
2 2 13
2 2 13
3 2 15
3 2 15
3 2 15
3 2 15
3 2 15
3 2 15
3 2 15
3 2 15
4 3 17
4 3 17
4 3 17
4 3 17
4 3 17
4 3 17
4 3 17
4 3 17
4 3 19
4 3 19
4 3 19
4 3 19
4 3 19
4 3 19
4 3 19
4 3 19
5 4 21
5 4 21
5 4 21
5 4 21
5 4 21
5 4 21
5 4 21
5 4 21
6 4 23
6 4 23
6 4 23
6 4 23
6 4 23
6 4 23
6 4 23
6 4 23
7 5 24
7 5 24
7 5 24
7 5 24
7 5 24
7 5 24
7 5 24
7 5 24
8 5 26
8 5 26
8 5 26
8 5 26
8 5 26
8 5 26
8 5 26
8 5 26
9 6 28
9 6 28
9 6 28
9 6 28
9 6 28
9 6 28
9 6 28
9 6 28
10 7 30
10 7 30
10 7 30
10 7 30
10 7 30
10 7 30
10 7 30
10 7 30
11 7 32
11 7 32
11 7 32
11 7 32
11 7 32
11 7 32
11 7 32
11 7 32
12 8 34
12 8 34
12 8 34
12 8 34
12 8 34
12 8 34
12 8 34
12 8 34
13 9 36
13 9 36
13 9 36
13 9 36
13 9 36
13 9 36
13 9 36
13 9 36
14 9 38
14 9 38
14 9 38
14 9 38
14 9 38
14 9 38
14 9 38
14 9 38
15 10 40
15 10 40
15 10 40
15 10 40
15 10 40
15 10 40
15 10 40
15 10 40
16 10 42
16 10 42
16 10 42
16 10 42
16 10 42
16 10 42
16 10 42
16 10 42
17 11 44
17 11 44
17 11 44
17 11 44
17 11 44
17 11 44
17 11 44
17 11 44
18 11 46
18 11 46
18 11 46
18 11 46
18 11 46
18 11 46
18 11 46
18 11 46
20 12 48
20 12 48
20 12 48
20 12 48
20 12 48
20 12 48
20 12 48
20 12 48
21 12 50
21 12 50
21 12 50
21 12 50
21 12 50
21 12 50
21 12 50
21 12 50
22 13 52
22 13 52
22 13 52
22 13 52
22 13 52
22 13 52
22 13 52
22 13 52
23 13 54
23 13 54
23 13 54
23 13 54
23 13 54
23 13 54
23 13 54
23 13 54
24 14 57
24 14 57
24 14 57
24 14 57
24 14 57
24 14 57
24 14 57
24 14 57
26 14 59
26 14 59
26 14 59
26 14 59
26 14 59
26 14 59
26 14 59
26 14 59
27 14 61
27 14 61
27 14 61
27 14 61
27 14 61
27 14 61
27 14 61
27 14 61
28 15 63
28 15 63
28 15 63
28 15 63
28 15 63
28 15 63
28 15 63
28 15 63
30 15 65
30 15 65
30 15 65
30 15 65
30 15 65
30 15 65
30 15 65
30 15 65
31 15 67
31 15 67
31 15 67
31 15 67
31 15 67
31 15 67
31 15 67
31 15 67
32 15 70
32 15 70
32 15 70
32 15 70
32 15 70
32 15 70
32 15 70
32 15 70
34 15 72
34 15 72
34 15 72
34 15 72
34 15 72
34 15 72
34 15 72
34 15 72
35 15 74
35 15 74
35 15 74
35 15 74
35 15 74
35 15 74
35 15 74
35 15 74
37 15 76
37 15 76
37 15 76
37 15 76
37 15 76
37 15 76
37 15 76
37 15 76
38 15 78
38 15 78
38 15 78
38 15 78
38 15 78
38 15 78
38 15 78
38 15 78
40 15 80
40 15 80
40 15 80
40 15 80
40 15 80
40 15 80
40 15 80
40 15 80
42 15 83
42 15 83
42 15 83
42 15 83
42 15 83
42 15 83
42 15 83
42 15 83
43 15 85
43 15 85
43 15 85
43 15 85
43 15 85
43 15 85
43 15 85
43 15 85
45 15 87
45 15 87
45 15 87
45 15 87
45 15 87
45 15 87
45 15 87
45 15 87
47 15 89
47 15 89
47 15 89
47 15 89
47 15 89
47 15 89
47 15 89
47 15 89
48 14 90
48 14 90
48 14 90
48 14 90
48 14 90
48 14 90
48 14 90
48 14 90
50 14 92
50 14 92
50 14 92
50 14 92
50 14 92
50 14 92
50 14 92
50 14 92
52 14 94
52 14 94
52 14 94
52 14 94
52 14 94
52 14 94
52 14 94
52 14 94
53 14 96
53 14 96
53 14 96
53 14 96
53 14 96
53 14 96
53 14 96
53 14 96
55 14 97
55 14 97
55 14 97
55 14 97
55 14 97
55 14 97
55 14 97
55 14 97
57 13 99
57 13 99
57 13 99
57 13 99
57 13 99
57 13 99
57 13 99
57 13 99
59 13 100
59 13 100
59 13 100
59 13 100
59 13 100
59 13 100
59 13 100
59 13 100
60 13 101
60 13 101
60 13 101
60 13 101
60 13 101
60 13 101
60 13 101
60 13 101
62 13 102
62 13 102
62 13 102
62 13 102
62 13 102
62 13 102
62 13 102
62 13 102
64 13 104
64 13 104
64 13 104
64 13 104
64 13 104
64 13 104
64 13 104
64 13 104
66 13 105
66 13 105
66 13 105
66 13 105
66 13 105
66 13 105
66 13 105
66 13 105
67 13 105
67 13 105
67 13 105
67 13 105
67 13 105
67 13 105
67 13 105
67 13 105
69 13 106
69 13 106
69 13 106
69 13 106
69 13 106
69 13 106
69 13 106
69 13 106
71 14 107
71 14 107
71 14 107
71 14 107
71 14 107
71 14 107
71 14 107
71 14 107
72 14 108
72 14 108
72 14 108
72 14 108
72 14 108
72 14 108
72 14 108
72 14 108
74 14 109
74 14 109
74 14 109
74 14 109
74 14 109
74 14 109
74 14 109
74 14 109
75 15 109
75 15 109
75 15 109
75 15 109
75 15 109
75 15 109
75 15 109
75 15 109
77 15 110
77 15 110
77 15 110
77 15 110
77 15 110
77 15 110
77 15 110
77 15 110
79 15 110
79 15 110
79 15 110
79 15 110
79 15 110
79 15 110
79 15 110
79 15 110
80 16 111
80 16 111
80 16 111
80 16 111
80 16 111
80 16 111
80 16 111
80 16 111
82 16 111
82 16 111
82 16 111
82 16 111
82 16 111
82 16 111
82 16 111
82 16 111
83 17 112
83 17 112
83 17 112
83 17 112
83 17 112
83 17 112
83 17 112
83 17 112
85 17 112
85 17 112
85 17 112
85 17 112
85 17 112
85 17 112
85 17 112
85 17 112
87 18 113
87 18 113
87 18 113
87 18 113
87 18 113
87 18 113
87 18 113
87 18 113
88 19 113
88 19 113
88 19 113
88 19 113
88 19 113
88 19 113
88 19 113
88 19 113
90 19 113
90 19 113
90 19 113
90 19 113
90 19 113
90 19 113
90 19 113
90 19 113
91 20 114
91 20 114
91 20 114
91 20 114
91 20 114
91 20 114
91 20 114
91 20 114
93 20 114
93 20 114
93 20 114
93 20 114
93 20 114
93 20 114
93 20 114
93 20 114
94 21 114
94 21 114
94 21 114
94 21 114
94 21 114
94 21 114
94 21 114
94 21 114
96 21 114
96 21 114
96 21 114
96 21 114
96 21 114
96 21 114
96 21 114
96 21 114
97 22 114
97 22 114
97 22 114
97 22 114
97 22 114
97 22 114
97 22 114
97 22 114
99 23 115
99 23 115
99 23 115
99 23 115
99 23 115
99 23 115
99 23 115
99 23 115
101 23 115
101 23 115
101 23 115
101 23 115
101 23 115
101 23 115
101 23 115
101 23 115
102 24 115
102 24 115
102 24 115
102 24 115
102 24 115
102 24 115
102 24 115
102 24 115
104 24 115
104 24 115
104 24 115
104 24 115
104 24 115
104 24 115
104 24 115
104 24 115
105 25 115
105 25 115
105 25 115
105 25 115
105 25 115
105 25 115
105 25 115
105 25 115
107 25 115
107 25 115
107 25 115
107 25 115
107 25 115
107 25 115
107 25 115
107 25 115
108 26 116
108 26 116
108 26 116
108 26 116
108 26 116
108 26 116
108 26 116
108 26 116
110 27 116
110 27 116
110 27 116
110 27 116
110 27 116
110 27 116
110 27 116
110 27 116
111 27 116
111 27 116
111 27 116
111 27 116
111 27 116
111 27 116
111 27 116
111 27 116
113 28 116
113 28 116
113 28 116
113 28 116
113 28 116
113 28 116
113 28 116
113 28 116
115 28 116
115 28 116
115 28 116
115 28 116
115 28 116
115 28 116
115 28 116
115 28 116
116 29 116
116 29 116
116 29 116
116 29 116
116 29 116
116 29 116
116 29 116
116 29 116
118 29 116
118 29 116
118 29 116
118 29 116
118 29 116
118 29 116
118 29 116
118 29 116
119 30 116
119 30 116
119 30 116
119 30 116
119 30 116
119 30 116
119 30 116
119 30 116
121 30 116
121 30 116
121 30 116
121 30 116
121 30 116
121 30 116
121 30 116
121 30 116
122 31 116
122 31 116
122 31 116
122 31 116
122 31 116
122 31 116
122 31 116
122 31 116
124 31 116
124 31 116
124 31 116
124 31 116
124 31 116
124 31 116
124 31 116
124 31 116
126 32 116
126 32 116
126 32 116
126 32 116
126 32 116
126 32 116
126 32 116
126 32 116
127 32 116
127 32 116
127 32 116
127 32 116
127 32 116
127 32 116
127 32 116
127 32 116
129 33 116
129 33 116
129 33 116
129 33 116
129 33 116
129 33 116
129 33 116
129 33 116
130 34 116
130 34 116
130 34 116
130 34 116
130 34 116
130 34 116
130 34 116
130 34 116
132 34 116
132 34 116
132 34 116
132 34 116
132 34 116
132 34 116
132 34 116
132 34 116
133 35 116
133 35 116
133 35 116
133 35 116
133 35 116
133 35 116
133 35 116
133 35 116
135 35 116
135 35 116
135 35 116
135 35 116
135 35 116
135 35 116
135 35 116
135 35 116
137 36 116
137 36 116
137 36 116
137 36 116
137 36 116
137 36 116
137 36 116
137 36 116
138 36 116
138 36 116
138 36 116
138 36 116
138 36 116
138 36 116
138 36 116
138 36 116
140 36 116
140 36 116
140 36 116
140 36 116
140 36 116
140 36 116
140 36 116
140 36 116
141 37 115
141 37 115
141 37 115
141 37 115
141 37 115
141 37 115
141 37 115
141 37 115
143 37 115
143 37 115
143 37 115
143 37 115
143 37 115
143 37 115
143 37 115
143 37 115
145 38 115
145 38 115
145 38 115
145 38 115
145 38 115
145 38 115
145 38 115
145 38 115
146 38 115
146 38 115
146 38 115
146 38 115
146 38 115
146 38 115
146 38 115
146 38 115
148 39 115
148 39 115
148 39 115
148 39 115
148 39 115
148 39 115
148 39 115
148 39 115
149 39 115
149 39 115
149 39 115
149 39 115
149 39 115
149 39 115
149 39 115
149 39 115
151 40 115
151 40 115
151 40 115
151 40 115
151 40 115
151 40 115
151 40 115
151 40 115
153 40 114
153 40 114
153 40 114
153 40 114
153 40 114
153 40 114
153 40 114
153 40 114
154 41 114
154 41 114
154 41 114
154 41 114
154 41 114
154 41 114
154 41 114
154 41 114
156 41 114
156 41 114
156 41 114
156 41 114
156 41 114
156 41 114
156 41 114
156 41 114
158 42 114
158 42 114
158 42 114
158 42 114
158 42 114
158 42 114
158 42 114
158 42 114
159 42 113
159 42 113
159 42 113
159 42 113
159 42 113
159 42 113
159 42 113
159 42 113
161 43 113
161 43 113
161 43 113
161 43 113
161 43 113
161 43 113
161 43 113
161 43 113
163 43 113
163 43 113
163 43 113
163 43 113
163 43 113
163 43 113
163 43 113
163 43 113
164 44 113
164 44 113
164 44 113
164 44 113
164 44 113
164 44 113
164 44 113
164 44 113
166 44 112
166 44 112
166 44 112
166 44 112
166 44 112
166 44 112
166 44 112
166 44 112
167 44 112
167 44 112
167 44 112
167 44 112
167 44 112
167 44 112
167 44 112
167 44 112
169 45 112
169 45 112
169 45 112
169 45 112
169 45 112
169 45 112
169 45 112
169 45 112
171 45 111
171 45 111
171 45 111
171 45 111
171 45 111
171 45 111
171 45 111
171 45 111
172 46 111
172 46 111
172 46 111
172 46 111
172 46 111
172 46 111
172 46 111
172 46 111
174 46 111
174 46 111
174 46 111
174 46 111
174 46 111
174 46 111
174 46 111
174 46 111
176 47 110
176 47 110
176 47 110
176 47 110
176 47 110
176 47 110
176 47 110
176 47 110
177 47 110
177 47 110
177 47 110
177 47 110
177 47 110
177 47 110
177 47 110
177 47 110
179 48 109
179 48 109
179 48 109
179 48 109
179 48 109
179 48 109
179 48 109
179 48 109
181 48 109
181 48 109
181 48 109
181 48 109
181 48 109
181 48 109
181 48 109
181 48 109
182 49 109
182 49 109
182 49 109
182 49 109
182 49 109
182 49 109
182 49 109
182 49 109
184 49 108
184 49 108
184 49 108
184 49 108
184 49 108
184 49 108
184 49 108
184 49 108
185 50 108
185 50 108
185 50 108
185 50 108
185 50 108
185 50 108
185 50 108
185 50 108
187 50 107
187 50 107
187 50 107
187 50 107
187 50 107
187 50 107
187 50 107
187 50 107
189 51 107
189 51 107
189 51 107
189 51 107
189 51 107
189 51 107
189 51 107
189 51 107
190 51 106
190 51 106
190 51 106
190 51 106
190 51 106
190 51 106
190 51 106
190 51 106
192 52 106
192 52 106
192 52 106
192 52 106
192 52 106
192 52 106
192 52 106
192 52 106
194 53 105
194 53 105
194 53 105
194 53 105
194 53 105
194 53 105
194 53 105
194 53 105
195 53 105
195 53 105
195 53 105
195 53 105
195 53 105
195 53 105
195 53 105
195 53 105
197 54 104
197 54 104
197 54 104
197 54 104
197 54 104
197 54 104
197 54 104
197 54 104
198 54 103
198 54 103
198 54 103
198 54 103
198 54 103
198 54 103
198 54 103
198 54 103
200 55 103
200 55 103
200 55 103
200 55 103
200 55 103
200 55 103
200 55 103
200 55 103
202 56 102
202 56 102
202 56 102
202 56 102
202 56 102
202 56 102
202 56 102
202 56 102
203 56 102
203 56 102
203 56 102
203 56 102
203 56 102
203 56 102
203 56 102
203 56 102
205 57 101
205 57 101
205 57 101
205 57 101
205 57 101
205 57 101
205 57 101
205 57 101
206 58 100
206 58 100
206 58 100
206 58 100
206 58 100
206 58 100
206 58 100
206 58 100
208 58 100
208 58 100
208 58 100
208 58 100
208 58 100
208 58 100
208 58 100
208 58 100
209 59 99
209 59 99
209 59 99
209 59 99
209 59 99
209 59 99
209 59 99
209 59 99
211 60 98
211 60 98
211 60 98
211 60 98
211 60 98
211 60 98
211 60 98
211 60 98
212 60 98
212 60 98
212 60 98
212 60 98
212 60 98
212 60 98
212 60 98
212 60 98
214 61 97
214 61 97
214 61 97
214 61 97
214 61 97
214 61 97
214 61 97
214 61 97
215 62 96
215 62 96
215 62 96
215 62 96
215 62 96
215 62 96
215 62 96
215 62 96
217 63 96
217 63 96
217 63 96
217 63 96
217 63 96
217 63 96
217 63 96
217 63 96
218 64 95
218 64 95
218 64 95
218 64 95
218 64 95
218 64 95
218 64 95
218 64 95
220 65 94
220 65 94
220 65 94
220 65 94
220 65 94
220 65 94
220 65 94
220 65 94
221 66 93
221 66 93
221 66 93
221 66 93
221 66 93
221 66 93
221 66 93
221 66 93
222 66 93
222 66 93
222 66 93
222 66 93
222 66 93
222 66 93
222 66 93
222 66 93
224 67 92
224 67 92
224 67 92
224 67 92
224 67 92
224 67 92
224 67 92
224 67 92
225 68 91
225 68 91
225 68 91
225 68 91
225 68 91
225 68 91
225 68 91
225 68 91
226 70 91
226 70 91
226 70 91
226 70 91
226 70 91
226 70 91
226 70 91
226 70 91
228 71 90
228 71 90
228 71 90
228 71 90
228 71 90
228 71 90
228 71 90
228 71 90
229 72 89
229 72 89
229 72 89
229 72 89
229 72 89
229 72 89
229 72 89
229 72 89
230 73 89
230 73 89
230 73 89
230 73 89
230 73 89
230 73 89
230 73 89
230 73 89
231 74 88
231 74 88
231 74 88
231 74 88
231 74 88
231 74 88
231 74 88
231 74 88
232 75 87
232 75 87
232 75 87
232 75 87
232 75 87
232 75 87
232 75 87
232 75 87
234 76 87
234 76 87
234 76 87
234 76 87
234 76 87
234 76 87
234 76 87
234 76 87
235 78 86
235 78 86
235 78 86
235 78 86
235 78 86
235 78 86
235 78 86
235 78 86
236 79 86
236 79 86
236 79 86
236 79 86
236 79 86
236 79 86
236 79 86
236 79 86
237 80 85
237 80 85
237 80 85
237 80 85
237 80 85
237 80 85
237 80 85
237 80 85
238 82 85
238 82 85
238 82 85
238 82 85
238 82 85
238 82 85
238 82 85
238 82 85
238 83 84
238 83 84
238 83 84
238 83 84
238 83 84
238 83 84
238 83 84
238 83 84
239 85 84
239 85 84
239 85 84
239 85 84
239 85 84
239 85 84
239 85 84
239 85 84
240 86 83
240 86 83
240 86 83
240 86 83
240 86 83
240 86 83
240 86 83
240 86 83
241 88 83
241 88 83
241 88 83
241 88 83
241 88 83
241 88 83
241 88 83
241 88 83
242 89 83
242 89 83
242 89 83
242 89 83
242 89 83
242 89 83
242 89 83
242 89 83
243 91 82
243 91 82
243 91 82
243 91 82
243 91 82
243 91 82
243 91 82
243 91 82
243 92 82
243 92 82
243 92 82
243 92 82
243 92 82
243 92 82
243 92 82
243 92 82
244 94 82
244 94 82
244 94 82
244 94 82
244 94 82
244 94 82
244 94 82
244 94 82
245 96 82
245 96 82
245 96 82
245 96 82
245 96 82
245 96 82
245 96 82
245 96 82
245 97 82
245 97 82
245 97 82
245 97 82
245 97 82
245 97 82
245 97 82
245 97 82
246 99 82
246 99 82
246 99 82
246 99 82
246 99 82
246 99 82
246 99 82
246 99 82
246 100 82
246 100 82
246 100 82
246 100 82
246 100 82
246 100 82
246 100 82
246 100 82
247 102 82
247 102 82
247 102 82
247 102 82
247 102 82
247 102 82
247 102 82
247 102 82
247 104 82
247 104 82
247 104 82
247 104 82
247 104 82
247 104 82
247 104 82
247 104 82
248 105 83
248 105 83
248 105 83
248 105 83
248 105 83
248 105 83
248 105 83
248 105 83
248 107 83
248 107 83
248 107 83
248 107 83
248 107 83
248 107 83
248 107 83
248 107 83
249 109 83
249 109 83
249 109 83
249 109 83
249 109 83
249 109 83
249 109 83
249 109 83
249 110 84
249 110 84
249 110 84
249 110 84
249 110 84
249 110 84
249 110 84
249 110 84
249 112 84
249 112 84
249 112 84
249 112 84
249 112 84
249 112 84
249 112 84
249 112 84
250 114 84
250 114 84
250 114 84
250 114 84
250 114 84
250 114 84
250 114 84
250 114 84
250 116 85
250 116 85
250 116 85
250 116 85
250 116 85
250 116 85
250 116 85
250 116 85
250 117 85
250 117 85
250 117 85
250 117 85
250 117 85
250 117 85
250 117 85
250 117 85
251 119 86
251 119 86
251 119 86
251 119 86
251 119 86
251 119 86
251 119 86
251 119 86
251 121 87
251 121 87
251 121 87
251 121 87
251 121 87
251 121 87
251 121 87
251 121 87
251 122 87
251 122 87
251 122 87
251 122 87
251 122 87
251 122 87
251 122 87
251 122 87
251 124 88
251 124 88
251 124 88
251 124 88
251 124 88
251 124 88
251 124 88
251 124 88
252 126 89
252 126 89
252 126 89
252 126 89
252 126 89
252 126 89
252 126 89
252 126 89
252 128 89
252 128 89
252 128 89
252 128 89
252 128 89
252 128 89
252 128 89
252 128 89
252 129 90
252 129 90
252 129 90
252 129 90
252 129 90
252 129 90
252 129 90
252 129 90
252 131 91
252 131 91
252 131 91
252 131 91
252 131 91
252 131 91
252 131 91
252 131 91
252 133 92
252 133 92
252 133 92
252 133 92
252 133 92
252 133 92
252 133 92
252 133 92
253 134 93
253 134 93
253 134 93
253 134 93
253 134 93
253 134 93
253 134 93
253 134 93
253 136 94
253 136 94
253 136 94
253 136 94
253 136 94
253 136 94
253 136 94
253 136 94
253 138 95
253 138 95
253 138 95
253 138 95
253 138 95
253 138 95
253 138 95
253 138 95
253 139 96
253 139 96
253 139 96
253 139 96
253 139 96
253 139 96
253 139 96
253 139 96
253 141 97
253 141 97
253 141 97
253 141 97
253 141 97
253 141 97
253 141 97
253 141 97
253 143 98
253 143 98
253 143 98
253 143 98
253 143 98
253 143 98
253 143 98
253 143 98
253 144 99
253 144 99
253 144 99
253 144 99
253 144 99
253 144 99
253 144 99
253 144 99
253 146 100
253 146 100
253 146 100
253 146 100
253 146 100
253 146 100
253 146 100
253 146 100
253 148 101
253 148 101
253 148 101
253 148 101
253 148 101
253 148 101
253 148 101
253 148 101
254 150 102
254 150 102
254 150 102
254 150 102
254 150 102
254 150 102
254 150 102
254 150 102
254 151 103
254 151 103
254 151 103
254 151 103
254 151 103
254 151 103
254 151 103
254 151 103
254 153 104
254 153 104
254 153 104
254 153 104
254 153 104
254 153 104
254 153 104
254 153 104
254 155 105
254 155 105
254 155 105
254 155 105
254 155 105
254 155 105
254 155 105
254 155 105
254 156 107
254 156 107
254 156 107
254 156 107
254 156 107
254 156 107
254 156 107
254 156 107
254 158 108
254 158 108
254 158 108
254 158 108
254 158 108
254 158 108
254 158 108
254 158 108
254 160 109
254 160 109
254 160 109
254 160 109
254 160 109
254 160 109
254 160 109
254 160 109
254 161 110
254 161 110
254 161 110
254 161 110
254 161 110
254 161 110
254 161 110
254 161 110
254 163 112
254 163 112
254 163 112
254 163 112
254 163 112
254 163 112
254 163 112
254 163 112
254 165 113
254 165 113
254 165 113
254 165 113
254 165 113
254 165 113
254 165 113
254 165 113
254 166 114
254 166 114
254 166 114
254 166 114
254 166 114
254 166 114
254 166 114
254 166 114
254 168 115
254 168 115
254 168 115
254 168 115
254 168 115
254 168 115
254 168 115
254 168 115
254 170 117
254 170 117
254 170 117
254 170 117
254 170 117
254 170 117
254 170 117
254 170 117
254 171 118
254 171 118
254 171 118
254 171 118
254 171 118
254 171 118
254 171 118
254 171 118
254 173 119
254 173 119
254 173 119
254 173 119
254 173 119
254 173 119
254 173 119
254 173 119
254 174 121
254 174 121
254 174 121
254 174 121
254 174 121
254 174 121
254 174 121
254 174 121
254 176 122
254 176 122
254 176 122
254 176 122
254 176 122
254 176 122
254 176 122
254 176 122
254 178 124
254 178 124
254 178 124
254 178 124
254 178 124
254 178 124
254 178 124
254 178 124
254 179 125
254 179 125
254 179 125
254 179 125
254 179 125
254 179 125
254 179 125
254 179 125
254 181 127
254 181 127
254 181 127
254 181 127
254 181 127
254 181 127
254 181 127
254 181 127
254 183 128
254 183 128
254 183 128
254 183 128
254 183 128
254 183 128
254 183 128
254 183 128
253 184 129
253 184 129
253 184 129
253 184 129
253 184 129
253 184 129
253 184 129
253 184 129
253 186 131
253 186 131
253 186 131
253 186 131
253 186 131
253 186 131
253 186 131
253 186 131
253 188 132
253 188 132
253 188 132
253 188 132
253 188 132
253 188 132
253 188 132
253 188 132
253 189 134
253 189 134
253 189 134
253 189 134
253 189 134
253 189 134
253 189 134
253 189 134
253 191 135
253 191 135
253 191 135
253 191 135
253 191 135
253 191 135
253 191 135
253 191 135
253 193 137
253 193 137
253 193 137
253 193 137
253 193 137
253 193 137
253 193 137
253 193 137
253 194 139
253 194 139
253 194 139
253 194 139
253 194 139
253 194 139
253 194 139
253 194 139
253 196 140
253 196 140
253 196 140
253 196 140
253 196 140
253 196 140
253 196 140
253 196 140
253 198 142
253 198 142
253 198 142
253 198 142
253 198 142
253 198 142
253 198 142
253 198 142
253 199 143
253 199 143
253 199 143
253 199 143
253 199 143
253 199 143
253 199 143
253 199 143
253 201 145
253 201 145
253 201 145
253 201 145
253 201 145
253 201 145
253 201 145
253 201 145
253 202 146
253 202 146
253 202 146
253 202 146
253 202 146
253 202 146
253 202 146
253 202 146
252 204 148
252 204 148
252 204 148
252 204 148
252 204 148
252 204 148
252 204 148
252 204 148
252 206 150
252 206 150
252 206 150
252 206 150
252 206 150
252 206 150
252 206 150
252 206 150
252 207 151
252 207 151
252 207 151
252 207 151
252 207 151
252 207 151
252 207 151
252 207 151
252 209 153
252 209 153
252 209 153
252 209 153
252 209 153
252 209 153
252 209 153
252 209 153
252 211 155
252 211 155
252 211 155
252 211 155
252 211 155
252 211 155
252 211 155
252 211 155
252 212 156
252 212 156
252 212 156
252 212 156
252 212 156
252 212 156
252 212 156
252 212 156
252 214 158
252 214 158
252 214 158
252 214 158
252 214 158
252 214 158
252 214 158
252 214 158
252 216 160
252 216 160
252 216 160
252 216 160
252 216 160
252 216 160
252 216 160
252 216 160
252 217 161
252 217 161
252 217 161
252 217 161
252 217 161
252 217 161
252 217 161
252 217 161
252 219 163
252 219 163
252 219 163
252 219 163
252 219 163
252 219 163
252 219 163
252 219 163
252 220 165
252 220 165
252 220 165
252 220 165
252 220 165
252 220 165
252 220 165
252 220 165
251 222 166
251 222 166
251 222 166
251 222 166
251 222 166
251 222 166
251 222 166
251 222 166
251 224 168
251 224 168
251 224 168
251 224 168
251 224 168
251 224 168
251 224 168
251 224 168
251 225 170
251 225 170
251 225 170
251 225 170
251 225 170
251 225 170
251 225 170
251 225 170
251 227 172
251 227 172
251 227 172
251 227 172
251 227 172
251 227 172
251 227 172
251 227 172
