0 0 0
1 0 1
2 0 2
3 0 3
4 0 5
5 0 6
6 0 7
8 0 9
9 0 10
10 0 11
11 0 13
12 0 14
13 0 15
15 0 17
16 0 18
17 0 19
18 0 21
19 0 22
20 0 23
22 0 25
23 0 26
24 0 27
25 0 29
26 0 30
27 0 31
29 0 33
30 0 34
31 0 35
32 0 37
33 0 38
34 0 39
36 0 41
37 0 42
38 0 43
39 0 45
40 0 46
41 0 47
43 0 49
44 0 50
45 0 51
46 0 53
47 0 54
48 0 55
49 0 57
51 0 58
52 0 59
53 0 61
54 0 62
55 0 63
56 0 65
58 0 66
59 0 67
60 0 69
61 0 70
62 0 71
63 0 73
65 0 74
66 0 75
67 0 77
68 0 78
69 0 79
70 0 81
72 0 82
73 0 83
74 0 85
75 0 86
76 0 87
77 0 89
79 0 90
80 0 91
81 0 93
82 0 94
83 0 95
84 0 96
86 0 98
87 0 99
88 0 100
89 0 102
90 0 103
91 0 104
93 0 106
94 0 107
95 0 108
96 0 110
97 0 111
98 0 112
99 0 114
101 0 115
102 0 116
103 0 118
104 0 119
105 0 120
106 0 122
108 0 123
109 0 124
110 0 126
111 0 127
112 0 128
113 0 130
115 0 131
116 0 132
117 0 134
118 0 135
119 0 136
119 0 136
119 0 136
119 0 136
119 0 136
119 0 136
120 0 137
120 0 137
120 0 137
120 0 137
120 0 137
120 0 137
121 0 138
121 0 138
121 0 138
121 0 138
121 0 138
121 0 138
122 0 139
122 0 139
122 0 139
122 0 139
122 0 139
122 0 139
123 0 140
123 0 140
123 0 140
123 0 140
123 0 140
123 0 140
124 0 141
124 0 141
124 0 141
124 0 141
124 0 141
124 0 141
125 0 142
125 0 142
125 0 142
125 0 142
125 0 142
125 0 142
126 0 143
126 0 143
126 0 143
126 0 143
126 0 143
126 0 143
127 0 144
127 0 144
127 0 144
127 0 144
127 0 144
127 0 144
128 0 145
128 0 145
128 0 145
128 0 145
128 0 145
128 0 145
129 0 146
129 0 146
129 0 146
129 0 146
129 0 146
129 0 146
130 0 147
130 0 147
130 0 147
130 0 147
130 0 147
130 0 147
131 0 148
131 0 148
131 0 148
131 0 148
131 0 148
131 0 148
132 0 149
132 0 149
132 0 149
132 0 149
132 0 149
132 0 149
133 0 150
133 0 150
133 0 150
133 0 150
133 0 150
133 0 150
134 0 151
134 0 151
134 0 151
134 0 151
134 0 151
134 0 151
135 0 152
135 0 152
135 0 152
135 0 152
135 0 152
135 0 152
135 0 153
134 0 153
132 0 153
131 0 153
130 0 153
128 0 153
127 0 154
126 0 154
124 0 154
123 0 154
122 0 154
120 0 154
119 0 155
118 0 155
116 0 155
115 0 155
114 0 155
113 0 155
111 0 156
110 0 156
109 0 156
107 0 156
106 0 156
105 0 156
103 0 157
102 0 157
101 0 157
99 0 157
98 0 157
97 0 157
95 0 158
94 0 158
93 0 158
91 0 158
90 0 158
89 0 158
87 0 159
86 0 159
85 0 159
83 0 159
82 0 159
81 0 159
79 0 160
78 0 160
77 0 160
75 0 160
74 0 160
73 0 160
71 0 161
70 0 161
69 0 161
67 0 161
66 0 161
65 0 161
63 0 162
62 0 162
61 0 162
59 0 162
58 0 162
57 0 162
55 0 163
54 0 163
53 0 163
51 0 163
50 0 163
49 0 163
47 0 164
46 0 164
45 0 164
43 0 164
42 0 164
41 0 164
39 0 165
38 0 165
37 0 165
35 0 165
34 0 165
33 0 165
31 0 166
30 0 166
29 0 166
27 0 166
26 0 166
25 0 166
23 0 167
22 0 167
21 0 167
19 0 167
18 0 167
17 0 167
16 0 168
14 0 168
13 0 168
12 0 168
10 0 168
9 0 168
8 0 169
6 0 169
5 0 169
4 0 169
2 0 169
1 0 169
0 0 170
0 0 170
0 0 170
0 0 171
0 0 171
0 0 172
0 0 172
0 0 173
0 0 173
0 0 174
0 0 174
0 0 175
0 0 175
0 0 176
0 0 176
0 0 177
0 0 177
0 0 178
0 0 178
0 0 179
0 0 179
0 0 180
0 0 180
0 0 181
0 0 181
0 0 182
0 0 182
0 0 183
0 0 183
0 0 184
0 0 184
0 0 185
0 0 185
0 0 186
0 0 186
0 0 187
0 0 187
0 0 188
0 0 188
0 0 189
0 0 189
0 0 190
0 0 190
0 0 191
0 0 191
0 0 192
0 0 192
0 0 193
0 0 193
0 0 194
0 0 194
0 0 195
0 0 195
0 0 196
0 0 196
0 0 197
0 0 197
0 0 198
0 0 198
0 0 199
0 0 199
0 0 200
0 0 200
0 0 201
0 0 201
0 0 202
0 0 202
0 0 203
0 0 203
0 0 204
0 0 204
0 0 205
0 0 205
0 0 206
0 0 206
0 0 207
0 0 207
0 0 208
0 0 208
0 0 209
0 0 209
0 0 210
0 0 210
0 0 211
0 0 211
0 0 212
0 0 212
0 0 213
0 0 213
0 0 214
0 0 214
0 0 215
0 0 215
0 0 216
0 0 216
0 0 217
0 0 217
0 0 218
0 0 218
0 0 219
0 0 219
0 0 220
0 0 220
0 0 221
0 1 221
0 3 221
0 4 221
0 5 221
0 6 221
0 7 221
0 8 221
0 9 221
0 11 221
0 12 221
0 13 221
0 14 221
0 15 221
0 16 221
0 18 221
0 19 221
0 20 221
0 21 221
0 22 221
0 23 221
0 25 221
0 26 221
0 27 221
0 28 221
0 29 221
0 30 221
0 32 221
0 33 221
0 34 221
0 35 221
0 36 221
0 37 221
0 39 221
0 40 221
0 41 221
0 42 221
0 43 221
0 44 221
0 46 221
0 47 221
0 48 221
0 49 221
0 50 221
0 51 221
0 53 221
0 54 221
0 55 221
0 56 221
0 57 221
0 58 221
0 59 221
0 61 221
0 62 221
0 63 221
0 64 221
0 65 221
0 66 221
0 68 221
0 69 221
0 70 221
0 71 221
0 72 221
0 73 221
0 75 221
0 76 221
0 77 221
0 78 221
0 79 221
0 80 221
0 82 221
0 83 221
0 84 221
0 85 221
0 86 221
0 87 221
0 89 221
0 90 221
0 91 221
0 92 221
0 93 221
0 94 221
0 96 221
0 97 221
0 98 221
0 99 221
0 100 221
0 101 221
0 103 221
0 104 221
0 105 221
0 106 221
0 107 221
0 108 221
0 109 221
0 111 221
0 112 221
0 113 221
0 114 221
0 115 221
0 116 221
0 118 221
0 119 221
0 119 221
0 119 221
0 120 221
0 120 221
0 120 221
0 121 221
0 121 221
0 121 221
0 122 221
0 122 221
0 122 221
0 123 221
0 123 221
0 123 221
0 124 221
0 124 221
0 124 221
0 125 221
0 125 221
0 125 221
0 126 221
0 126 221
0 126 221
0 127 221
0 127 221
0 127 221
0 128 221
0 128 221
0 128 221
0 129 221
0 129 221
0 129 221
0 130 221
0 130 221
0 130 221
0 131 221
0 131 221
0 131 221
0 132 221
0 132 221
0 132 221
0 133 221
0 133 221
0 133 221
0 134 221
0 134 221
0 134 221
0 135 221
0 135 221
0 135 221
0 136 221
0 136 221
0 136 221
0 137 221
0 137 221
0 137 221
0 138 221
0 138 221
0 138 221
0 139 221
0 139 221
0 139 221
0 140 221
0 140 221
0 140 221
0 141 221
0 141 221
0 141 221
0 142 221
0 142 221
0 142 221
0 143 221
0 143 221
0 143 221
0 143 221
0 144 221
0 144 221
0 144 221
0 145 221
0 145 221
0 145 221
0 146 221
0 146 221
0 146 221
0 147 221
0 147 221
0 147 221
0 148 221
0 148 221
0 148 221
0 149 221
0 149 221
0 149 221
0 150 221
0 150 221
0 150 221
0 151 221
0 151 221
0 151 221
0 152 221
0 152 221
0 152 221
0 153 220
0 153 220
0 153 219
0 153 219
0 153 218
0 153 218
0 154 217
0 154 217
0 154 216
0 154 216
0 154 215
0 154 215
0 155 214
0 155 214
0 155 213
0 155 213
0 155 212
0 155 212
0 156 211
0 156 211
0 156 210
0 156 210
0 156 209
0 156 209
0 157 208
0 157 208
0 157 207
0 157 207
0 157 206
0 157 206
0 158 205
0 158 205
0 158 204
0 158 204
0 158 203
0 158 203
0 159 202
0 159 202
0 159 201
0 159 201
0 159 200
0 159 200
0 160 199
0 160 199
0 160 198
0 160 198
0 160 197
0 160 197
0 161 196
0 161 196
0 161 195
0 161 195
0 161 194
0 161 194
0 162 193
0 162 193
0 162 192
0 162 192
0 162 191
0 162 191
0 163 190
0 163 190
0 163 189
0 163 189
0 163 188
0 163 188
0 164 187
0 164 187
0 164 186
0 164 186
0 164 185
0 164 185
0 165 184
0 165 184
0 165 183
0 165 183
0 165 182
0 165 182
0 166 181
0 166 181
0 166 180
0 166 180
0 166 179
0 166 179
0 167 178
0 167 178
0 167 177
0 167 177
0 167 176
0 167 176
0 168 175
0 168 175
0 168 174
0 168 174
0 168 173
0 168 173
0 169 172
0 169 172
0 169 171
0 169 171
0 169 170
0 169 170
0 170 169
0 170 169
0 170 169
0 170 168
0 170 168
0 170 168
0 170 167
0 170 167
0 170 167
0 170 166
0 170 166
0 170 166
0 170 165
0 170 165
0 170 165
0 170 164
0 170 164
0 170 164
0 170 163
0 170 163
0 170 163
0 170 162
0 170 162
0 170 162
0 170 161
0 170 161
0 170 161
0 170 160
0 170 160
0 170 160
0 170 159
0 170 159
0 170 159
0 170 158
0 170 158
0 170 158
0 170 157
0 170 157
0 170 157
0 170 156
0 170 156
0 170 156
0 170 155
0 170 155
0 170 155
0 170 154
0 170 154
0 170 154
0 170 153
0 170 153
0 170 153
0 170 152
0 170 152
0 170 152
0 170 151
0 170 151
0 170 151
0 170 150
0 170 150
0 170 150
0 170 149
0 170 149
0 170 149
0 170 148
0 170 148
0 170 148
0 170 147
0 170 147
0 170 147
0 170 146
0 170 146
0 170 146
0 170 145
0 170 145
0 170 145
0 170 144
0 170 144
0 170 144
0 170 143
0 170 143
0 170 143
0 170 142
0 170 142
0 170 142
0 170 141
0 170 141
0 170 141
0 170 140
0 170 140
0 170 140
0 170 139
0 170 139
0 170 139
0 170 138
0 170 138
0 170 138
0 170 137
0 170 137
0 170 137
0 170 136
0 170 136
0 170 136
0 169 135
0 169 134
0 169 133
0 169 131
0 169 130
0 169 129
0 168 127
0 168 126
0 168 125
0 168 123
0 168 122
0 168 121
0 167 119
0 167 118
0 167 117
0 167 115
0 167 114
0 167 113
0 166 111
0 166 110
0 166 109
0 166 107
0 166 106
0 166 105
0 165 103
0 165 102
0 165 101
0 165 99
0 165 98
0 165 97
0 164 95
0 164 94
0 164 93
0 164 91
0 164 90
0 164 89
0 163 87
0 163 86
0 163 85
0 163 83
0 163 82
0 163 81
0 162 79
0 162 78
0 162 77
0 162 75
0 162 74
0 162 73
0 161 71
0 161 70
0 161 69
0 161 67
0 161 66
0 161 65
0 161 63
0 160 62
0 160 61
0 160 59
0 160 58
0 160 57
0 160 56
0 159 54
0 159 53
0 159 52
0 159 50
0 159 49
0 159 48
0 158 46
0 158 45
0 158 44
0 158 42
0 158 41
0 158 40
0 157 38
0 157 37
0 157 36
0 157 34
0 157 33
0 157 32
0 156 30
0 156 29
0 156 28
0 156 26
0 156 25
0 156 24
0 155 22
0 155 21
0 155 20
0 155 18
0 155 17
0 155 16
0 154 14
0 154 13
0 154 12
0 154 10
0 154 9
0 154 8
0 153 6
0 153 5
0 153 4
0 153 2
0 153 1
0 153 0
0 153 0
0 153 0
0 153 0
0 154 0
0 154 0
0 154 0
0 155 0
0 155 0
0 155 0
0 156 0
0 156 0
0 156 0
0 157 0
0 157 0
0 157 0
0 158 0
0 158 0
0 158 0
0 159 0
0 159 0
0 159 0
0 160 0
0 160 0
0 160 0
0 161 0
0 161 0
0 161 0
0 162 0
0 162 0
0 162 0
0 163 0
0 163 0
0 163 0
0 164 0
0 164 0
0 164 0
0 165 0
0 165 0
0 165 0
0 166 0
0 166 0
0 166 0
0 167 0
0 167 0
0 167 0
0 168 0
0 168 0
0 168 0
0 169 0
0 169 0
0 169 0
0 170 0
0 170 0
0 170 0
0 171 0
0 171 0
0 171 0
0 172 0
0 172 0
0 172 0
0 173 0
0 173 0
0 173 0
0 174 0
0 174 0
0 174 0
0 175 0
0 175 0
0 175 0
0 176 0
0 176 0
0 176 0
0 177 0
0 177 0
0 177 0
0 178 0
0 178 0
0 178 0
0 179 0
0 179 0
0 179 0
0 180 0
0 180 0
0 180 0
0 181 0
0 181 0
0 181 0
0 182 0
0 182 0
0 182 0
0 183 0
0 183 0
0 183 0
0 184 0
0 184 0
0 184 0
0 185 0
0 185 0
0 185 0
0 186 0
0 186 0
0 186 0
0 187 0
0 187 0
0 187 0
0 188 0
0 188 0
0 188 0
0 189 0
0 189 0
0 189 0
0 190 0
0 190 0
0 190 0
0 191 0
0 191 0
0 191 0
0 192 0
0 192 0
0 192 0
0 193 0
0 193 0
0 193 0
0 194 0
0 194 0
0 194 0
0 195 0
0 195 0
0 195 0
0 196 0
0 196 0
0 196 0
0 197 0
0 197 0
0 197 0
0 198 0
0 198 0
0 198 0
0 199 0
0 199 0
0 199 0
0 200 0
0 200 0
0 200 0
0 201 0
0 201 0
0 201 0
0 202 0
0 202 0
0 202 0
0 203 0
0 203 0
0 203 0
0 204 0
0 204 0
0 204 0
0 205 0
0 205 0
0 205 0
0 206 0
0 206 0
0 206 0
0 207 0
0 207 0
0 207 0
0 208 0
0 208 0
0 208 0
0 209 0
0 209 0
0 209 0
0 210 0
0 210 0
0 210 0
0 211 0
0 211 0
0 211 0
0 212 0
0 212 0
0 212 0
0 213 0
0 213 0
0 213 0
0 214 0
0 214 0
0 214 0
0 215 0
0 215 0
0 215 0
0 216 0
0 216 0
0 216 0
0 217 0
0 217 0
0 217 0
0 218 0
0 218 0
0 218 0
0 219 0
0 219 0
0 219 0
0 220 0
0 220 0
0 220 0
0 221 0
0 221 0
0 221 0
0 222 0
0 222 0
0 222 0
0 223 0
0 223 0
0 223 0
0 224 0
0 224 0
0 224 0
0 225 0
0 225 0
0 225 0
0 226 0
0 226 0
0 226 0
0 227 0
0 227 0
0 227 0
0 228 0
0 228 0
0 228 0
0 229 0
0 229 0
0 229 0
0 230 0
0 230 0
0 230 0
0 231 0
0 231 0
0 231 0
0 232 0
0 232 0
0 232 0
0 233 0
0 233 0
0 233 0
0 234 0
0 234 0
0 234 0
0 235 0
0 235 0
0 235 0
0 236 0
0 236 0
0 236 0
0 236 0
0 237 0
0 237 0
0 237 0
0 238 0
0 238 0
0 238 0
0 239 0
0 239 0
0 239 0
0 240 0
0 240 0
0 240 0
0 241 0
0 241 0
0 241 0
0 242 0
0 242 0
0 242 0
0 243 0
0 243 0
0 243 0
0 244 0
0 244 0
0 244 0
0 245 0
0 245 0
0 245 0
0 246 0
0 246 0
0 246 0
0 247 0
0 247 0
0 247 0
0 248 0
0 248 0
0 248 0
0 249 0
0 249 0
0 249 0
0 250 0
0 250 0
0 250 0
0 251 0
0 251 0
0 251 0
0 252 0
0 252 0
0 252 0
0 253 0
0 253 0
0 253 0
0 254 0
0 254 0
0 254 0
1 255 0
3 255 0
5 255 0
6 255 0
8 255 0
10 255 0
12 255 0
14 255 0
16 255 0
17 255 0
19 255 0
21 255 0
23 255 0
25 255 0
27 255 0
28 255 0
30 255 0
32 255 0
34 255 0
36 255 0
38 255 0
39 255 0
41 255 0
43 255 0
45 255 0
47 255 0
48 255 0
50 255 0
52 255 0
54 255 0
56 255 0
58 255 0
59 255 0
61 255 0
63 255 0
65 255 0
67 255 0
69 255 0
70 255 0
72 255 0
74 255 0
76 255 0
78 255 0
80 255 0
81 255 0
83 255 0
85 255 0
87 255 0
89 255 0
90 255 0
92 255 0
94 255 0
96 255 0
98 255 0
100 255 0
101 255 0
103 255 0
105 255 0
107 255 0
109 255 0
111 255 0
112 255 0
114 255 0
116 255 0
118 255 0
120 255 0
122 255 0
123 255 0
125 255 0
127 255 0
129 255 0
131 255 0
133 255 0
134 255 0
136 255 0
138 255 0
140 255 0
142 255 0
143 255 0
145 255 0
147 255 0
149 255 0
151 255 0
153 255 0
154 255 0
156 255 0
158 255 0
160 255 0
162 255 0
164 255 0
165 255 0
167 255 0
169 255 0
171 255 0
173 255 0
175 255 0
176 255 0
178 255 0
180 255 0
182 255 0
184 255 0
185 255 0
187 254 0
187 254 0
188 254 0
188 254 0
189 254 0
189 254 0
190 253 0
190 253 0
191 253 0
191 253 0
192 253 0
192 253 0
193 252 0
193 252 0
194 252 0
194 252 0
195 252 0
195 252 0
196 251 0
196 251 0
197 251 0
197 251 0
198 251 0
198 251 0
199 250 0
199 250 0
200 250 0
200 250 0
201 250 0
201 250 0
202 249 0
202 249 0
203 249 0
203 249 0
204 249 0
204 249 0
205 248 0
205 248 0
206 248 0
206 248 0
207 248 0
207 248 0
208 247 0
208 247 0
209 247 0
209 247 0
210 247 0
210 247 0
211 246 0
211 246 0
212 246 0
212 246 0
213 246 0
213 246 0
214 245 0
214 245 0
215 245 0
215 245 0
216 245 0
216 245 0
217 244 0
217 244 0
218 244 0
218 244 0
219 244 0
219 244 0
220 243 0
220 243 0
221 243 0
221 243 0
222 243 0
222 243 0
223 242 0
223 242 0
224 242 0
224 242 0
225 242 0
225 242 0
226 241 0
226 241 0
227 241 0
227 241 0
228 241 0
228 241 0
229 240 0
229 240 0
230 240 0
230 240 0
231 240 0
231 240 0
232 239 0
232 239 0
233 239 0
233 239 0
234 239 0
234 239 0
235 238 0
235 238 0
236 238 0
236 238 0
237 238 0
237 238 0
238 237 0
238 237 0
238 237 0
238 236 0
238 236 0
238 236 0
239 235 0
239 235 0
239 235 0
239 234 0
239 234 0
239 234 0
240 233 0
240 233 0
240 233 0
240 232 0
240 232 0
240 232 0
240 231 0
241 231 0
241 231 0
241 230 0
241 230 0
241 230 0
241 229 0
242 229 0
242 229 0
242 228 0
242 228 0
242 228 0
242 227 0
243 227 0
243 227 0
243 226 0
243 226 0
243 226 0
243 226 0
244 225 0
244 225 0
244 225 0
244 224 0
244 224 0
244 224 0
245 223 0
245 223 0
245 223 0
245 222 0
245 222 0
245 222 0
246 221 0
246 221 0
246 221 0
246 220 0
246 220 0
246 220 0
247 219 0
247 219 0
247 219 0
247 218 0
247 218 0
247 218 0
248 217 0
248 217 0
248 217 0
248 216 0
248 216 0
248 216 0
249 215 0
249 215 0
249 215 0
249 214 0
249 214 0
249 214 0
250 213 0
250 213 0
250 213 0
250 212 0
250 212 0
250 212 0
251 211 0
251 211 0
251 211 0
251 210 0
251 210 0
251 210 0
252 209 0
252 209 0
252 209 0
252 208 0
252 208 0
252 208 0
253 207 0
253 207 0
253 207 0
253 206 0
253 206 0
253 206 0
254 205 0
254 205 0
254 205 0
254 204 0
254 204 0
254 204 0
255 203 0
255 203 0
255 202 0
255 202 0
255 201 0
255 201 0
255 200 0
255 200 0
255 199 0
255 199 0
255 198 0
255 198 0
255 197 0
255 197 0
255 196 0
255 196 0
255 195 0
255 195 0
255 194 0
255 194 0
255 193 0
255 193 0
255 192 0
255 192 0
255 191 0
255 191 0
255 190 0
255 190 0
255 189 0
255 189 0
255 188 0
255 188 0
255 187 0
255 187 0
255 186 0
255 186 0
255 185 0
255 185 0
255 184 0
255 184 0
255 183 0
255 183 0
255 182 0
255 182 0
255 181 0
255 181 0
255 180 0
255 180 0
255 179 0
255 179 0
255 178 0
255 178 0
255 177 0
255 177 0
255 176 0
255 176 0
255 175 0
255 175 0
255 174 0
255 174 0
255 173 0
255 173 0
255 172 0
255 172 0
255 171 0
255 171 0
255 170 0
255 170 0
255 169 0
255 169 0
255 168 0
255 168 0
255 167 0
255 167 0
255 166 0
255 166 0
255 165 0
255 165 0
255 164 0
255 164 0
255 163 0
255 163 0
255 162 0
255 162 0
255 161 0
255 161 0
255 160 0
255 160 0
255 159 0
255 159 0
255 158 0
255 158 0
255 157 0
255 157 0
255 156 0
255 156 0
255 155 0
255 155 0
255 154 0
255 154 0
255 153 0
255 153 0
255 152 0
255 150 0
255 149 0
255 147 0
255 146 0
255 144 0
255 143 0
255 141 0
255 140 0
255 138 0
255 137 0
255 135 0
255 134 0
255 132 0
255 131 0
255 129 0
255 128 0
255 126 0
255 125 0
255 123 0
255 122 0
255 121 0
255 119 0
255 118 0
255 116 0
255 115 0
255 113 0
255 112 0
255 110 0
255 109 0
255 107 0
255 106 0
255 104 0
255 103 0
255 101 0
255 100 0
255 98 0
255 97 0
255 95 0
255 94 0
255 92 0
255 91 0
255 89 0
255 88 0
255 86 0
255 85 0
255 83 0
255 82 0
255 80 0
255 79 0
255 77 0
255 76 0
255 74 0
255 73 0
255 71 0
255 70 0
255 68 0
255 67 0
255 65 0
255 64 0
255 62 0
255 61 0
255 59 0
255 58 0
255 56 0
255 55 0
255 53 0
255 52 0
255 50 0
255 49 0
255 47 0
255 46 0
255 44 0
255 43 0
255 41 0
255 40 0
255 38 0
255 37 0
255 35 0
255 34 0
255 32 0
255 31 0
255 29 0
255 28 0
255 26 0
255 25 0
255 23 0
255 22 0
255 20 0
255 19 0
255 17 0
255 16 0
255 14 0
255 13 0
255 11 0
255 10 0
255 8 0
255 7 0
255 5 0
255 4 0
255 2 0
255 1 0
254 0 0
254 0 0
254 0 0
253 0 0
253 0 0
253 0 0
252 0 0
252 0 0
252 0 0
251 0 0
251 0 0
251 0 0
250 0 0
250 0 0
250 0 0
250 0 0
249 0 0
249 0 0
249 0 0
248 0 0
248 0 0
248 0 0
247 0 0
247 0 0
247 0 0
246 0 0
246 0 0
246 0 0
245 0 0
245 0 0
245 0 0
244 0 0
244 0 0
244 0 0
243 0 0
243 0 0
243 0 0
242 0 0
242 0 0
242 0 0
241 0 0
241 0 0
241 0 0
240 0 0
240 0 0
240 0 0
239 0 0
239 0 0
239 0 0
238 0 0
238 0 0
238 0 0
237 0 0
237 0 0
237 0 0
236 0 0
236 0 0
236 0 0
235 0 0
235 0 0
235 0 0
234 0 0
234 0 0
234 0 0
233 0 0
233 0 0
233 0 0
232 0 0
232 0 0
232 0 0
231 0 0
231 0 0
231 0 0
230 0 0
230 0 0
230 0 0
229 0 0
229 0 0
229 0 0
228 0 0
228 0 0
228 0 0
227 0 0
227 0 0
227 0 0
226 0 0
226 0 0
226 0 0
225 0 0
225 0 0
225 0 0
224 0 0
224 0 0
224 0 0
223 0 0
223 0 0
223 0 0
222 0 0
222 0 0
222 0 0
221 0 0
221 0 0
221 0 0
220 0 0
220 0 0
220 0 0
220 0 0
220 0 0
220 0 0
219 0 0
219 0 0
219 0 0
219 0 0
219 0 0
219 0 0
218 0 0
218 0 0
218 0 0
218 0 0
218 0 0
218 0 0
217 0 0
217 0 0
217 0 0
217 0 0
217 0 0
217 0 0
216 0 0
216 0 0
216 0 0
216 0 0
216 0 0
216 0 0
215 0 0
215 0 0
215 0 0
215 0 0
215 0 0
215 0 0
214 0 0
214 0 0
214 0 0
214 0 0
214 0 0
214 0 0
213 0 0
213 0 0
213 0 0
213 0 0
213 0 0
213 0 0
212 0 0
212 0 0
212 0 0
212 0 0
212 0 0
212 0 0
211 0 0
211 0 0
211 0 0
211 0 0
211 0 0
211 0 0
210 0 0
210 0 0
210 0 0
210 0 0
210 0 0
210 0 0
209 0 0
209 0 0
209 0 0
209 0 0
209 0 0
209 0 0
208 0 0
208 0 0
208 0 0
208 0 0
208 0 0
208 0 0
207 0 0
207 0 0
207 0 0
207 0 0
207 0 0
207 0 0
206 0 0
206 0 0
206 0 0
206 0 0
206 0 0
206 0 0
205 0 0
205 0 0
205 0 0
205 0 0
205 0 0
205 0 0
204 0 0
204 0 0
204 0 0
204 0 0
204 0 0
204 0 0
204 0 0
204 2 2
204 4 4
204 6 6
204 8 8
204 10 10
204 12 12
204 14 14
204 16 16
204 18 18
204 20 20
204 22 22
204 24 24
204 26 26
204 28 28
204 30 30
204 32 32
204 34 34
204 36 36
204 38 38
204 40 40
204 42 42
204 44 44
204 46 46
204 48 48
204 50 50
204 52 52
204 54 54
204 56 56
204 58 58
204 60 60
204 62 62
204 64 64
204 66 66
204 68 68
204 70 70
204 72 72
204 74 74
204 76 76
204 78 78
204 80 80
204 82 82
204 84 84
204 86 86
204 88 88
204 90 90
204 92 92
204 94 94
204 96 96
204 98 98
204 100 100
204 102 102
204 104 104
204 106 106
204 108 108
204 110 110
204 112 112
204 114 114
204 116 116
204 118 118
204 120 120
204 122 122
204 124 124
204 126 126
204 128 128
204 130 130
204 132 132
204 134 134
204 136 136
204 138 138
204 140 140
204 142 142
204 144 144
204 146 146
204 148 148
204 150 150
204 152 152
204 154 154
204 156 156
204 158 158
204 160 160
204 162 162
204 164 164
204 166 166
204 168 168
204 170 170
204 172 172
204 174 174
204 176 176
204 178 178
204 180 180
204 182 182
204 184 184
204 186 186
204 188 188
204 190 190
204 192 192
204 194 194
204 196 196
204 198 198
204 200 200
204 202 202
204 204 204
