0 114 0
0 114 0
0 114 0
0 114 0
0 114 0
0 113 0
0 113 0
0 113 0
0 113 0
0 113 1
0 113 1
0 112 1
0 112 1
0 112 1
0 112 1
0 112 1
0 112 1
0 111 1
0 111 2
0 111 2
0 111 2
0 111 2
0 111 2
0 110 2
0 110 2
0 110 2
0 110 2
0 110 3
0 110 3
0 109 3
0 109 3
0 109 3
0 109 3
0 109 3
0 109 3
0 108 3
0 108 4
0 108 4
0 108 4
0 108 4
0 108 4
0 107 4
0 107 4
0 107 4
0 107 4
0 107 5
0 107 5
0 106 5
0 106 5
0 106 5
0 106 5
0 106 5
0 106 5
0 105 5
0 105 6
0 105 6
0 105 6
0 105 6
0 104 6
0 104 6
0 104 6
0 104 6
0 104 6
0 104 7
0 103 7
0 103 7
0 103 7
0 103 7
0 103 7
0 103 7
0 102 7
0 102 7
0 102 8
0 102 8
0 102 8
0 102 8
0 101 8
0 101 8
0 101 8
0 101 8
0 101 8
0 101 9
0 100 9
0 100 9
0 100 9
0 100 9
0 100 9
0 100 9
0 99 9
0 99 9
0 99 10
0 99 10
0 99 10
0 99 10
0 98 10
0 98 10
0 98 10
0 98 10
0 98 10
0 98 11
0 97 11
0 97 11
0 97 11
0 97 11
0 97 11
0 97 11
0 96 11
0 96 11
0 96 12
0 96 12
0 96 12
0 96 12
0 95 12
0 95 12
0 95 12
0 95 12
0 95 13
0 95 13
0 94 13
0 94 13
0 94 13
0 94 13
0 94 13
0 94 13
0 93 13
0 93 14
0 93 14
0 93 14
0 93 14
0 93 14
0 92 14
0 92 14
0 92 14
0 92 14
0 92 15
0 92 15
0 91 15
0 91 15
0 91 15
0 91 15
0 91 15
0 91 15
0 90 15
0 90 16
0 90 16
0 90 16
0 90 16
0 90 16
0 89 16
0 89 16
0 89 16
0 89 16
0 89 17
0 89 17
0 88 17
0 88 17
0 88 17
0 88 17
0 88 17
0 88 17
0 87 17
0 87 18
0 87 18
0 87 18
0 87 18
0 87 18
0 86 18
0 86 18
0 86 18
0 86 18
0 86 19
0 85 19
0 85 19
0 85 19
0 85 19
0 85 19
0 85 19
0 84 19
0 84 19
0 84 20
0 84 20
0 84 20
0 84 20
0 83 20
0 83 20
0 83 20
0 83 20
0 83 20
0 83 21
0 82 21
0 82 21
0 82 21
0 82 21
0 82 21
0 82 21
0 81 21
0 81 21
0 81 22
0 81 22
0 81 22
0 81 22
0 80 22
0 80 22
0 80 22
0 80 22
0 80 22
0 80 23
0 79 23
0 79 23
0 79 23
0 79 23
0 79 23
0 79 23
0 78 23
0 78 23
0 78 24
0 78 24
0 78 24
0 78 24
0 77 24
0 77 24
0 77 24
0 77 24
0 77 25
0 77 25
0 76 25
0 76 25
0 76 25
0 76 25
0 76 25
0 76 25
0 75 25
0 75 26
0 75 26
0 75 26
0 75 26
0 75 26
0 74 26
0 74 26
0 74 26
0 74 26
0 74 27
0 74 27
0 73 27
0 73 27
0 73 27
0 73 27
0 73 27
0 73 27
0 72 27
0 72 28
0 72 28
0 72 28
0 72 28
0 72 28
0 71 28
0 71 28
0 71 28
0 71 28
0 71 29
0 71 29
0 70 29
0 70 29
0 70 29
0 70 29
0 70 29
0 70 29
0 69 29
0 69 30
0 69 30
0 69 30
0 69 30
0 69 30
0 68 30
0 68 30
0 68 30
0 68 30
0 68 31
0 67 31
0 67 31
0 67 31
0 67 31
0 67 31
0 67 31
0 66 31
0 66 31
0 66 32
0 66 32
0 66 32
0 66 32
0 65 32
0 65 32
0 65 32
0 65 32
0 65 32
0 65 33
0 64 33
0 64 33
0 64 33
0 64 33
0 64 33
0 64 33
0 63 33
0 63 33
0 63 34
0 63 34
0 63 34
0 63 34
0 62 34
0 62 34
0 62 34
0 62 34
0 62 34
0 62 35
0 61 35
0 61 35
0 61 35
0 61 35
0 61 35
0 61 35
0 60 35
0 60 35
0 60 36
0 60 36
0 60 36
0 60 36
0 59 36
0 59 36
0 59 36
0 59 36
0 59 36
0 59 37
0 58 37
0 58 37
0 58 37
0 58 37
0 58 37
0 58 37
0 57 37
0 57 38
0 57 38
0 57 38
0 57 38
0 57 38
0 56 38
0 56 38
0 56 38
0 56 38
0 56 39
0 56 39
0 55 39
0 55 39
0 55 39
0 55 39
0 55 39
0 55 39
0 54 39
0 54 40
0 54 40
0 54 40
0 54 40
0 54 40
0 53 40
0 53 40
0 53 40
0 53 40
0 53 41
0 53 41
0 52 41
0 52 41
0 52 41
0 52 41
0 52 41
0 52 41
0 51 41
0 51 42
0 51 42
0 51 42
0 51 42
0 51 42
0 50 42
0 50 42
0 50 42
0 50 42
0 50 43
0 50 43
0 49 43
0 49 43
0 49 43
0 49 43
0 49 43
0 48 43
0 48 43
0 48 44
0 48 44
0 48 44
0 48 44
0 47 44
0 47 44
0 47 44
0 47 44
0 47 44
0 47 45
0 46 45
0 46 45
0 46 45
0 46 45
0 46 45
0 46 45
0 45 45
0 45 45
0 45 46
0 45 46
0 45 46
0 45 46
0 44 46
0 44 46
0 44 46
0 44 46
0 44 46
0 44 47
0 43 47
0 43 47
0 43 47
0 43 47
0 43 47
0 43 47
0 42 47
0 42 47
0 42 48
0 42 48
0 42 48
0 42 48
0 41 48
0 41 48
0 41 48
0 41 48
0 41 48
0 41 49
0 40 49
0 40 49
0 40 49
0 40 49
0 40 49
0 40 49
0 39 49
0 39 50
0 39 50
0 39 50
0 39 50
0 39 50
0 38 50
0 38 50
0 38 50
0 38 50
0 38 51
0 38 51
0 37 51
0 37 51
0 37 51
0 37 51
0 37 51
0 37 51
0 36 51
0 36 52
0 36 52
0 36 52
0 36 52
0 36 52
0 35 52
0 35 52
0 35 52
0 35 52
0 35 53
0 35 53
0 34 53
0 34 53
0 34 53
0 34 53
0 34 53
0 34 53
0 33 53
0 33 54
0 33 54
0 33 54
0 33 54
0 33 54
0 32 54
0 32 54
0 32 54
0 32 54
0 32 55
0 32 55
0 31 55
0 31 55
0 31 55
0 31 55
0 31 55
0 30 55
0 30 55
0 30 56
0 30 56
0 30 56
0 30 56
0 29 56
0 29 56
0 29 56
0 29 56
0 29 56
0 29 57
0 28 57
0 28 57
0 28 57
0 28 57
0 28 57
0 28 57
0 27 57
0 27 57
0 27 58
0 27 58
0 27 58
0 27 58
0 26 58
0 26 58
0 26 58
0 26 58
0 26 58
0 26 59
0 25 59
0 25 59
0 25 59
0 25 59
0 25 59
0 25 59
0 24 59
0 24 59
0 24 60
0 24 60
0 24 60
0 24 60
0 23 60
0 23 60
0 23 60
0 23 60
0 23 60
0 23 61
0 22 61
0 22 61
0 22 61
0 22 61
0 22 61
0 22 61
0 21 61
0 21 61
0 21 62
0 21 62
0 21 62
0 21 62
0 20 62
0 20 62
0 20 62
0 20 62
0 20 63
0 20 63
0 19 63
0 19 63
0 19 63
0 19 63
0 19 63
0 19 63
0 18 63
0 18 64
0 18 64
0 18 64
0 18 64
0 18 64
0 17 64
0 17 64
0 17 64
0 17 64
0 17 65
0 17 65
0 16 65
0 16 65
0 16 65
0 16 65
0 16 65
0 16 65
0 15 65
0 15 66
0 15 66
0 15 66
0 15 66
0 15 66
0 14 66
0 14 66
0 14 66
0 14 66
0 14 67
0 14 67
0 13 67
0 13 67
0 13 67
0 13 67
0 13 67
0 13 67
0 12 67
0 12 68
0 12 68
0 12 68
0 12 68
0 11 68
0 11 68
0 11 68
0 11 68
0 11 68
0 11 69
0 10 69
0 10 69
0 10 69
0 10 69
0 10 69
0 10 69
0 9 69
0 9 69
0 9 70
0 9 70
0 9 70
0 9 70
0 8 70
0 8 70
0 8 70
0 8 70
0 8 70
0 8 71
0 7 71
0 7 71
0 7 71
0 7 71
0 7 71
0 7 71
0 6 71
0 6 71
0 6 72
0 6 72
0 6 72
0 6 72
0 5 72
0 5 72
0 5 72
0 5 72
0 5 72
0 5 73
0 4 73
0 4 73
0 4 73
0 4 73
0 4 73
0 4 73
0 3 73
0 3 73
0 3 74
0 3 74
0 3 74
0 3 74
0 2 74
0 2 74
0 2 74
0 2 74
0 2 75
0 2 75
0 1 75
0 1 75
0 1 75
0 1 75
0 1 75
0 1 75
0 0 75
0 0 76
0 0 76
0 0 76
0 0 76
0 0 76
0 0 76
0 0 76
0 0 76
0 0 76
0 0 77
0 0 77
0 1 77
0 1 77
0 1 77
0 1 77
0 1 77
0 1 77
0 2 77
0 2 78
0 2 78
0 2 78
0 2 78
0 2 78
0 3 78
0 3 78
0 3 78
0 3 78
0 3 79
0 3 79
0 4 79
0 4 79
0 4 79
0 4 79
0 4 79
0 4 79
0 5 79
0 5 80
0 5 80
0 5 80
0 5 80
0 5 80
0 6 80
0 6 80
0 6 80
0 6 80
0 6 81
0 7 81
0 7 81
0 7 81
0 7 81
0 7 81
0 7 81
0 8 81
0 8 81
0 8 82
0 8 82
0 8 82
0 8 82
0 9 82
0 9 82
0 9 82
0 9 82
0 9 82
0 9 83
0 10 83
0 10 83
0 10 83
0 10 83
0 10 83
0 10 83
0 11 83
0 11 83
0 11 84
0 11 84
0 11 84
0 11 84
0 12 84
0 12 84
0 12 84
0 12 84
0 12 84
0 12 85
0 13 85
0 13 85
0 13 85
0 13 85
0 13 85
0 13 85
0 14 85
0 14 85
0 14 86
0 14 86
0 14 86
0 14 86
0 15 86
0 15 86
0 15 86
0 15 86
0 15 87
0 15 87
0 16 87
0 16 87
0 16 87
0 16 87
0 16 87
0 16 87
0 17 87
0 17 88
0 17 88
0 17 88
0 17 88
0 17 88
0 18 88
0 18 88
0 18 88
0 18 88
0 18 89
0 18 89
0 19 89
0 19 89
0 19 89
0 19 89
0 19 89
0 19 89
0 20 89
0 20 90
0 20 90
0 20 90
0 20 90
0 20 90
0 21 90
0 21 90
0 21 90
0 21 90
0 21 91
0 21 91
0 22 91
0 22 91
0 22 91
0 22 91
0 22 91
0 22 91
0 23 91
0 23 92
0 23 92
0 23 92
0 23 92
0 23 92
0 24 92
0 24 92
0 24 92
0 24 92
0 24 93
0 25 93
0 25 93
0 25 93
0 25 93
0 25 93
0 25 93
0 26 93
0 26 93
0 26 94
0 26 94
0 26 94
0 26 94
0 27 94
0 27 94
0 27 94
0 27 94
0 27 94
0 27 95
0 28 95
0 28 95
0 28 95
0 28 95
0 28 95
0 28 95
0 29 95
0 29 95
0 29 96
0 29 96
0 29 96
0 29 96
0 30 96
0 30 96
0 30 96
0 30 96
0 30 96
0 30 97
0 31 97
0 31 97
0 31 97
0 31 97
0 31 97
0 31 97
0 32 97
0 32 97
0 32 98
0 32 98
0 32 98
0 32 98
0 33 98
0 33 98
0 33 98
0 33 98
0 33 98
0 33 99
0 34 99
0 34 99
0 34 99
0 34 99
0 34 99
0 34 99
0 35 99
0 35 100
0 35 100
0 35 100
0 35 100
0 35 100
0 36 100
0 36 100
0 36 100
0 36 100
0 36 101
0 36 101
0 37 101
0 37 101
0 37 101
0 37 101
0 37 101
0 37 101
0 38 101
0 38 102
0 38 102
0 38 102
0 38 102
0 38 102
0 39 102
0 39 102
0 39 102
0 39 102
0 39 103
0 39 103
0 40 103
0 40 103
0 40 103
0 40 103
0 40 103
0 40 103
0 41 103
0 41 104
0 41 104
0 41 104
0 41 104
0 41 104
0 42 104
0 42 104
0 42 104
0 42 104
0 42 105
0 42 105
0 43 105
0 43 105
0 43 105
0 43 105
0 43 105
0 44 105
0 44 105
0 44 106
0 44 106
0 44 106
0 44 106
0 45 106
0 45 106
0 45 106
0 45 106
0 45 106
0 45 107
0 46 107
0 46 107
0 46 107
0 46 107
0 46 107
0 46 107
0 47 107
0 47 107
0 47 108
0 47 108
0 47 108
0 47 108
0 48 108
0 48 108
0 48 108
0 48 108
0 48 108
0 48 109
0 49 109
0 49 109
0 49 109
0 49 109
0 49 109
0 49 109
0 50 109
0 50 109
0 50 110
0 50 110
0 50 110
0 50 110
0 51 110
0 51 110
0 51 110
0 51 110
0 51 110
0 51 111
0 52 111
0 52 111
0 52 111
0 52 111
0 52 111
0 52 111
0 53 111
0 53 112
0 53 112
0 53 112
0 53 112
0 53 112
0 54 112
0 54 112
0 54 112
0 54 112
0 54 113
0 54 113
0 55 113
0 55 113
0 55 113
0 55 113
0 55 113
0 55 113
0 56 113
0 56 114
0 56 114
0 56 114
0 56 114
0 56 114
0 57 114
0 57 114
0 57 114
0 57 114
0 57 115
0 57 115
0 58 115
0 58 115
0 58 115
0 58 115
0 58 115
0 58 115
0 59 115
0 59 116
0 59 116
0 59 116
0 59 116
0 59 116
0 60 116
0 60 116
0 60 116
0 60 116
0 60 117
0 60 117
0 61 117
0 61 117
0 61 117
0 61 117
0 61 117
0 61 117
0 62 117
0 62 118
0 62 118
0 62 118
0 62 118
0 63 118
0 63 118
0 63 118
0 63 118
0 63 118
0 63 119
0 64 119
0 64 119
0 64 119
0 64 119
0 64 119
0 64 119
0 65 119
0 65 119
0 65 120
0 65 120
0 65 120
0 65 120
0 66 120
0 66 120
0 66 120
0 66 120
0 66 120
0 66 121
0 67 121
0 67 121
0 67 121
0 67 121
0 67 121
0 67 121
0 68 121
0 68 121
0 68 122
0 68 122
0 68 122
0 68 122
0 69 122
0 69 122
0 69 122
0 69 122
0 69 122
0 69 123
0 70 123
0 70 123
0 70 123
0 70 123
0 70 123
0 70 123
0 71 123
0 71 123
0 71 124
0 71 124
0 71 124
0 71 124
0 72 124
0 72 124
0 72 124
0 72 124
0 72 125
0 72 125
0 73 125
0 73 125
0 73 125
0 73 125
0 73 125
0 73 125
0 74 125
0 74 126
0 74 126
0 74 126
0 74 126
0 74 126
0 75 126
0 75 126
0 75 126
0 75 126
0 75 127
0 75 127
0 76 127
0 76 127
0 76 127
0 76 127
0 76 127
0 76 127
0 77 127
0 77 128
0 77 128
0 77 128
0 77 128
0 77 128
0 78 128
0 78 128
0 78 128
0 78 128
0 78 129
0 78 129
0 79 129
0 79 129
0 79 129
0 79 129
0 79 129
0 79 129
0 80 129
0 80 130
0 80 130
0 80 130
0 80 130
0 81 130
0 81 130
0 81 130
0 81 130
0 81 130
0 81 131
0 82 131
0 82 131
0 82 131
0 82 131
0 82 131
0 82 131
0 83 131
0 83 131
0 83 132
0 83 132
0 83 132
0 83 132
0 84 132
0 84 132
0 84 132
0 84 132
0 84 132
0 84 133
0 85 133
0 85 133
0 85 133
0 85 133
0 85 133
0 85 133
0 86 133
0 86 133
0 86 134
0 86 134
0 86 134
0 86 134
0 87 134
0 87 134
0 87 134
0 87 134
0 87 134
0 87 135
0 88 135
0 88 135
0 88 135
0 88 135
0 88 135
0 88 135
0 89 135
0 89 135
0 89 136
0 89 136
0 89 136
0 89 136
0 90 136
0 90 136
0 90 136
0 90 136
0 90 137
0 90 137
0 91 137
0 91 137
0 91 137
0 91 137
0 91 137
0 91 137
0 92 137
0 92 138
0 92 138
0 92 138
0 92 138
0 92 138
0 93 138
0 93 138
0 93 138
0 93 138
0 93 139
0 93 139
0 94 139
0 94 139
0 94 139
0 94 139
0 94 139
0 94 139
0 95 139
0 95 140
0 95 140
0 95 140
0 95 140
0 95 140
0 96 140
0 96 140
0 96 140
0 96 140
0 96 141
0 96 141
0 97 141
0 97 141
0 97 141
0 97 141
0 97 141
0 97 141
0 98 141
0 98 142
0 98 142
0 98 142
0 98 142
0 98 142
0 99 142
0 99 142
0 99 142
0 99 142
0 99 143
0 100 143
0 100 143
0 100 143
0 100 143
0 100 143
0 100 143
0 101 143
0 101 143
0 101 144
0 101 144
0 101 144
0 101 144
0 102 144
0 102 144
0 102 144
0 102 144
0 102 144
0 102 145
0 103 145
0 103 145
0 103 145
0 103 145
0 103 145
0 103 145
0 104 145
0 104 145
0 104 146
0 104 146
0 104 146
0 104 146
0 105 146
0 105 146
0 105 146
0 105 146
0 105 146
0 105 147
0 106 147
0 106 147
0 106 147
0 106 147
0 106 147
0 106 147
0 107 147
0 107 147
0 107 148
0 107 148
0 107 148
0 107 148
0 108 148
0 108 148
0 108 148
0 108 148
0 108 149
0 108 149
0 109 149
0 109 149
0 109 149
0 109 149
0 109 149
0 109 149
0 110 149
0 110 150
0 110 150
0 110 150
0 110 150
0 110 150
0 111 150
0 111 150
0 111 150
0 111 150
0 111 151
0 111 151
0 112 151
0 112 151
0 112 151
0 112 151
0 112 151
0 112 151
0 113 151
0 113 152
0 113 152
0 113 152
0 113 152
0 113 152
0 114 152
0 114 152
0 114 152
0 114 152
0 114 153
0 114 153
0 115 153
1 115 153
1 115 153
1 115 153
2 115 153
2 115 153
3 116 153
3 116 154
3 116 154
4 116 154
4 116 154
4 116 154
5 117 154
5 117 154
6 117 154
6 117 154
6 117 155
7 118 155
7 118 155
7 118 155
8 118 155
8 118 155
9 118 155
9 119 155
9 119 155
10 119 156
10 119 156
10 119 156
11 119 156
11 120 156
12 120 156
12 120 156
12 120 156
13 120 156
13 120 157
13 121 157
14 121 157
14 121 157
15 121 157
15 121 157
15 121 157
16 122 157
16 122 157
16 122 158
17 122 158
17 122 158
18 122 158
18 123 158
18 123 158
19 123 158
19 123 158
19 123 158
20 123 159
20 124 159
21 124 159
21 124 159
21 124 159
22 124 159
22 124 159
22 125 159
23 125 159
23 125 160
24 125 160
24 125 160
24 125 160
25 126 160
25 126 160
25 126 160
26 126 160
26 126 160
27 126 161
27 127 161
27 127 161
28 127 161
28 127 161
28 127 161
29 127 161
29 128 161
30 128 162
30 128 162
30 128 162
31 128 162
31 128 162
31 129 162
32 129 162
32 129 162
33 129 162
33 129 163
33 129 163
34 130 163
34 130 163
34 130 163
35 130 163
35 130 163
36 130 163
36 131 163
36 131 164
37 131 164
37 131 164
37 131 164
38 131 164
38 132 164
38 132 164
39 132 164
39 132 164
40 132 165
40 132 165
40 133 165
41 133 165
41 133 165
41 133 165
42 133 165
42 133 165
43 134 165
43 134 166
43 134 166
44 134 166
44 134 166
44 134 166
45 135 166
45 135 166
46 135 166
46 135 166
46 135 167
47 135 167
47 136 167
47 136 167
48 136 167
48 136 167
49 136 167
49 137 167
49 137 167
50 137 168
50 137 168
50 137 168
51 137 168
51 138 168
52 138 168
52 138 168
52 138 168
53 138 168
53 138 169
53 139 169
54 139 169
54 139 169
55 139 169
55 139 169
55 139 169
56 140 169
56 140 169
56 140 170
57 140 170
57 140 170
58 140 170
58 141 170
58 141 170
59 141 170
59 141 170
59 141 170
60 141 171
60 142 171
61 142 171
61 142 171
61 142 171
62 142 171
62 142 171
62 143 171
63 143 171
63 143 172
64 143 172
64 143 172
64 143 172
65 144 172
65 144 172
65 144 172
66 144 172
66 144 172
67 144 173
67 145 173
67 145 173
68 145 173
68 145 173
68 145 173
69 145 173
69 146 173
70 146 174
70 146 174
70 146 174
71 146 174
71 146 174
71 147 174
72 147 174
72 147 174
72 147 174
73 147 175
73 147 175
74 148 175
74 148 175
74 148 175
75 148 175
75 148 175
75 148 175
76 149 175
76 149 176
77 149 176
77 149 176
77 149 176
78 149 176
78 150 176
78 150 176
79 150 176
79 150 176
80 150 177
80 150 177
80 151 177
81 151 177
81 151 177
81 151 177
82 151 177
82 151 177
83 152 177
83 152 178
83 152 178
84 152 178
84 152 178
84 152 178
85 153 178
85 153 178
86 153 178
86 153 178
86 153 179
87 153 179
87 154 179
87 154 179
88 154 179
88 154 179
89 154 179
89 154 179
89 155 179
90 155 180
90 155 180
90 155 180
91 155 180
91 156 180
92 156 180
92 156 180
92 156 180
93 156 180
93 156 181
93 157 181
94 157 181
94 157 181
95 157 181
95 157 181
95 157 181
96 158 181
96 158 181
96 158 182
97 158 182
97 158 182
98 158 182
98 159 182
98 159 182
99 159 182
99 159 182
99 159 182
100 159 183
100 160 183
101 160 183
101 160 183
101 160 183
102 160 183
102 160 183
102 161 183
103 161 183
103 161 184
104 161 184
104 161 184
104 161 184
105 162 184
105 162 184
105 162 184
106 162 184
106 162 184
107 162 185
107 163 185
107 163 185
108 163 185
108 163 185
108 163 185
109 163 185
109 164 185
109 164 185
110 164 186
110 164 186
111 164 186
111 164 186
111 165 186
112 165 186
112 165 186
112 165 186
113 165 187
113 165 187
114 166 187
114 166 187
114 166 187
115 166 187
115 166 187
115 166 187
116 167 187
116 167 188
117 167 188
117 167 188
117 167 188
118 167 188
118 168 188
118 168 188
119 168 188
119 168 188
120 168 189
120 168 189
120 169 189
121 169 189
121 169 189
121 169 189
122 169 189
122 169 189
123 170 189
123 170 190
123 170 190
124 170 190
124 170 190
124 170 190
125 171 190
125 171 190
126 171 190
126 171 190
126 171 191
127 171 191
127 172 191
127 172 191
128 172 191
128 172 191
129 172 191
129 172 191
129 173 191
130 173 192
130 173 192
130 173 192
131 173 192
131 174 192
132 174 192
132 174 192
132 174 192
133 174 192
133 174 193
133 175 193
134 175 193
134 175 193
135 175 193
135 175 193
135 175 193
136 176 193
136 176 193
136 176 194
137 176 194
137 176 194
138 176 194
138 177 194
138 177 194
139 177 194
139 177 194
139 177 194
140 177 195
140 178 195
141 178 195
141 178 195
141 178 195
142 178 195
142 178 195
142 179 195
143 179 195
143 179 196
144 179 196
144 179 196
144 179 196
145 180 196
145 180 196
145 180 196
146 180 196
146 180 196
146 180 197
147 181 197
147 181 197
148 181 197
148 181 197
148 181 197
149 181 197
149 182 197
149 182 197
150 182 198
150 182 198
151 182 198
151 182 198
151 183 198
152 183 198
152 183 198
152 183 198
153 183 199
153 183 199
154 184 199
154 184 199
154 184 199
155 184 199
155 184 199
155 184 199
156 185 199
156 185 200
157 185 200
157 185 200
157 185 200
158 185 200
158 186 200
158 186 200
159 186 200
159 186 200
160 186 201
160 186 201
160 187 201
161 187 201
161 187 201
161 187 201
162 187 201
162 187 201
163 188 201
163 188 202
163 188 202
164 188 202
164 188 202
164 188 202
165 189 202
165 189 202
166 189 202
166 189 202
166 189 203
167 189 203
167 190 203
167 190 203
168 190 203
168 190 203
169 190 203
169 190 203
169 191 203
170 191 204
170 191 204
170 191 204
171 191 204
171 191 204
172 192 204
172 192 204
172 192 204
173 192 204
173 192 205
173 193 205
174 193 205
174 193 205
175 193 205
175 193 205
175 193 205
176 194 205
176 194 205
176 194 206
177 194 206
177 194 206
178 194 206
178 195 206
178 195 206
179 195 206
179 195 206
179 195 206
180 195 207
180 196 207
181 196 207
181 196 207
181 196 207
182 196 207
182 196 207
182 197 207
183 197 207
183 197 208
183 197 208
184 197 208
184 197 208
185 198 208
185 198 208
185 198 208
186 198 208
186 198 208
186 198 209
187 199 209
187 199 209
188 199 209
188 199 209
188 199 209
189 199 209
189 200 209
189 200 209
190 200 210
190 200 210
191 200 210
191 200 210
191 201 210
192 201 210
192 201 210
192 201 210
193 201 211
193 201 211
194 202 211
194 202 211
194 202 211
195 202 211
195 202 211
195 202 211
196 203 211
196 203 212
197 203 212
197 203 212
197 203 212
198 203 212
198 204 212
198 204 212
199 204 212
199 204 212
200 204 213
200 204 213
200 205 213
201 205 213
201 205 213
201 205 213
202 205 213
202 205 213
203 206 213
203 206 214
203 206 214
204 206 214
204 206 214
204 206 214
205 207 214
205 207 214
206 207 214
206 207 214
206 207 215
207 207 215
207 208 215
207 208 215
208 208 215
208 208 215
209 208 215
209 208 215
209 209 215
210 209 216
210 209 216
210 209 216
211 209 216
211 209 216
212 210 216
212 210 216
212 210 216
213 210 216
213 210 217
213 211 217
214 211 217
214 211 217
215 211 217
215 211 217
215 211 217
216 212 217
216 212 217
216 212 218
217 212 218
217 212 218
218 212 218
218 213 218
218 213 218
219 213 218
219 213 218
219 213 218
220 213 219
220 214 219
220 214 219
221 214 219
221 214 219
222 214 219
222 214 219
222 215 219
223 215 219
223 215 220
223 215 220
224 215 220
224 215 220
225 216 220
225 216 220
225 216 220
226 216 220
226 216 220
226 216 221
227 217 221
227 217 221
228 217 221
228 217 221
228 217 221
229 217 221
229 218 221
229 218 221
230 218 222
230 218 222
231 218 222
231 218 222
231 219 222
232 219 222
232 219 222
232 219 222
233 219 222
233 219 223
234 220 223
234 220 223
234 220 223
235 220 223
235 220 223
235 220 223
236 221 223
236 221 224
237 221 224
237 221 224
237 221 224
238 221 224
238 222 224
238 222 224
239 222 224
239 222 224
240 222 225
240 222 225
240 223 225
241 223 225
241 223 225
241 223 225
242 223 225
242 223 225
243 224 225
243 224 226
243 224 226
244 224 226
244 224 226
244 224 226
245 225 226
245 225 226
246 225 226
246 225 226
246 225 227
247 225 227
247 226 227
247 226 227
248 226 227
248 226 227
249 226 227
249 226 227
249 227 227
250 227 228
250 227 228
250 227 228
251 227 228
251 227 228
252 228 228
252 228 228
252 228 228
253 228 228
253 228 229
253 228 229
254 229 229
254 229 229
255 229 229
