255 245 235
254 244 234
254 244 234
254 244 234
254 244 234
254 244 234
254 244 234
254 244 234
254 244 234
254 244 233
254 244 233
254 244 233
254 244 233
254 244 233
254 244 233
254 244 233
254 244 233
254 244 233
254 243 232
254 243 232
254 243 232
254 243 232
254 243 232
254 243 232
254 243 232
254 243 232
254 243 232
254 243 231
254 243 231
254 243 231
254 243 231
254 243 231
254 243 231
254 243 231
254 243 231
254 242 231
254 242 230
254 242 230
254 242 230
254 242 230
254 242 230
254 242 230
254 242 230
254 242 230
254 242 230
254 242 229
254 242 229
254 242 229
254 242 229
254 242 229
254 242 229
254 242 229
254 241 229
254 241 228
254 241 228
254 241 228
254 241 228
254 241 228
254 241 228
254 241 228
254 241 228
254 241 228
254 241 227
254 241 227
254 241 227
254 241 227
254 241 227
254 241 227
254 241 227
254 240 227
254 240 227
254 240 226
254 240 226
254 240 226
254 240 226
254 240 226
254 240 226
254 240 226
254 240 226
254 240 226
254 240 225
254 240 225
254 240 225
254 240 225
254 240 225
254 240 225
254 239 225
254 239 225
254 239 225
254 239 224
254 239 224
254 239 224
254 239 224
254 239 224
254 239 224
254 239 224
254 239 224
254 239 224
254 239 223
254 239 223
254 239 223
254 239 223
254 239 223
254 238 223
254 238 223
254 238 223
254 238 222
254 238 222
254 238 222
254 238 222
254 238 222
254 238 222
254 238 222
254 238 222
254 238 222
254 238 221
254 238 221
254 238 221
254 238 221
254 238 221
254 237 221
254 237 221
254 237 221
254 237 221
254 237 220
254 237 220
254 237 220
254 237 220
254 237 220
254 237 220
254 237 220
254 237 220
254 237 220
254 237 219
254 237 219
254 237 219
254 237 219
254 236 219
254 236 219
254 236 219
254 236 219
254 236 219
254 236 218
254 236 218
254 236 218
254 236 218
254 236 218
254 236 218
254 236 218
254 236 218
254 236 217
254 236 217
254 236 217
254 236 217
254 235 217
254 235 217
254 235 217
254 235 217
254 235 217
254 235 216
254 235 216
254 235 216
254 235 216
254 235 216
254 235 216
254 235 216
254 235 216
254 235 216
254 235 215
254 235 215
254 235 215
254 234 215
254 234 215
254 234 215
254 234 215
254 234 215
254 234 215
254 234 214
254 234 214
254 234 214
254 234 214
254 234 214
254 234 214
254 234 214
254 234 214
254 234 214
254 234 213
254 234 213
254 233 213
254 233 213
254 233 213
254 233 213
254 233 213
254 233 213
254 233 213
254 233 212
254 233 212
254 233 212
254 233 212
254 233 212
254 233 212
254 233 212
254 233 212
254 233 211
254 233 211
254 232 211
254 232 211
254 232 211
254 232 211
254 232 211
254 232 211
254 232 211
254 232 210
254 232 210
254 232 210
254 232 210
254 232 210
254 232 210
254 232 210
254 232 210
254 232 210
254 232 209
254 231 209
254 231 209
254 231 209
254 231 209
254 231 209
254 231 209
254 231 209
254 231 209
254 231 208
254 231 208
254 231 208
254 231 208
254 231 208
254 231 208
254 231 208
254 231 208
254 231 208
254 230 207
254 230 207
254 230 207
254 230 207
254 230 207
254 230 207
254 230 207
254 230 207
254 230 207
254 230 206
254 230 206
254 230 206
254 230 206
254 230 206
254 230 206
254 230 206
254 230 206
253 229 205
253 229 205
253 229 205
253 229 205
253 229 205
253 229 205
253 229 204
253 229 204
253 229 204
253 229 204
253 229 204
253 229 204
253 228 203
253 228 203
253 228 203
253 228 203
253 228 203
253 228 203
253 228 202
253 228 202
253 228 202
253 228 202
253 228 202
253 228 202
253 227 201
253 227 201
253 227 201
253 227 201
253 227 201
253 227 200
253 227 200
253 227 200
253 227 200
253 227 200
253 227 200
253 226 199
253 226 199
253 226 199
253 226 199
253 226 199
253 226 199
253 226 198
253 226 198
253 226 198
253 226 198
253 226 198
253 226 198
253 225 197
253 225 197
253 225 197
253 225 197
253 225 197
253 225 197
253 225 196
253 225 196
253 225 196
253 225 196
253 225 196
253 225 196
253 224 195
253 224 195
253 224 195
253 224 195
253 224 195
253 224 194
253 224 194
253 224 194
253 224 194
253 224 194
253 224 194
253 223 193
253 223 193
253 223 193
253 223 193
253 223 193
253 223 193
253 223 192
253 223 192
253 223 192
253 223 192
253 223 192
253 223 192
253 222 191
253 222 191
253 222 191
253 222 191
253 222 191
253 222 191
253 222 190
253 222 190
253 222 190
253 222 190
253 222 190
253 221 189
253 221 189
253 221 189
253 221 189
253 221 189
253 221 189
253 221 188
253 221 188
253 221 188
253 221 188
253 221 188
253 221 188
253 220 187
253 220 187
253 220 187
253 220 187
253 220 187
253 220 187
253 220 186
253 220 186
253 220 186
253 220 186
253 220 186
253 220 186
253 219 185
253 219 185
253 219 185
253 219 185
253 219 185
253 219 184
253 219 184
253 219 184
253 219 184
253 219 184
253 219 184
253 218 183
253 218 183
253 218 183
253 218 183
253 218 183
253 218 183
253 218 182
253 218 182
253 218 182
253 218 182
253 218 182
253 218 182
253 217 181
253 217 181
253 217 181
253 217 181
253 217 181
253 217 181
253 217 180
253 217 180
253 217 180
253 217 180
253 217 180
253 217 180
253 216 179
253 216 179
253 216 179
253 216 179
253 216 179
253 216 178
253 216 178
253 216 178
253 216 178
253 216 178
253 216 178
253 215 177
253 215 177
253 215 177
253 215 177
253 215 177
253 215 177
253 215 176
253 215 176
253 215 176
253 215 176
253 215 176
253 215 176
253 214 175
253 214 175
253 214 175
253 214 175
253 214 175
253 214 175
253 214 174
253 214 174
253 214 174
253 214 174
253 214 174
253 213 173
253 213 173
253 213 173
253 213 173
253 213 173
253 213 173
253 213 172
253 213 172
253 213 172
253 213 172
253 213 172
253 213 172
253 212 171
253 212 171
253 212 171
253 212 171
253 212 171
253 212 171
253 212 170
253 212 170
253 212 170
253 212 170
253 212 170
253 212 170
253 211 169
253 211 169
253 211 169
253 211 169
253 211 169
253 211 169
253 211 168
253 211 168
253 211 168
253 211 168
253 211 168
253 210 167
253 210 167
253 210 167
253 210 167
253 210 167
253 210 167
253 210 166
253 210 166
253 210 166
253 210 166
253 210 166
253 210 166
253 209 165
253 209 165
253 209 165
253 209 165
253 209 165
253 209 165
253 209 164
253 209 164
253 209 164
253 209 164
253 209 164
253 209 164
253 208 163
253 208 163
253 208 163
253 208 163
253 208 163
253 208 162
253 208 162
253 208 162
253 208 162
253 208 162
253 208 162
253 207 161
253 207 161
253 207 161
253 207 161
253 207 161
253 207 160
253 207 160
253 207 160
253 206 160
253 206 160
253 206 159
253 206 159
253 206 159
253 206 159
253 206 158
253 205 158
253 205 158
253 205 158
253 205 158
253 205 157
253 205 157
253 205 157
253 205 157
253 204 157
253 204 156
253 204 156
253 204 156
253 204 156
253 204 155
253 204 155
253 203 155
253 203 155
253 203 155
253 203 154
253 203 154
253 203 154
253 203 154
253 203 153
253 202 153
253 202 153
253 202 153
253 202 153
253 202 152
253 202 152
253 202 152
253 201 152
253 201 152
253 201 151
253 201 151
253 201 151
253 201 151
253 201 150
253 201 150
253 200 150
253 200 150
253 200 150
253 200 149
253 200 149
253 200 149
253 200 149
253 199 149
253 199 148
253 199 148
253 199 148
253 199 148
253 199 147
253 199 147
253 199 147
253 198 147
253 198 147
253 198 146
253 198 146
253 198 146
253 198 146
253 198 146
253 198 145
253 197 145
253 197 145
253 197 145
253 197 144
253 197 144
253 197 144
253 197 144
253 196 144
253 196 143
253 196 143
253 196 143
253 196 143
253 196 143
253 196 142
253 196 142
253 195 142
253 195 142
253 195 141
253 195 141
253 195 141
253 195 141
253 195 141
253 194 140
253 194 140
253 194 140
253 194 140
253 194 140
253 194 139
253 194 139
253 194 139
253 193 139
253 193 138
253 193 138
253 193 138
253 193 138
253 193 138
253 193 137
253 192 137
253 192 137
253 192 137
253 192 137
253 192 136
253 192 136
253 192 136
253 192 136
253 191 135
253 191 135
253 191 135
253 191 135
253 191 135
253 191 134
253 191 134
253 190 134
253 190 134
253 190 134
253 190 133
253 190 133
253 190 133
253 190 133
253 190 132
253 189 132
253 189 132
253 189 132
253 189 132
253 189 131
253 189 131
253 189 131
253 188 131
253 188 130
253 188 130
253 188 130
253 188 130
253 188 130
253 188 129
253 188 129
253 187 129
253 187 129
253 187 129
253 187 128
253 187 128
253 187 128
253 187 128
253 186 127
253 186 127
253 186 127
253 186 127
253 186 127
253 186 126
253 186 126
253 186 126
253 185 126
253 185 126
253 185 125
253 185 125
253 185 125
253 185 125
253 185 124
253 184 124
253 184 124
253 184 124
253 184 124
253 184 123
253 184 123
253 184 123
253 184 123
253 183 123
253 183 122
253 183 122
253 183 122
253 183 122
253 183 121
253 183 121
253 182 121
253 182 121
253 182 121
253 182 120
253 182 120
253 182 120
253 182 120
253 182 120
253 181 119
253 181 119
253 181 119
253 181 119
253 181 118
253 181 118
253 181 118
253 180 118
253 180 118
253 180 117
253 180 117
253 180 117
253 180 117
253 180 117
253 180 116
253 179 116
253 179 116
253 179 116
253 179 115
253 179 115
253 179 115
253 179 115
253 178 115
253 178 114
253 178 114
253 178 114
253 178 114
253 178 114
253 178 113
253 178 113
253 177 113
253 177 113
253 177 112
253 177 112
253 177 112
253 177 112
253 177 112
253 177 111
253 176 111
253 176 111
253 176 111
253 176 111
253 176 110
253 176 110
253 176 110
253 175 110
253 175 109
253 175 109
253 175 109
253 175 109
253 175 109
253 175 108
253 175 108
253 174 108
253 174 108
253 174 107
253 174 107
253 174 107
253 174 107
253 174 107
253 173 106
253 173 106
253 173 106
253 173 106
253 173 106
253 173 106
253 173 105
253 173 105
253 172 105
253 172 105
253 172 105
253 172 104
253 172 104
253 172 104
253 172 104
253 172 104
253 171 103
253 171 103
253 171 103
253 171 103
253 171 103
253 171 103
253 171 102
253 170 102
253 170 102
253 170 102
253 170 102
253 170 101
253 170 101
253 170 101
253 170 101
253 169 101
253 169 101
253 169 100
253 169 100
253 169 100
253 169 100
253 169 100
253 169 99
253 168 99
253 168 99
253 168 99
253 168 99
253 168 99
253 168 98
253 168 98
253 168 98
253 167 98
253 167 98
253 167 97
253 167 97
253 167 97
253 167 97
253 167 97
253 166 97
253 166 96
253 166 96
253 166 96
253 166 96
253 166 96
253 166 95
253 166 95
253 165 95
253 165 95
253 165 95
253 165 94
253 165 94
253 165 94
253 165 94
253 165 94
253 164 94
253 164 93
253 164 93
253 164 93
253 164 93
253 164 93
253 164 92
253 164 92
253 163 92
253 163 92
253 163 92
253 163 92
253 163 91
253 163 91
253 163 91
253 162 91
253 162 91
253 162 90
253 162 90
253 162 90
253 162 90
253 162 90
253 162 90
253 161 89
253 161 89
253 161 89
253 161 89
253 161 89
253 161 88
253 161 88
253 161 88
253 160 88
253 160 88
253 160 88
253 160 87
253 160 87
253 160 87
253 160 87
253 160 87
253 159 86
253 159 86
253 159 86
253 159 86
253 159 86
253 159 85
253 159 85
253 158 85
253 158 85
253 158 85
253 158 85
253 158 84
253 158 84
253 158 84
253 158 84
253 157 84
253 157 83
253 157 83
253 157 83
253 157 83
253 157 83
253 157 83
253 157 82
253 156 82
253 156 82
253 156 82
253 156 82
253 156 81
253 156 81
253 156 81
253 156 81
253 155 81
253 155 81
253 155 80
253 155 80
253 155 80
253 155 80
253 155 80
253 154 79
253 154 79
253 154 79
253 154 79
253 154 79
253 154 79
253 154 78
253 154 78
253 153 78
253 153 78
253 153 78
253 153 77
253 153 77
253 153 77
253 153 77
253 153 77
253 152 76
253 152 76
253 152 76
253 152 76
253 152 76
253 152 76
253 152 75
253 152 75
253 151 75
253 151 75
253 151 75
253 151 74
253 151 74
253 151 74
253 151 74
253 150 74
253 150 74
253 150 73
253 150 73
253 150 73
253 150 73
253 150 73
253 150 72
253 149 72
253 149 72
253 149 72
253 149 72
253 149 72
253 149 71
253 149 71
253 149 71
253 148 71
253 148 71
253 148 70
253 148 70
253 148 70
253 148 70
253 148 70
253 148 70
253 147 69
253 147 69
253 147 69
253 147 69
253 147 69
253 147 68
253 147 68
253 146 68
253 146 68
253 146 68
253 146 67
253 146 67
253 146 67
253 146 67
253 146 67
253 145 67
253 145 66
253 145 66
253 145 66
253 145 66
253 145 66
253 145 65
253 145 65
253 144 65
253 144 65
253 144 65
253 144 65
253 144 64
253 144 64
253 144 64
253 144 64
253 143 64
253 143 63
253 143 63
253 143 63
253 143 63
253 143 63
253 143 63
253 142 62
253 142 62
253 142 62
253 142 62
253 142 62
253 142 61
253 142 61
253 142 61
253 141 61
253 141 61
253 141 61
253 141 60
253 141 60
253 141 60
253 141 60
253 141 60
252 140 59
252 140 59
252 140 59
252 140 59
252 140 59
252 140 59
252 140 58
252 139 58
252 139 58
252 139 58
252 139 58
252 139 58
252 139 57
252 139 57
252 138 57
252 138 57
252 138 57
252 138 57
252 138 57
252 138 56
252 138 56
251 137 56
251 137 56
251 137 56
251 137 56
251 137 55
251 137 55
251 137 55
251 136 55
251 136 55
251 136 55
251 136 54
251 136 54
251 136 54
251 136 54
251 136 54
251 135 54
251 135 53
251 135 53
251 135 53
251 135 53
251 135 53
251 135 53
250 134 53
250 134 52
250 134 52
250 134 52
250 134 52
250 134 52
250 134 52
250 133 51
250 133 51
250 133 51
250 133 51
250 133 51
250 133 51
250 133 50
250 132 50
250 132 50
250 132 50
250 132 50
250 132 50
250 132 49
250 132 49
249 131 49
249 131 49
249 131 49
249 131 49
249 131 49
249 131 48
249 131 48
249 130 48
249 130 48
249 130 48
249 130 48
249 130 47
249 130 47
249 130 47
249 129 47
249 129 47
249 129 47
249 129 46
249 129 46
249 129 46
249 129 46
248 128 46
248 128 46
248 128 45
248 128 45
248 128 45
248 128 45
248 128 45
248 127 45
248 127 45
248 127 44
248 127 44
248 127 44
248 127 44
248 127 44
248 127 44
248 126 43
248 126 43
248 126 43
248 126 43
248 126 43
248 126 43
248 126 42
247 125 42
247 125 42
247 125 42
247 125 42
247 125 42
247 125 41
247 125 41
247 124 41
247 124 41
247 124 41
247 124 41
247 124 41
247 124 40
247 124 40
247 123 40
247 123 40
247 123 40
247 123 40
247 123 39
247 123 39
247 123 39
246 122 39
246 122 39
246 122 39
246 122 38
246 122 38
246 122 38
246 122 38
246 121 38
246 121 38
246 121 37
246 121 37
246 121 37
246 121 37
246 121 37
246 120 37
246 120 37
246 120 36
246 120 36
246 120 36
246 120 36
246 120 36
245 119 36
245 119 35
245 119 35
245 119 35
245 119 35
245 119 35
245 119 35
245 118 34
245 118 34
245 118 34
245 118 34
245 118 34
245 118 34
245 118 33
245 117 33
245 117 33
245 117 33
245 117 33
245 117 33
245 117 33
245 117 32
245 117 32
244 116 32
244 116 32
244 116 32
244 116 32
244 116 31
244 116 31
244 116 31
244 115 31
244 115 31
244 115 31
244 115 30
244 115 30
244 115 30
244 115 30
244 114 30
244 114 30
244 114 29
244 114 29
244 114 29
244 114 29
244 114 29
243 113 29
243 113 28
243 113 28
243 113 28
243 113 28
243 113 28
243 113 28
243 112 28
243 112 27
243 112 27
243 112 27
243 112 27
243 112 27
243 112 27
243 111 26
243 111 26
243 111 26
243 111 26
243 111 26
243 111 26
243 111 25
242 110 25
242 110 25
242 110 25
242 110 25
242 110 25
242 110 24
242 110 24
242 109 24
242 109 24
242 109 24
242 109 24
242 109 24
242 109 23
242 109 23
242 108 23
242 108 23
242 108 23
242 108 23
242 108 22
242 108 22
242 108 22
242 108 22
241 107 22
241 107 22
241 107 21
241 107 21
241 107 21
241 107 21
241 107 21
241 106 21
241 106 20
241 106 20
241 106 20
241 106 20
241 106 20
241 106 20
241 105 20
241 105 19
241 105 19
241 105 19
241 105 19
241 105 19
241 105 19
240 104 18
240 104 18
240 104 18
240 104 18
240 104 18
240 104 18
240 104 18
240 104 18
240 103 18
240 103 18
240 103 18
239 103 18
239 103 18
239 103 18
239 103 17
239 102 17
239 102 17
239 102 17
239 102 17
239 102 17
239 102 17
238 102 17
238 102 17
238 101 17
238 101 17
238 101 17
238 101 17
238 101 17
238 101 16
238 101 16
238 101 16
238 100 16
237 100 16
237 100 16
237 100 16
237 100 16
237 100 16
237 100 16
237 100 16
237 99 16
237 99 16
237 99 16
237 99 16
236 99 15
236 99 15
236 99 15
236 98 15
236 98 15
236 98 15
236 98 15
236 98 15
236 98 15
236 98 15
235 98 15
235 97 15
235 97 15
235 97 15
235 97 14
235 97 14
235 97 14
235 97 14
235 97 14
235 96 14
235 96 14
234 96 14
234 96 14
234 96 14
234 96 14
234 96 14
234 96 14
234 95 14
234 95 13
234 95 13
234 95 13
234 95 13
233 95 13
233 95 13
233 94 13
233 94 13
233 94 13
233 94 13
233 94 13
233 94 13
233 94 13
233 94 13
232 93 12
232 93 12
232 93 12
232 93 12
232 93 12
232 93 12
232 93 12
232 93 12
232 92 12
232 92 12
232 92 12
231 92 12
231 92 12
231 92 12
231 92 11
231 92 11
231 91 11
231 91 11
231 91 11
231 91 11
231 91 11
230 91 11
230 91 11
230 90 11
230 90 11
230 90 11
230 90 11
230 90 11
230 90 11
230 90 10
230 90 10
230 89 10
229 89 10
229 89 10
229 89 10
229 89 10
229 89 10
229 89 10
229 89 10
229 88 10
229 88 10
229 88 10
229 88 10
228 88 9
228 88 9
228 88 9
228 88 9
228 87 9
228 87 9
228 87 9
228 87 9
228 87 9
228 87 9
227 87 9
227 86 9
227 86 9
227 86 9
227 86 8
227 86 8
227 86 8
227 86 8
227 86 8
227 85 8
227 85 8
226 85 8
226 85 8
226 85 8
226 85 8
226 85 8
226 85 8
226 84 8
226 84 7
226 84 7
226 84 7
226 84 7
225 84 7
225 84 7
225 84 7
225 83 7
225 83 7
225 83 7
225 83 7
225 83 7
225 83 7
225 83 7
224 82 6
224 82 6
224 82 6
224 82 6
224 82 6
224 82 6
224 82 6
224 82 6
224 81 6
224 81 6
224 81 6
223 81 6
223 81 6
223 81 6
223 81 6
223 81 5
223 80 5
223 80 5
223 80 5
223 80 5
223 80 5
223 80 5
222 80 5
222 80 5
222 79 5
222 79 5
222 79 5
222 79 5
222 79 5
222 79 4
222 79 4
222 78 4
221 78 4
221 78 4
221 78 4
221 78 4
221 78 4
221 78 4
221 78 4
221 77 4
221 77 4
221 77 4
221 77 4
220 77 3
220 77 3
220 77 3
220 77 3
220 76 3
220 76 3
220 76 3
220 76 3
220 76 3
220 76 3
220 76 3
219 76 3
219 75 3
219 75 3
219 75 2
219 75 2
219 75 2
219 75 2
219 75 2
219 74 2
219 74 2
218 74 2
218 74 2
218 74 2
218 74 2
218 74 2
218 74 2
218 73 2
218 73 2
218 73 1
218 73 1
218 73 1
217 73 1
217 73 1
217 73 1
217 72 1
217 72 1
217 72 1
217 72 1
217 72 1
217 72 1
217 72 1
217 72 1
216 71 1
216 71 1
216 71 1
216 71 1
216 71 1
215 71 1
215 71 1
215 71 1
215 71 1
215 71 1
214 71 1
214 71 1
214 71 1
214 71 1
214 70 1
213 70 1
213 70 1
213 70 1
213 70 1
213 70 1
212 70 1
212 70 1
212 70 1
212 70 1
212 70 1
211 70 1
211 70 1
211 70 1
211 69 1
211 69 1
210 69 1
210 69 1
210 69 1
210 69 1
210 69 1
209 69 1
209 69 1
209 69 1
209 69 1
209 69 1
208 69 1
208 69 1
208 68 1
208 68 1
208 68 1
207 68 1
207 68 1
207 68 1
207 68 1
207 68 1
206 68 1
206 68 1
206 68 1
206 68 1
206 68 1
205 68 1
205 68 1
205 67 1
205 67 1
205 67 1
204 67 1
204 67 1
204 67 1
204 67 1
204 67 1
203 67 1
203 67 1
203 67 1
203 67 1
203 67 1
202 67 1
202 66 1
202 66 1
202 66 1
202 66 1
201 66 1
201 66 1
201 66 1
201 66 1
201 66 1
200 66 1
200 66 1
200 66 1
200 66 1
200 66 1
199 65 1
199 65 1
199 65 1
199 65 1
199 65 1
198 65 1
198 65 1
198 65 1
198 65 1
198 65 1
197 65 1
197 65 1
197 65 1
197 65 1
197 64 1
196 64 1
196 64 1
196 64 1
196 64 1
196 64 1
195 64 1
195 64 1
195 64 1
195 64 1
195 64 1
194 64 1
194 64 1
194 64 1
194 63 1
194 63 1
193 63 1
193 63 1
193 63 1
193 63 1
193 63 1
192 63 1
192 63 1
192 63 1
192 63 1
192 63 1
191 63 1
191 63 1
191 63 1
191 62 2
191 62 2
190 62 2
190 62 2
190 62 2
190 62 2
190 62 2
189 62 2
189 62 2
189 62 2
189 62 2
189 62 2
188 62 2
188 62 2
188 61 2
188 61 2
188 61 2
187 61 2
187 61 2
187 61 2
187 61 2
187 61 2
186 61 2
186 61 2
186 61 2
186 61 2
186 61 2
185 61 2
185 60 2
185 60 2
185 60 2
185 60 2
184 60 2
184 60 2
184 60 2
184 60 2
184 60 2
183 60 2
183 60 2
183 60 2
183 60 2
183 60 2
182 59 2
182 59 2
182 59 2
182 59 2
182 59 2
181 59 2
181 59 2
181 59 2
181 59 2
181 59 2
180 59 2
180 59 2
180 59 2
180 59 2
180 59 2
179 58 2
179 58 2
179 58 2
179 58 2
179 58 2
178 58 2
178 58 2
178 58 2
178 58 2
178 58 2
177 58 2
177 58 2
177 58 2
177 58 2
177 57 2
176 57 2
176 57 2
176 57 2
176 57 2
176 57 2
175 57 2
175 57 2
175 57 2
175 57 2
175 57 2
174 57 2
174 57 2
174 57 2
174 56 2
174 56 2
173 56 2
173 56 2
173 56 2
173 56 2
173 56 2
173 56 2
172 56 2
172 56 2
172 56 2
172 56 2
172 56 2
171 56 2
171 55 2
171 55 2
171 55 2
171 55 2
170 55 2
170 55 2
170 55 2
170 55 2
170 55 2
169 55 2
169 55 2
169 55 2
169 55 2
169 55 2
168 54 2
168 54 2
168 54 2
168 54 2
168 54 2
167 54 2
167 54 2
167 54 2
167 54 2
167 54 2
166 54 2
166 54 2
166 54 2
166 54 2
166 54 2
165 53 3
165 53 3
165 53 3
165 53 3
165 53 3
165 53 3
164 53 3
164 53 3
164 53 3
164 53 3
164 53 3
164 53 3
164 53 3
163 53 3
163 53 3
163 53 3
163 53 3
163 52 3
163 52 3
162 52 3
162 52 3
162 52 3
162 52 3
162 52 3
162 52 3
162 52 3
161 52 3
161 52 3
161 52 3
161 52 3
161 52 3
161 52 3
160 52 3
160 52 3
160 51 3
160 51 3
160 51 3
160 51 3
160 51 3
159 51 3
159 51 3
159 51 3
159 51 3
159 51 3
159 51 3
159 51 3
158 51 3
158 51 3
158 51 3
158 51 3
158 51 3
158 50 3
157 50 3
157 50 3
157 50 3
157 50 3
157 50 3
157 50 3
157 50 3
156 50 3
156 50 3
156 50 3
156 50 3
156 50 3
156 50 3
155 50 3
155 50 3
155 50 3
155 49 3
155 49 3
155 49 3
155 49 3
154 49 3
154 49 3
154 49 3
154 49 3
154 49 3
154 49 3
153 49 3
153 49 3
153 49 3
153 49 3
153 49 3
153 49 3
153 49 3
152 48 3
152 48 3
152 48 3
152 48 3
152 48 3
152 48 3
151 48 3
151 48 3
151 48 3
151 48 3
151 48 3
151 48 3
151 48 3
150 48 3
150 48 3
150 48 3
150 48 3
150 47 3
150 47 3
150 47 3
149 47 3
149 47 3
149 47 3
149 47 3
149 47 3
149 47 3
148 47 3
148 47 3
148 47 3
148 47 3
148 47 3
148 47 3
148 47 3
147 47 3
147 46 3
147 46 3
147 46 3
147 46 3
147 46 3
146 46 3
146 46 3
146 46 3
146 46 3
146 46 3
146 46 3
146 46 3
145 46 3
145 46 3
145 46 3
145 46 3
145 46 3
145 45 3
144 45 3
144 45 3
144 45 3
144 45 3
144 45 3
144 45 3
144 45 3
143 45 3
143 45 3
143 45 3
143 45 3
143 45 3
143 45 3
143 45 3
142 45 3
142 45 3
142 44 3
142 44 3
142 44 3
142 44 3
141 44 3
141 44 3
141 44 3
141 44 3
141 44 3
141 44 3
141 44 3
140 44 3
140 44 3
140 44 3
140 44 3
140 44 3
140 44 3
139 43 3
139 43 3
139 43 3
139 43 3
139 43 3
139 43 3
139 43 3
138 43 3
138 43 3
138 43 3
138 43 3
138 43 3
138 43 3
137 43 3
137 43 3
137 43 3
137 43 3
137 42 3
137 42 3
137 42 3
136 42 3
136 42 3
136 42 3
136 42 3
136 42 3
136 42 3
135 42 3
135 42 3
135 42 3
135 42 3
135 42 3
135 42 3
135 42 3
134 42 3
134 41 3
134 41 3
134 41 3
134 41 3
134 41 3
134 41 3
133 41 3
133 41 3
133 41 3
133 41 3
133 41 3
133 41 3
132 41 3
132 41 3
132 41 3
132 41 3
132 41 3
132 40 3
132 40 3
131 40 3
131 40 3
131 40 3
131 40 3
131 40 3
131 40 3
130 40 3
130 40 3
130 40 3
130 40 3
130 40 3
130 40 3
130 40 3
129 40 3
129 40 3
129 39 3
129 39 3
129 39 3
129 39 3
128 39 3
128 39 3
128 39 3
128 39 3
128 39 3
128 39 3
128 39 3
127 39 3
127 39 3
127 39 3
127 39 3
127 39 3
127 39 3
127 39 4
