255 222 212
254 222 212
254 222 212
254 222 212
254 222 211
254 222 211
254 221 211
254 221 211
254 221 211
254 221 211
254 221 211
254 221 211
254 221 210
254 221 210
254 221 210
254 221 210
254 221 210
254 221 210
254 221 210
254 221 209
254 221 209
254 221 209
254 221 209
254 221 209
254 221 209
254 220 209
254 220 209
254 220 208
254 220 208
254 220 208
254 220 208
254 220 208
254 220 208
254 220 208
254 220 208
254 220 207
254 220 207
254 220 207
254 220 207
254 220 207
254 220 207
254 220 207
254 220 207
254 220 206
254 219 206
254 219 206
254 219 206
254 219 206
254 219 206
254 219 206
254 219 206
254 219 205
254 219 205
254 219 205
254 219 205
254 219 205
254 219 205
254 219 205
254 219 205
254 219 204
254 219 204
254 219 204
254 219 204
254 218 204
254 218 204
254 218 204
254 218 204
254 218 203
254 218 203
254 218 203
254 218 203
254 218 203
254 218 203
254 218 203
254 218 203
254 218 202
254 218 202
254 218 202
254 218 202
254 218 202
254 218 202
254 218 202
254 217 202
254 217 201
254 217 201
254 217 201
254 217 201
254 217 201
254 217 201
254 217 201
254 217 201
254 217 200
254 217 200
254 217 200
254 217 200
254 217 200
254 217 200
254 217 200
254 217 199
254 217 199
254 217 199
254 216 199
254 216 199
254 216 199
254 216 199
254 216 199
254 216 198
254 216 198
254 216 198
254 216 198
254 216 198
254 216 198
254 216 198
254 216 198
254 216 197
254 216 197
254 216 197
254 216 197
254 216 197
254 216 197
254 215 197
254 215 197
254 215 196
254 215 196
254 215 196
254 215 196
254 215 196
254 215 196
254 215 196
254 215 196
254 215 195
254 215 195
254 215 195
254 215 195
254 215 195
254 215 195
254 215 195
254 215 195
254 215 194
254 214 194
254 214 194
254 214 194
254 214 194
254 214 194
254 214 194
254 214 194
254 214 193
254 214 193
254 214 193
254 214 193
254 214 193
254 214 193
254 214 193
254 214 193
254 214 192
254 214 192
254 214 192
254 214 192
254 213 192
254 213 192
254 213 192
254 213 192
254 213 191
254 213 191
254 213 191
254 213 191
254 213 191
254 213 191
254 213 191
254 213 191
254 213 190
254 213 190
254 213 190
254 213 190
254 213 190
254 213 190
254 213 190
254 212 189
254 212 189
254 212 189
254 212 189
254 212 189
254 212 189
254 212 189
254 212 189
254 212 188
254 212 188
254 212 188
254 212 188
254 212 188
254 212 188
254 212 188
254 212 188
254 212 187
254 212 187
254 212 187
254 211 187
254 211 187
254 211 187
254 211 187
254 211 187
254 211 186
254 211 186
254 211 186
254 211 186
254 211 186
254 211 186
254 211 186
254 211 186
254 211 185
254 211 185
254 211 185
254 211 185
254 211 185
254 211 185
254 210 185
254 210 185
254 210 184
254 210 184
254 210 184
254 210 184
254 210 184
254 210 184
254 210 184
254 210 184
254 210 183
254 210 183
254 210 183
254 210 183
254 210 183
254 210 183
254 210 183
254 210 183
254 210 182
254 209 182
254 209 182
254 209 182
254 209 182
254 209 182
254 209 182
254 209 182
254 209 181
254 209 181
254 209 181
254 209 181
254 209 181
254 209 181
254 209 181
254 209 180
254 209 180
254 209 180
254 209 180
254 209 180
254 208 180
254 208 180
254 208 180
253 208 179
253 208 179
253 208 179
253 208 179
253 208 179
253 208 179
253 208 179
253 208 178
253 208 178
253 208 178
253 208 178
253 208 178
253 207 178
253 207 178
253 207 177
253 207 177
253 207 177
253 207 177
253 207 177
253 207 177
253 207 177
253 207 176
253 207 176
253 207 176
253 207 176
253 207 176
253 206 176
253 206 175
253 206 175
253 206 175
253 206 175
253 206 175
253 206 175
253 206 175
253 206 174
253 206 174
253 206 174
253 206 174
253 206 174
253 206 174
253 205 174
253 205 173
253 205 173
253 205 173
253 205 173
253 205 173
253 205 173
253 205 173
253 205 172
253 205 172
253 205 172
253 205 172
253 205 172
253 205 172
253 204 172
253 204 171
253 204 171
253 204 171
253 204 171
253 204 171
253 204 171
253 204 170
253 204 170
253 204 170
253 204 170
253 204 170
253 204 170
253 204 170
253 204 169
253 203 169
253 203 169
253 203 169
253 203 169
253 203 169
253 203 169
253 203 168
253 203 168
253 203 168
253 203 168
253 203 168
253 203 168
253 203 168
253 203 167
253 202 167
253 202 167
253 202 167
253 202 167
253 202 167
253 202 166
253 202 166
253 202 166
253 202 166
253 202 166
253 202 166
253 202 166
253 202 165
253 202 165
253 201 165
253 201 165
253 201 165
253 201 165
253 201 165
253 201 164
253 201 164
253 201 164
253 201 164
253 201 164
253 201 164
253 201 164
253 201 163
253 201 163
253 200 163
253 200 163
253 200 163
253 200 163
253 200 162
253 200 162
253 200 162
253 200 162
253 200 162
253 200 162
253 200 162
253 200 161
253 200 161
253 200 161
253 199 161
253 199 161
253 199 161
253 199 161
253 199 160
253 199 160
253 199 160
253 199 160
253 199 160
253 199 160
253 199 160
253 199 159
253 199 159
253 199 159
253 199 159
253 198 159
253 198 159
253 198 159
253 198 158
253 198 158
253 198 158
253 198 158
253 198 158
253 198 158
253 198 157
253 198 157
253 198 157
253 198 157
253 198 157
253 197 157
253 197 157
253 197 156
253 197 156
253 197 156
253 197 156
253 197 156
253 197 156
253 197 156
253 197 155
253 197 155
253 197 155
253 197 155
253 197 155
253 196 155
253 196 155
253 196 154
253 196 154
253 196 154
253 196 154
253 196 154
253 196 154
253 196 153
253 196 153
253 196 153
253 196 153
253 196 153
253 196 153
253 195 153
253 195 152
253 195 152
253 195 152
253 195 152
253 195 152
253 195 152
253 195 152
253 195 151
253 195 151
253 195 151
253 195 151
253 195 151
253 195 151
253 195 151
253 194 150
253 194 150
253 194 150
253 194 150
253 194 150
253 194 150
253 194 149
253 194 149
253 194 149
253 194 149
253 194 149
253 194 149
253 194 149
253 194 148
253 193 148
253 193 148
253 193 148
253 193 148
253 193 148
253 193 148
253 193 147
253 193 147
253 193 147
253 193 147
253 193 147
253 193 147
253 193 147
253 193 146
253 192 146
253 192 146
253 192 146
253 192 146
253 192 146
253 192 146
253 192 145
253 192 145
253 192 145
253 192 145
253 192 145
253 192 145
253 192 144
253 192 144
253 191 144
253 191 144
253 191 144
253 191 144
253 191 144
253 191 143
253 191 143
253 191 143
253 191 143
253 191 143
253 191 143
253 191 143
253 191 142
253 191 142
253 190 142
253 190 142
253 190 142
253 190 142
253 190 142
253 190 141
253 190 141
253 190 141
253 190 141
253 190 141
253 190 141
253 190 141
253 189 141
253 189 141
253 189 141
253 189 141
253 189 140
253 189 140
253 189 140
253 189 140
253 189 140
253 189 140
253 189 140
253 189 140
253 188 140
253 188 140
253 188 140
253 188 139
253 188 139
253 188 139
253 188 139
253 188 139
253 188 139
253 188 139
253 188 139
253 187 139
253 187 139
253 187 139
253 187 138
253 187 138
253 187 138
253 187 138
253 187 138
253 187 138
253 187 138
253 187 138
253 186 138
253 186 138
253 186 138
253 186 137
253 186 137
253 186 137
253 186 137
253 186 137
253 186 137
253 186 137
253 186 137
253 186 137
253 185 137
253 185 137
253 185 136
253 185 136
253 185 136
253 185 136
253 185 136
253 185 136
253 185 136
253 185 136
253 185 136
253 184 136
253 184 136
253 184 135
253 184 135
253 184 135
253 184 135
253 184 135
253 184 135
253 184 135
253 184 135
253 184 135
253 184 135
253 183 135
253 183 134
253 183 134
253 183 134
253 183 134
253 183 134
253 183 134
253 183 134
253 183 134
253 183 134
253 183 134
253 182 134
253 182 133
253 182 133
253 182 133
253 182 133
253 182 133
253 182 133
253 182 133
253 182 133
253 182 133
253 182 133
253 181 133
253 181 132
253 181 132
253 181 132
253 181 132
253 181 132
253 181 132
253 181 132
253 181 132
253 181 132
253 181 132
253 181 132
253 180 131
253 180 131
253 180 131
253 180 131
253 180 131
253 180 131
253 180 131
253 180 131
253 180 131
253 180 131
253 180 131
253 179 130
253 179 130
253 179 130
253 179 130
253 179 130
253 179 130
253 179 130
253 179 130
253 179 130
253 179 130
253 179 130
253 178 129
253 178 129
253 178 129
253 178 129
253 178 129
253 178 129
253 178 129
253 178 129
253 178 129
253 178 129
253 178 129
253 178 128
253 177 128
253 177 128
253 177 128
253 177 128
253 177 128
253 177 128
253 177 128
253 177 128
253 177 128
253 177 128
253 177 127
253 176 127
253 176 127
253 176 127
253 176 127
253 176 127
253 176 127
253 176 127
253 176 127
253 176 127
253 176 126
253 176 126
253 176 126
253 175 126
253 175 126
253 175 126
253 175 126
253 175 126
253 175 126
253 175 126
253 175 126
253 175 125
253 175 125
253 175 125
253 174 125
253 174 125
253 174 125
253 174 125
253 174 125
253 174 125
253 174 125
253 174 125
253 174 124
253 174 124
253 174 124
253 173 124
253 173 124
253 173 124
253 173 124
253 173 124
253 173 124
253 173 124
253 173 124
253 173 123
253 173 123
253 173 123
253 173 123
253 172 123
253 172 123
253 172 123
253 172 123
253 172 123
253 172 123
253 172 123
253 172 122
253 172 122
253 172 122
253 172 122
253 171 122
253 171 122
253 171 122
253 171 122
253 171 122
253 171 122
253 171 122
253 171 121
253 171 121
253 171 121
253 171 121
253 170 121
253 170 121
253 170 121
253 170 121
253 170 121
253 170 121
253 170 121
253 170 120
253 170 120
253 170 120
253 170 120
253 170 120
253 169 120
253 169 120
253 169 120
253 169 120
253 169 120
253 169 120
253 169 119
253 169 119
253 169 119
253 169 119
253 169 119
253 168 119
253 168 119
253 168 119
253 168 119
253 168 119
253 168 119
253 168 118
253 168 118
252 168 118
252 168 118
252 167 118
252 167 118
252 167 118
252 167 117
252 167 117
252 167 117
252 166 117
252 166 117
252 166 117
252 166 117
252 166 116
252 166 116
252 165 116
252 165 116
252 165 116
252 165 116
252 165 116
252 165 115
252 165 115
252 164 115
252 164 115
252 164 115
252 164 115
252 164 114
252 164 114
252 163 114
252 163 114
252 163 114
252 163 114
252 163 114
252 163 113
252 162 113
252 162 113
252 162 113
252 162 113
252 162 113
252 162 112
252 161 112
252 161 112
252 161 112
252 161 112
252 161 112
252 161 112
252 160 111
252 160 111
252 160 111
252 160 111
252 160 111
252 160 111
252 159 111
252 159 110
252 159 110
252 159 110
252 159 110
252 159 110
252 159 110
252 158 109
252 158 109
252 158 109
252 158 109
252 158 109
252 158 109
252 157 109
252 157 108
252 157 108
252 157 108
252 157 108
252 157 108
252 156 108
252 156 108
252 156 107
252 156 107
252 156 107
252 156 107
252 155 107
252 155 107
252 155 106
252 155 106
252 155 106
252 155 106
252 154 106
252 154 106
252 154 106
252 154 105
252 154 105
252 154 105
252 154 105
252 153 105
252 153 105
252 153 104
252 153 104
252 153 104
252 153 104
252 152 104
252 152 104
252 152 104
252 152 103
252 152 103
252 152 103
252 151 103
252 151 103
252 151 103
252 151 103
252 151 102
252 151 102
252 150 102
252 150 102
252 150 102
252 150 102
252 150 101
252 150 101
252 149 101
252 149 101
252 149 101
252 149 101
252 149 101
252 149 100
252 148 100
252 148 100
252 148 100
252 148 100
252 148 100
252 148 99
252 148 99
252 147 99
252 147 99
252 147 99
252 147 99
252 147 99
252 147 98
252 146 98
252 146 98
252 146 98
252 146 98
252 146 98
252 146 98
252 145 97
252 145 97
252 145 97
252 145 97
252 145 97
252 145 97
252 144 96
252 144 96
252 144 96
252 144 96
252 144 96
252 144 96
252 143 96
252 143 95
252 143 95
252 143 95
252 143 95
252 143 95
252 142 95
252 142 94
252 142 94
252 142 94
252 142 94
252 142 94
252 142 94
252 141 94
252 141 93
252 141 93
252 141 93
252 141 93
252 141 93
252 140 93
252 140 93
252 140 92
252 140 92
252 140 92
252 140 92
252 139 92
252 139 92
252 139 91
252 139 91
252 139 91
252 139 91
252 138 91
252 138 91
252 138 91
252 138 90
252 138 90
252 138 90
252 137 90
252 137 90
252 137 90
252 137 90
252 137 89
252 137 89
252 137 89
252 136 89
252 136 89
252 136 89
252 136 88
252 136 88
252 136 88
252 135 88
252 135 88
252 135 88
252 135 88
252 135 87
252 135 87
252 134 87
252 134 87
252 134 87
252 134 87
252 134 86
252 134 86
252 133 86
252 133 86
252 133 86
252 133 86
252 133 86
252 133 85
252 132 85
252 132 85
252 132 85
252 132 85
252 132 85
252 132 85
252 131 84
252 131 84
252 131 84
252 131 84
252 131 84
252 131 84
252 131 83
252 130 83
252 130 83
252 130 83
252 130 83
252 130 83
252 130 83
252 129 82
252 129 82
252 129 82
252 129 82
252 129 82
252 129 82
252 128 81
252 128 81
252 128 81
252 128 81
252 128 81
252 128 81
252 127 81
252 127 80
252 127 80
252 127 80
252 127 80
252 127 80
252 126 80
251 126 80
251 126 80
251 126 79
251 126 79
251 126 79
251 126 79
251 125 79
251 125 79
251 125 79
251 125 79
251 125 79
251 125 79
251 125 79
251 125 79
251 124 79
251 124 79
251 124 79
251 124 79
251 124 78
251 124 78
250 124 78
250 123 78
250 123 78
250 123 78
250 123 78
250 123 78
250 123 78
250 123 78
250 122 78
250 122 78
250 122 78
250 122 78
250 122 78
250 122 78
250 122 78
250 121 77
250 121 77
250 121 77
250 121 77
249 121 77
249 121 77
249 121 77
249 120 77
249 120 77
249 120 77
249 120 77
249 120 77
249 120 77
249 120 77
249 119 77
249 119 77
249 119 77
249 119 76
249 119 76
249 119 76
249 119 76
249 118 76
249 118 76
249 118 76
248 118 76
248 118 76
248 118 76
248 118 76
248 117 76
248 117 76
248 117 76
248 117 76
248 117 76
248 117 76
248 117 75
248 116 75
248 116 75
248 116 75
248 116 75
248 116 75
248 116 75
248 116 75
248 115 75
248 115 75
247 115 75
247 115 75
247 115 75
247 115 75
247 115 75
247 115 75
247 114 74
247 114 74
247 114 74
247 114 74
247 114 74
247 114 74
247 114 74
247 113 74
247 113 74
247 113 74
247 113 74
247 113 74
247 113 74
246 113 74
246 112 74
246 112 74
246 112 74
246 112 73
246 112 73
246 112 73
246 112 73
246 111 73
246 111 73
246 111 73
246 111 73
246 111 73
246 111 73
246 111 73
246 110 73
246 110 73
246 110 73
246 110 73
246 110 73
245 110 73
245 110 72
245 109 72
245 109 72
245 109 72
245 109 72
245 109 72
245 109 72
245 109 72
245 108 72
245 108 72
245 108 72
245 108 72
245 108 72
245 108 72
245 108 72
245 107 72
245 107 71
245 107 71
245 107 71
244 107 71
244 107 71
244 107 71
244 106 71
244 106 71
244 106 71
244 106 71
244 106 71
244 106 71
244 106 71
244 106 71
244 105 71
244 105 71
244 105 71
244 105 70
244 105 70
244 105 70
244 105 70
244 104 70
243 104 70
243 104 70
243 104 70
243 104 70
243 104 70
243 104 70
243 103 70
243 103 70
243 103 70
243 103 70
243 103 70
243 103 70
243 103 69
243 102 69
243 102 69
243 102 69
243 102 69
243 102 69
243 102 69
243 102 69
242 101 69
242 101 69
242 101 69
242 101 69
242 101 69
242 101 69
242 101 69
242 100 69
242 100 69
242 100 68
242 100 68
242 100 68
242 100 68
242 100 68
242 99 68
242 99 68
242 99 68
242 99 68
242 99 68
242 99 68
241 99 68
241 98 68
241 98 68
241 98 68
241 98 68
241 98 67
241 98 67
241 98 67
241 97 67
241 97 67
241 97 67
241 97 67
241 97 67
241 97 67
241 97 67
241 97 67
241 96 67
241 96 67
241 96 67
241 96 67
240 96 67
240 96 67
240 96 66
240 95 66
240 95 66
240 95 66
240 95 66
240 95 66
240 95 66
240 95 66
240 94 66
240 94 66
240 94 66
240 94 66
240 94 66
240 94 66
240 94 66
240 93 66
240 93 66
239 93 65
239 93 65
239 93 65
239 93 65
239 93 65
239 92 65
239 92 65
239 92 65
239 92 65
239 92 65
239 92 65
239 92 65
239 91 65
239 91 65
239 91 65
239 91 65
239 91 65
239 91 64
239 91 64
239 90 64
238 90 64
238 90 64
238 90 64
238 90 64
238 90 64
238 89 63
238 89 63
238 89 63
238 89 63
238 89 63
238 88 63
237 88 63
237 88 62
237 88 62
237 88 62
237 87 62
237 87 62
237 87 62
237 87 62
237 87 61
237 87 61
236 86 61
236 86 61
236 86 61
236 86 61
236 86 61
236 85 60
236 85 60
236 85 60
236 85 60
236 85 60
236 85 60
235 84 60
235 84 59
235 84 59
235 84 59
235 84 59
235 83 59
235 83 59
235 83 59
235 83 58
235 83 58
235 82 58
234 82 58
234 82 58
234 82 58
234 82 58
234 82 57
234 81 57
234 81 57
234 81 57
234 81 57
234 81 57
233 80 57
233 80 56
233 80 56
233 80 56
233 80 56
233 79 56
233 79 56
233 79 56
233 79 55
233 79 55
233 79 55
232 78 55
232 78 55
232 78 55
232 78 55
232 78 54
232 77 54
232 77 54
232 77 54
232 77 54
232 77 54
232 76 54
231 76 53
231 76 53
231 76 53
231 76 53
231 76 53
231 75 53
231 75 53
231 75 52
231 75 52
231 75 52
230 74 52
230 74 52
230 74 52
230 74 52
230 74 51
230 74 51
230 73 51
230 73 51
230 73 51
230 73 51
230 73 51
229 72 50
229 72 50
229 72 50
229 72 50
229 72 50
229 71 50
229 71 50
229 71 49
229 71 49
229 71 49
228 71 49
228 70 49
228 70 49
228 70 48
228 70 48
228 70 48
228 69 48
228 69 48
228 69 48
228 69 48
228 69 47
227 68 47
227 68 47
227 68 47
227 68 47
227 68 47
227 68 47
227 67 46
227 67 46
227 67 46
227 67 46
227 67 46
226 66 46
226 66 46
226 66 45
226 66 45
226 66 45
226 65 45
226 65 45
226 65 45
226 65 45
226 65 44
225 65 44
225 64 44
225 64 44
225 64 44
225 64 44
225 64 44
225 63 43
225 63 43
225 63 43
225 63 43
225 63 43
224 63 43
224 62 43
224 62 42
224 62 42
224 62 42
224 62 42
224 61 42
224 61 42
224 61 42
224 61 41
224 61 41
223 60 41
223 60 41
223 60 41
223 60 41
223 60 41
223 60 40
223 59 40
223 59 40
223 59 40
223 59 40
222 59 40
222 58 40
222 58 39
222 58 39
222 58 39
222 58 39
222 57 39
222 57 39
222 57 39
222 57 38
222 57 38
221 57 38
221 56 38
221 56 38
221 56 38
221 56 38
221 56 37
221 55 37
221 55 37
221 55 37
221 55 37
221 55 37
220 54 37
220 54 36
220 54 36
220 54 36
220 54 36
220 54 36
220 53 36
220 53 36
220 53 35
220 53 35
219 53 35
219 52 35
219 52 35
219 52 35
219 52 35
219 52 34
219 52 34
219 51 34
219 51 34
219 51 34
219 51 34
218 51 33
218 50 33
218 50 33
218 50 33
218 50 33
218 50 33
218 49 33
218 49 32
218 49 32
218 49 32
218 49 32
217 49 32
217 48 32
217 48 32
217 48 31
217 48 31
217 48 31
217 47 31
217 47 31
217 47 31
217 47 31
216 47 30
216 46 30
216 46 30
216 46 30
216 46 30
216 46 30
216 46 30
216 45 29
216 45 29
216 45 29
216 45 29
215 45 29
215 44 29
215 44 29
215 44 28
215 44 28
215 44 28
215 43 28
215 43 28
215 43 28
215 43 28
215 43 27
214 43 27
214 42 27
214 42 27
214 42 27
214 42 27
214 42 27
214 42 27
213 41 27
213 41 26
213 41 26
213 41 26
213 41 26
213 41 26
213 40 26
212 40 26
212 40 26
212 40 26
212 40 25
212 40 25
212 39 25
212 39 25
211 39 25
211 39 25
211 39 25
211 39 25
211 38 25
211 38 24
211 38 24
210 38 24
210 38 24
210 38 24
210 37 24
210 37 24
210 37 24
210 37 24
209 37 24
209 36 23
209 36 23
209 36 23
209 36 23
209 36 23
209 36 23
208 35 23
208 35 23
208 35 23
208 35 22
208 35 22
208 35 22
208 34 22
208 34 22
207 34 22
207 34 22
207 34 22
207 34 22
207 33 21
207 33 21
207 33 21
206 33 21
206 33 21
206 33 21
206 32 21
206 32 21
206 32 21
206 32 20
205 32 20
205 32 20
205 31 20
205 31 20
205 31 20
205 31 20
205 31 20
204 31 20
204 30 19
204 30 19
204 30 19
204 30 19
204 30 19
204 30 19
203 29 19
203 29 19
203 29 19
203 29 18
203 29 18
203 29 18
203 28 18
202 28 18
202 28 18
202 28 18
202 28 18
202 28 18
202 27 18
202 27 17
201 27 17
201 27 17
201 27 17
201 27 17
201 26 17
201 26 17
201 26 17
200 26 17
200 26 16
200 26 16
200 25 16
200 25 16
200 25 16
200 25 16
199 25 16
199 25 16
199 24 16
199 24 15
199 24 15
199 24 15
199 24 15
198 23 15
198 23 15
198 23 15
198 23 15
198 23 15
198 23 14
198 22 14
198 22 14
197 22 14
197 22 14
197 22 14
197 22 14
197 21 14
197 21 14
197 21 13
196 21 13
196 21 13
196 21 13
196 20 13
196 20 13
196 20 13
196 20 13
195 20 13
195 20 12
195 19 12
195 19 12
195 19 12
195 19 12
195 19 12
194 19 12
194 18 12
194 18 12
194 18 12
194 18 11
194 18 11
194 18 11
193 17 11
193 17 11
193 17 11
193 17 11
193 17 11
193 17 11
193 16 10
192 16 10
192 16 10
192 16 10
192 16 10
192 16 10
192 15 10
192 15 10
191 15 10
191 15 9
191 15 9
191 15 9
191 14 9
191 14 9
191 14 9
190 14 9
190 14 9
190 14 9
190 13 8
190 13 8
190 13 8
190 13 8
189 13 8
189 13 8
189 12 8
189 12 8
189 12 8
189 12 7
189 12 7
189 12 7
188 11 7
188 11 7
188 11 7
188 11 7
188 11 7
188 10 7
188 10 6
187 10 6
187 10 6
187 10 6
187 10 6
187 9 6
187 9 6
187 9 6
186 9 6
186 9 6
186 9 5
186 8 5
186 8 5
186 8 5
186 8 5
185 8 5
185 8 5
185 7 5
185 7 5
185 7 4
185 7 4
185 7 4
184 7 4
184 6 4
184 6 4
184 6 4
184 6 4
184 6 4
184 6 3
183 5 3
183 5 3
183 5 3
183 5 3
183 5 3
183 5 3
183 4 3
182 4 3
182 4 2
182 4 2
182 4 2
182 4 2
182 3 2
182 3 2
181 3 2
181 3 2
181 3 2
181 3 1
181 2 1
181 2 1
181 2 1
180 2 1
180 2 1
180 2 1
180 1 1
180 1 1
180 1 0
180 1 0
180 1 0
179 1 0
179 0 0
179 0 0
179 0 0
179 0 0
179 0 0
179 0 0
178 0 0
178 0 0
178 0 0
178 0 0
178 0 0
177 0 0
177 0 0
177 0 0
177 0 0
176 0 0
176 0 0
176 0 0
176 0 0
176 0 0
175 0 0
175 0 0
175 0 0
175 0 0
175 0 0
174 0 0
174 0 0
174 0 0
174 0 0
174 0 0
173 0 0
173 0 0
173 0 0
173 0 0
173 0 0
172 0 0
172 0 0
172 0 0
172 0 0
172 0 0
171 0 0
171 0 0
171 0 0
171 0 0
171 0 0
170 0 0
170 0 0
170 0 0
170 0 0
170 0 0
169 0 0
169 0 0
169 0 0
169 0 0
169 0 0
168 0 0
168 0 0
168 0 0
168 0 0
168 0 0
167 0 0
167 0 0
167 0 0
167 0 0
167 0 0
166 0 0
166 0 0
166 0 0
166 0 0
166 0 0
165 0 0
165 0 0
165 0 0
165 0 0
165 0 0
164 0 0
164 0 0
164 0 0
164 0 0
163 0 0
163 0 0
163 0 0
163 0 0
163 0 0
162 0 0
162 0 0
162 0 0
162 0 0
162 0 0
161 0 0
161 0 0
161 0 0
161 0 0
161 0 0
160 0 0
160 0 0
160 0 0
160 0 0
160 0 0
159 0 0
159 0 0
159 0 0
159 0 0
159 0 0
158 0 0
158 0 0
158 0 0
158 0 0
158 0 0
157 0 0
157 0 0
157 0 0
157 0 0
157 0 0
156 0 0
156 0 0
156 0 0
156 0 0
156 0 0
155 0 0
155 0 0
155 0 0
155 0 0
155 0 0
154 0 0
154 0 0
154 0 0
154 0 0
154 0 0
153 0 0
153 0 0
153 0 0
153 0 0
153 0 0
152 0 0
152 0 0
152 0 0
152 0 0
151 0 0
151 0 0
151 0 0
151 0 0
151 0 0
150 0 0
150 0 0
150 0 0
150 0 0
150 0 0
149 0 0
149 0 0
149 0 0
149 0 0
149 0 0
148 0 0
148 0 0
148 0 0
148 0 0
148 0 0
147 0 0
147 0 0
147 0 0
147 0 0
147 0 0
146 0 0
146 0 0
146 0 0
146 0 0
146 0 0
145 0 0
145 0 0
145 0 0
145 0 0
145 0 0
144 0 0
144 0 0
144 0 0
144 0 0
144 0 0
143 0 0
143 0 0
143 0 0
143 0 0
143 0 0
142 0 0
142 0 0
142 0 0
142 0 0
142 0 0
141 0 0
141 0 0
141 0 0
141 0 0
141 0 0
140 0 0
140 0 0
140 0 0
140 0 0
140 0 0
139 0 0
139 0 0
139 0 0
139 0 0
138 0 0
138 0 0
138 0 0
138 0 0
138 0 0
137 0 0
137 0 0
137 0 0
137 0 0
137 0 0
136 0 0
136 0 0
136 0 0
136 0 0
136 0 0
135 0 0
135 0 0
135 0 0
135 0 0
135 0 0
134 0 0
134 0 0
134 0 0
134 0 0
134 0 0
133 0 0
133 0 0
133 0 0
133 0 0
133 0 0
132 0 0
132 0 0
132 0 0
132 0 0
132 0 0
131 0 0
131 0 0
131 0 0
131 0 0
131 0 0
130 0 0
130 0 0
130 0 0
130 0 0
130 0 0
129 0 0
129 0 0
129 0 0
129 0 0
129 0 0
128 0 0
128 0 0
128 0 0
128 0 0
128 0 0
127 0 0
127 0 0
127 0 0
127 0 0
127 0 0
