30 0 0
30 0 0
31 1 1
31 2 2
32 3 3
33 4 4
33 4 4
34 5 5
34 6 6
35 7 7
36 8 8
36 8 8
37 9 9
38 10 10
38 11 11
39 12 12
39 12 12
40 13 13
41 14 14
41 15 15
42 16 16
42 16 16
43 17 17
44 18 18
44 19 19
45 20 20
45 20 20
46 21 21
47 22 22
47 23 23
48 24 24
49 25 25
49 25 25
50 26 26
50 26 26
51 27 27
51 27 27
51 27 27
52 28 28
52 28 28
53 28 28
53 29 29
54 29 29
54 29 29
54 30 30
55 30 30
55 30 30
56 31 31
56 31 31
57 31 31
57 32 32
57 32 32
58 32 32
58 33 33
59 33 33
59 33 33
60 34 34
60 34 34
60 34 34
61 35 35
61 35 35
62 35 35
62 36 36
63 36 36
63 36 36
63 37 37
64 37 37
64 37 37
64 37 37
65 38 38
65 38 38
66 38 38
66 38 38
66 39 39
67 39 39
67 39 39
67 39 39
68 40 40
68 40 40
68 40 40
69 40 40
69 41 41
69 41 41
70 41 41
70 41 41
70 42 42
71 42 42
71 42 42
72 43 43
72 43 43
72 43 43
73 43 43
73 44 44
73 44 44
74 44 44
74 44 44
74 45 45
75 45 45
75 45 45
75 45 45
76 45 45
76 46 46
76 46 46
77 46 46
77 46 46
77 47 47
77 47 47
78 47 47
78 47 47
78 47 47
79 48 48
79 48 48
79 48 48
80 48 48
80 49 49
80 49 49
80 49 49
81 49 49
81 49 49
81 50 50
82 50 50
82 50 50
82 50 50
83 50 50
83 51 51
83 51 51
84 51 51
84 51 51
84 52 52
84 52 52
85 52 52
85 52 52
85 52 52
86 53 53
86 53 53
86 53 53
86 53 53
87 53 53
87 53 53
87 54 54
87 54 54
88 54 54
88 54 54
88 54 54
89 55 55
89 55 55
89 55 55
89 55 55
90 55 55
90 56 56
90 56 56
90 56 56
91 56 56
91 56 56
91 57 57
92 57 57
92 57 57
92 57 57
92 57 57
93 57 57
93 58 58
93 58 58
93 58 58
94 58 58
94 58 58
94 59 59
95 59 59
95 59 59
95 59 59
95 59 59
96 59 59
96 60 60
96 60 60
96 60 60
97 60 60
97 60 60
97 60 60
97 61 61
97 61 61
98 61 61
98 61 61
98 61 61
98 62 62
99 62 62
99 62 62
99 62 62
99 62 62
100 62 62
100 63 63
100 63 63
100 63 63
101 63 63
101 63 63
101 63 63
101 64 64
102 64 64
102 64 64
102 64 64
102 64 64
103 64 64
103 65 65
103 65 65
103 65 65
104 65 65
104 65 65
104 65 65
104 66 66
105 66 66
105 66 66
105 66 66
105 66 66
105 66 66
106 66 66
106 67 67
106 67 67
106 67 67
107 67 67
107 67 67
107 67 67
107 68 68
108 68 68
108 68 68
108 68 68
108 68 68
108 68 68
109 69 69
109 69 69
109 69 69
109 69 69
110 69 69
110 69 69
110 69 69
110 70 70
110 70 70
111 70 70
111 70 70
111 70 70
111 70 70
112 70 70
112 71 71
112 71 71
112 71 71
112 71 71
113 71 71
113 71 71
113 71 71
113 72 72
113 72 72
114 72 72
114 72 72
114 72 72
114 72 72
115 73 73
115 73 73
115 73 73
115 73 73
115 73 73
116 73 73
116 73 73
116 74 74
116 74 74
116 74 74
117 74 74
117 74 74
117 74 74
117 74 74
117 75 75
118 75 75
118 75 75
118 75 75
118 75 75
119 75 75
119 75 75
119 76 76
119 76 76
119 76 76
120 76 76
120 76 76
120 76 76
120 76 76
120 76 76
121 77 77
121 77 77
121 77 77
121 77 77
121 77 77
122 77 77
122 77 77
122 78 78
122 78 78
122 78 78
123 78 78
123 78 78
123 78 78
123 78 78
123 79 79
124 79 79
124 79 79
124 79 79
124 79 79
124 79 79
125 79 79
125 79 79
125 80 80
125 80 80
125 80 80
126 80 80
126 80 80
126 80 80
126 80 80
126 80 80
126 81 81
127 81 81
127 81 81
127 81 81
127 81 81
127 81 81
128 81 81
128 82 82
128 82 82
128 82 82
128 82 82
129 82 82
129 82 82
129 82 82
129 82 82
129 83 83
130 83 83
130 83 83
130 83 83
130 83 83
130 83 83
130 83 83
131 83 83
131 84 84
131 84 84
131 84 84
131 84 84
132 84 84
132 84 84
132 84 84
132 84 84
132 85 85
133 85 85
133 85 85
133 85 85
133 85 85
133 85 85
133 85 85
134 85 85
134 86 86
134 86 86
134 86 86
134 86 86
135 86 86
135 86 86
135 86 86
135 86 86
135 87 87
135 87 87
136 87 87
136 87 87
136 87 87
136 87 87
136 87 87
137 87 87
137 88 88
137 88 88
137 88 88
137 88 88
137 88 88
138 88 88
138 88 88
138 88 88
138 88 88
138 89 89
138 89 89
139 89 89
139 89 89
139 89 89
139 89 89
139 89 89
140 89 89
140 90 90
140 90 90
140 90 90
140 90 90
140 90 90
141 90 90
141 90 90
141 90 90
141 90 90
141 91 91
141 91 91
142 91 91
142 91 91
142 91 91
142 91 91
142 91 91
142 91 91
143 92 92
143 92 92
143 92 92
143 92 92
143 92 92
143 92 92
144 92 92
144 92 92
144 92 92
144 93 93
144 93 93
144 93 93
145 93 93
145 93 93
145 93 93
145 93 93
145 93 93
146 93 93
146 94 94
146 94 94
146 94 94
146 94 94
146 94 94
147 94 94
147 94 94
147 94 94
147 94 94
147 95 95
147 95 95
148 95 95
148 95 95
148 95 95
148 95 95
148 95 95
148 95 95
148 95 95
149 96 96
149 96 96
149 96 96
149 96 96
149 96 96
149 96 96
150 96 96
150 96 96
150 96 96
150 97 97
150 97 97
150 97 97
151 97 97
151 97 97
151 97 97
151 97 97
151 97 97
151 97 97
152 98 98
152 98 98
152 98 98
152 98 98
152 98 98
152 98 98
153 98 98
153 98 98
153 98 98
153 99 99
153 99 99
153 99 99
154 99 99
154 99 99
154 99 99
154 99 99
154 99 99
154 99 99
154 99 99
155 100 100
155 100 100
155 100 100
155 100 100
155 100 100
155 100 100
156 100 100
156 100 100
156 100 100
156 101 101
156 101 101
156 101 101
157 101 101
157 101 101
157 101 101
157 101 101
157 101 101
157 101 101
157 101 101
158 102 102
158 102 102
158 102 102
158 102 102
158 102 102
158 102 102
159 102 102
159 102 102
159 102 102
159 102 102
159 103 103
159 103 103
159 103 103
160 103 103
160 103 103
160 103 103
160 103 103
160 103 103
160 103 103
161 104 104
161 104 104
161 104 104
161 104 104
161 104 104
161 104 104
161 104 104
162 104 104
162 104 104
162 104 104
162 105 105
162 105 105
162 105 105
162 105 105
163 105 105
163 105 105
163 105 105
163 105 105
163 105 105
163 105 105
164 106 106
164 106 106
164 106 106
164 106 106
164 106 106
164 106 106
164 106 106
165 106 106
165 106 106
165 106 106
165 107 107
165 107 107
165 107 107
165 107 107
166 107 107
166 107 107
166 107 107
166 107 107
166 107 107
166 107 107
166 108 108
167 108 108
167 108 108
167 108 108
167 108 108
167 108 108
167 108 108
168 108 108
168 108 108
168 108 108
168 108 108
168 109 109
168 109 109
168 109 109
169 109 109
169 109 109
169 109 109
169 109 109
169 109 109
169 109 109
169 109 109
170 110 110
170 110 110
170 110 110
170 110 110
170 110 110
170 110 110
170 110 110
171 110 110
171 110 110
171 110 110
171 111 111
171 111 111
171 111 111
171 111 111
172 111 111
172 111 111
172 111 111
172 111 111
172 111 111
172 111 111
172 111 111
173 112 112
173 112 112
173 112 112
173 112 112
173 112 112
173 112 112
173 112 112
174 112 112
174 112 112
174 112 112
174 112 112
174 113 113
174 113 113
174 113 113
174 113 113
175 113 113
175 113 113
175 113 113
175 113 113
175 113 113
175 113 113
175 114 114
176 114 114
176 114 114
176 114 114
176 114 114
176 114 114
176 114 114
176 114 114
177 114 114
177 114 114
177 114 114
177 115 115
177 115 115
177 115 115
177 115 115
178 115 115
178 115 115
178 115 115
178 115 115
178 115 115
178 115 115
178 115 115
179 116 116
179 116 116
179 116 116
179 116 116
179 116 116
179 116 116
179 116 116
179 116 116
180 116 116
180 116 116
180 116 116
180 117 117
180 117 117
180 117 117
180 117 117
181 117 117
181 117 117
181 117 117
181 117 117
181 117 117
181 117 117
181 117 117
181 118 118
182 118 118
182 118 118
182 118 118
182 118 118
182 118 118
182 118 118
182 118 118
183 118 118
183 118 118
183 118 118
183 119 119
183 119 119
183 119 119
183 119 119
184 119 119
184 119 119
184 119 119
184 119 119
184 119 119
184 119 119
184 119 119
184 120 120
185 120 120
185 120 120
185 120 120
185 120 120
185 120 120
185 120 120
185 120 120
185 120 120
186 120 120
186 120 120
186 120 120
186 121 121
186 121 121
186 121 121
186 121 121
187 121 121
187 121 121
187 121 121
187 121 121
187 121 121
187 121 121
187 121 121
187 122 122
188 122 122
188 122 122
188 122 122
188 122 122
188 122 122
188 122 122
188 122 122
188 122 122
189 122 122
189 122 122
189 122 122
189 123 123
189 123 123
189 123 123
189 123 123
190 123 123
190 123 123
190 123 123
190 123 123
190 123 123
190 123 123
190 123 123
190 123 123
191 124 124
191 124 124
191 124 124
191 124 124
191 124 124
191 124 124
191 124 124
191 124 124
192 124 124
192 124 124
192 124 124
192 125 125
192 125 125
192 125 125
192 125 125
192 125 125
193 125 125
193 125 125
193 125 125
193 125 125
193 125 125
193 125 125
193 126 125
193 126 126
193 126 126
193 126 126
193 126 126
194 127 126
194 127 126
194 127 126
194 127 126
194 127 126
194 128 126
194 128 126
194 128 126
194 128 127
194 128 127
194 128 127
194 129 127
194 129 127
194 129 127
194 129 127
194 129 127
194 130 127
194 130 127
194 130 127
195 130 127
195 130 128
195 131 128
195 131 128
195 131 128
195 131 128
195 131 128
195 132 128
195 132 128
195 132 128
195 132 128
195 132 128
195 132 128
195 133 129
195 133 129
195 133 129
195 133 129
195 133 129
196 134 129
196 134 129
196 134 129
196 134 129
196 134 129
196 134 129
196 135 129
196 135 129
196 135 130
196 135 130
196 135 130
196 136 130
196 136 130
196 136 130
196 136 130
196 136 130
196 136 130
196 137 130
196 137 130
197 137 130
197 137 131
197 137 131
197 137 131
197 138 131
197 138 131
197 138 131
197 138 131
197 138 131
197 139 131
197 139 131
197 139 131
197 139 131
197 139 132
197 139 132
197 140 132
197 140 132
197 140 132
198 140 132
198 140 132
198 140 132
198 141 132
198 141 132
198 141 132
198 141 132
198 141 132
198 141 133
198 142 133
198 142 133
198 142 133
198 142 133
198 142 133
198 143 133
198 143 133
198 143 133
198 143 133
198 143 133
199 143 133
199 144 134
199 144 134
199 144 134
199 144 134
199 144 134
199 144 134
199 145 134
199 145 134
199 145 134
199 145 134
199 145 134
199 145 134
199 146 134
199 146 135
199 146 135
199 146 135
199 146 135
199 146 135
200 147 135
200 147 135
200 147 135
200 147 135
200 147 135
200 147 135
200 148 135
200 148 135
200 148 136
200 148 136
200 148 136
200 148 136
200 149 136
200 149 136
200 149 136
200 149 136
200 149 136
200 149 136
200 150 136
201 150 136
201 150 136
201 150 137
201 150 137
201 150 137
201 151 137
201 151 137
201 151 137
201 151 137
201 151 137
201 151 137
201 151 137
201 152 137
201 152 137
201 152 137
201 152 138
201 152 138
201 152 138
201 153 138
202 153 138
202 153 138
202 153 138
202 153 138
202 153 138
202 154 138
202 154 138
202 154 138
202 154 138
202 154 139
202 154 139
202 155 139
202 155 139
202 155 139
202 155 139
202 155 139
202 155 139
202 155 139
202 156 139
203 156 139
203 156 139
203 156 139
203 156 140
203 156 140
203 157 140
203 157 140
203 157 140
203 157 140
203 157 140
203 157 140
203 157 140
203 158 140
203 158 140
203 158 140
203 158 140
203 158 141
203 158 141
203 159 141
204 159 141
204 159 141
204 159 141
204 159 141
204 159 141
204 160 141
204 160 141
204 160 141
204 160 141
204 160 141
204 160 141
204 160 142
204 161 142
204 161 142
204 161 142
204 161 142
204 161 142
204 161 142
204 161 142
205 162 142
205 162 142
205 162 142
205 162 142
205 162 142
205 162 143
205 163 143
205 163 143
205 163 143
205 163 143
205 163 143
205 163 143
205 163 143
205 164 143
205 164 143
205 164 143
205 164 143
205 164 143
205 164 143
205 164 144
206 165 144
206 165 144
206 165 144
206 165 144
206 165 144
206 165 144
206 166 144
206 166 144
206 166 144
206 166 144
206 166 144
206 166 144
206 166 145
206 167 145
206 167 145
206 167 145
206 167 145
206 167 145
206 167 145
207 167 145
207 168 145
207 168 145
207 168 145
207 168 145
207 168 145
207 168 145
207 168 146
207 169 146
207 169 146
207 169 146
207 169 146
207 169 146
207 169 146
207 169 146
207 170 146
207 170 146
207 170 146
207 170 146
207 170 146
208 170 146
208 170 147
208 171 147
208 171 147
208 171 147
208 171 147
208 171 147
208 171 147
208 171 147
208 172 147
208 172 147
208 172 147
208 172 147
208 172 147
208 172 147
208 172 148
208 173 148
208 173 148
208 173 148
208 173 148
209 173 148
209 173 148
209 173 148
209 174 148
209 174 148
209 174 148
209 174 148
209 174 148
209 174 148
209 174 149
209 175 149
209 175 149
209 175 149
209 175 149
209 175 149
209 175 149
209 175 149
209 176 149
209 176 149
210 176 149
210 176 149
210 176 149
210 176 149
210 176 150
210 177 150
210 177 150
210 177 150
210 177 150
210 177 150
210 177 150
210 177 150
210 177 150
210 178 150
210 178 150
210 178 150
210 178 150
210 178 150
210 178 151
210 178 151
211 179 151
211 179 151
211 179 151
211 179 151
211 179 151
211 179 151
211 179 151
211 180 151
211 180 151
211 180 151
211 180 151
211 180 151
211 180 151
211 180 152
211 180 152
211 181 152
211 181 152
211 181 152
211 181 152
211 181 152
212 181 152
212 181 152
212 182 152
212 182 152
212 182 152
212 182 152
212 182 152
212 182 153
212 182 153
212 182 153
212 183 153
212 183 153
212 183 153
212 183 153
212 183 153
212 183 153
212 183 153
212 184 153
212 184 153
212 184 153
213 184 153
213 184 154
213 184 154
213 184 154
213 184 154
213 185 154
213 185 154
213 185 154
213 185 154
213 185 154
213 185 154
213 185 154
213 186 154
213 186 154
213 186 154
213 186 154
213 186 155
213 186 155
213 186 155
213 186 155
213 187 155
214 187 155
214 187 155
214 187 155
214 187 155
214 187 155
214 187 155
214 188 155
214 188 155
214 188 155
214 188 155
214 188 156
214 188 156
214 188 156
214 188 156
214 189 156
214 189 156
214 189 156
214 189 156
214 189 156
214 189 156
215 189 156
215 189 156
215 190 156
215 190 156
215 190 157
215 190 157
215 190 157
215 190 157
215 190 157
215 190 157
215 191 157
215 191 157
215 191 157
215 191 157
215 191 157
215 191 157
215 191 157
215 192 157
215 192 157
215 192 158
216 192 158
216 192 158
216 192 158
216 192 158
216 192 158
216 193 158
216 193 158
216 193 158
216 193 158
216 193 158
216 193 158
216 193 158
216 193 158
216 194 158
216 194 159
216 194 159
216 194 159
216 194 159
216 194 159
216 194 159
216 194 159
217 195 159
217 195 159
217 195 159
217 195 159
217 195 159
217 195 159
217 195 159
217 195 159
217 196 160
217 196 160
217 196 160
217 196 160
217 196 160
217 196 160
217 196 160
217 196 160
217 197 160
217 197 160
217 197 160
217 197 160
218 197 160
218 197 160
218 197 160
218 197 160
218 198 161
218 198 161
218 198 161
218 198 161
218 198 161
218 198 161
218 198 161
218 198 161
218 199 161
218 199 161
218 199 161
218 199 161
218 199 161
218 199 161
218 199 161
218 199 162
218 200 162
219 200 162
219 200 162
219 200 162
219 200 162
219 200 162
219 200 162
219 200 162
219 200 162
219 201 162
219 201 162
219 201 162
219 201 162
219 201 162
219 201 163
219 201 163
219 201 163
219 202 163
219 202 163
219 202 163
219 202 163
220 202 163
220 202 163
220 202 163
220 202 163
220 203 163
220 203 163
220 203 163
220 203 163
220 203 163
220 203 164
220 203 164
220 203 164
220 204 164
220 204 164
220 204 164
220 204 164
220 204 164
220 204 164
220 204 164
220 204 164
220 204 164
221 205 164
221 205 164
221 205 164
221 205 165
221 205 165
221 205 165
221 205 165
221 205 165
221 206 165
221 206 165
221 206 165
221 206 165
221 206 165
221 206 165
221 206 165
221 206 165
221 206 165
221 207 165
221 207 165
221 207 166
221 207 166
222 207 166
222 207 166
222 207 166
222 207 166
222 208 166
222 208 166
222 208 166
222 208 166
222 208 166
222 208 166
222 208 166
222 208 166
222 208 166
222 209 167
222 209 167
222 209 167
222 209 167
222 209 167
222 209 167
222 209 167
222 209 167
223 210 167
223 210 167
223 210 167
223 210 167
223 210 167
223 210 167
223 210 167
223 210 167
223 210 168
223 211 168
223 211 168
223 211 168
223 211 168
223 211 168
223 211 168
223 211 168
223 211 168
223 212 168
223 212 168
223 212 168
223 212 168
224 212 168
224 212 168
224 212 168
224 212 169
224 212 169
224 213 169
224 213 169
224 213 169
224 213 169
224 213 169
224 213 169
224 213 169
224 213 169
224 213 169
224 214 169
224 214 169
224 214 169
224 214 169
224 214 169
224 214 170
224 214 170
224 214 170
225 214 170
225 215 170
225 215 170
225 215 170
225 215 170
225 215 170
225 215 170
225 215 170
225 215 170
225 216 170
225 216 170
225 216 170
225 216 170
225 216 171
225 216 171
225 216 171
225 216 171
225 216 171
225 217 171
225 217 171
225 217 171
226 217 171
226 217 171
226 217 171
226 217 171
226 217 171
226 217 171
226 218 171
226 218 171
226 218 172
226 218 172
226 218 172
226 218 172
226 218 172
226 218 172
226 218 172
226 219 172
226 219 172
226 219 172
226 219 172
226 219 172
226 219 172
227 219 172
227 219 172
227 219 172
227 220 172
227 220 173
227 220 173
227 220 173
227 220 173
227 220 173
227 220 173
227 220 173
227 220 173
227 221 173
227 221 173
227 221 173
227 221 173
227 221 173
227 221 173
227 221 173
227 221 173
227 221 174
227 222 174
228 222 174
228 222 174
228 222 174
228 222 174
228 222 174
228 222 174
228 222 174
228 222 174
228 223 174
228 223 174
228 223 174
228 223 174
228 223 174
228 223 174
228 223 174
228 223 175
228 223 175
228 224 175
228 224 175
228 224 175
228 224 175
229 224 175
229 224 175
229 224 175
229 224 175
229 224 175
229 225 175
229 225 175
229 225 175
229 225 175
229 225 175
229 225 176
229 225 176
229 225 176
229 225 176
229 225 176
229 226 176
229 226 176
229 226 176
229 226 176
229 226 176
229 226 176
229 226 176
230 226 176
230 226 176
230 227 176
230 227 176
230 227 176
230 227 177
230 227 177
230 227 177
230 227 177
230 227 177
230 227 177
230 228 177
230 228 177
230 228 177
230 228 177
230 228 177
230 228 177
230 228 177
230 228 177
230 228 177
230 229 177
230 229 177
231 229 178
231 229 178
231 229 178
231 229 178
231 229 178
231 229 178
231 229 178
231 229 178
231 230 178
231 230 178
231 230 178
231 230 178
231 230 178
231 230 178
231 230 178
231 230 178
231 230 178
231 231 179
231 231 179
231 231 179
231 231 179
231 231 179
232 231 179
232 231 179
232 231 179
232 231 179
232 231 179
232 232 179
232 232 179
232 232 179
232 232 179
232 232 179
232 232 180
232 232 180
232 232 180
232 232 180
232 232 180
232 232 181
232 232 181
232 232 181
232 232 181
232 232 181
232 232 181
232 232 182
233 233 182
233 233 182
233 233 182
233 233 182
233 233 182
233 233 183
233 233 183
233 233 183
233 233 183
233 233 183
233 233 183
233 233 184
233 233 184
233 233 184
233 233 184
233 233 184
233 233 184
233 233 185
233 233 185
233 233 185
233 233 185
233 233 185
234 234 185
234 234 186
234 234 186
234 234 186
234 234 186
234 234 186
234 234 186
234 234 187
234 234 187
234 234 187
234 234 187
234 234 187
234 234 187
234 234 188
234 234 188
234 234 188
234 234 188
234 234 188
234 234 188
234 234 189
234 234 189
234 234 189
235 235 189
235 235 189
235 235 190
235 235 190
235 235 190
235 235 190
235 235 190
235 235 190
235 235 191
235 235 191
235 235 191
235 235 191
235 235 191
235 235 191
235 235 191
235 235 192
235 235 192
235 235 192
235 235 192
235 235 192
235 235 192
235 235 193
236 236 193
236 236 193
236 236 193
236 236 193
236 236 193
236 236 194
236 236 194
236 236 194
236 236 194
236 236 194
236 236 194
236 236 195
236 236 195
236 236 195
236 236 195
236 236 195
236 236 195
236 236 196
236 236 196
236 236 196
236 236 196
236 236 196
237 237 196
237 237 196
237 237 197
237 237 197
237 237 197
237 237 197
237 237 197
237 237 197
237 237 198
237 237 198
237 237 198
237 237 198
237 237 198
237 237 198
237 237 199
237 237 199
237 237 199
237 237 199
237 237 199
237 237 199
237 237 199
237 237 200
237 237 200
238 238 200
238 238 200
238 238 200
238 238 200
238 238 201
238 238 201
238 238 201
238 238 201
238 238 201
238 238 201
238 238 202
238 238 202
238 238 202
238 238 202
238 238 202
238 238 202
238 238 202
238 238 203
238 238 203
238 238 203
238 238 203
238 238 203
239 239 203
239 239 204
239 239 204
239 239 204
239 239 204
239 239 204
239 239 204
239 239 204
239 239 205
239 239 205
239 239 205
239 239 205
239 239 205
239 239 205
239 239 206
239 239 206
239 239 206
239 239 206
239 239 206
239 239 206
239 239 206
239 239 207
239 239 207
240 240 207
240 240 207
240 240 207
240 240 207
240 240 208
240 240 208
240 240 208
240 240 208
240 240 208
240 240 208
240 240 208
240 240 209
240 240 209
240 240 209
240 240 209
240 240 209
240 240 209
240 240 209
240 240 210
240 240 210
240 240 210
240 240 210
240 240 210
241 241 210
241 241 211
241 241 211
241 241 211
241 241 211
241 241 211
241 241 211
241 241 211
241 241 212
241 241 212
241 241 212
241 241 212
241 241 212
241 241 212
241 241 212
241 241 213
241 241 213
241 241 213
241 241 213
241 241 213
241 241 213
241 241 213
242 242 214
242 242 214
242 242 214
242 242 214
242 242 214
242 242 214
242 242 214
242 242 215
242 242 215
242 242 215
242 242 215
242 242 215
242 242 215
242 242 216
242 242 216
242 242 216
242 242 216
242 242 216
242 242 216
242 242 216
242 242 217
242 242 217
242 242 217
243 243 217
243 243 217
243 243 217
243 243 217
243 243 218
243 243 218
243 243 218
243 243 218
243 243 218
243 243 218
243 243 218
243 243 219
243 243 219
243 243 219
243 243 219
243 243 219
243 243 219
243 243 219
243 243 220
243 243 220
243 243 220
243 243 220
243 243 220
244 244 220
244 244 220
244 244 221
244 244 221
244 244 221
244 244 221
244 244 221
244 244 221
244 244 221
244 244 222
244 244 222
244 244 222
244 244 222
244 244 222
244 244 222
244 244 222
244 244 223
244 244 223
244 244 223
244 244 223
244 244 223
244 244 223
244 244 223
245 245 224
245 245 224
245 245 224
245 245 224
245 245 224
245 245 224
245 245 224
245 245 225
245 245 225
245 245 225
245 245 225
245 245 225
245 245 225
245 245 225
245 245 225
245 245 226
245 245 226
245 245 226
245 245 226
245 245 226
245 245 226
245 245 226
245 245 227
245 245 227
246 246 227
246 246 227
246 246 227
246 246 227
246 246 227
246 246 228
246 246 228
246 246 228
246 246 228
246 246 228
246 246 228
246 246 228
246 246 229
246 246 229
246 246 229
246 246 229
246 246 229
246 246 229
246 246 229
246 246 229
246 246 230
246 246 230
246 246 230
247 247 230
247 247 230
247 247 230
247 247 230
247 247 231
247 247 231
247 247 231
247 247 231
247 247 231
247 247 231
247 247 231
247 247 232
247 247 232
247 247 232
247 247 232
247 247 232
247 247 232
247 247 232
247 247 232
247 247 233
247 247 233
247 247 233
247 247 233
248 248 233
248 248 233
248 248 233
248 248 234
248 248 234
248 248 234
248 248 234
248 248 234
248 248 234
248 248 234
248 248 234
248 248 235
248 248 235
248 248 235
248 248 235
248 248 235
248 248 235
248 248 235
248 248 236
248 248 236
248 248 236
248 248 236
248 248 236
248 248 236
249 249 236
249 249 236
249 249 237
249 249 237
249 249 237
249 249 237
249 249 237
249 249 237
249 249 237
249 249 238
249 249 238
249 249 238
249 249 238
249 249 238
249 249 238
249 249 238
249 249 238
249 249 239
249 249 239
249 249 239
249 249 239
249 249 239
249 249 239
250 250 239
250 250 240
250 250 240
250 250 240
250 250 240
250 250 240
250 250 240
250 250 240
250 250 240
250 250 241
250 250 241
250 250 241
250 250 241
250 250 241
250 250 241
250 250 241
250 250 241
250 250 242
250 250 242
250 250 242
250 250 242
250 250 242
250 250 242
250 250 242
251 251 243
251 251 243
251 251 243
251 251 243
251 251 243
251 251 243
251 251 243
251 251 243
251 251 244
251 251 244
251 251 244
251 251 244
251 251 244
251 251 244
251 251 244
251 251 244
251 251 245
251 251 245
251 251 245
251 251 245
251 251 245
251 251 245
251 251 245
251 251 245
252 252 246
252 252 246
252 252 246
252 252 246
252 252 246
252 252 246
252 252 246
252 252 246
252 252 247
252 252 247
252 252 247
252 252 247
252 252 247
252 252 247
252 252 247
252 252 247
252 252 248
252 252 248
252 252 248
252 252 248
252 252 248
252 252 248
252 252 248
252 252 249
253 253 249
253 253 249
253 253 249
253 253 249
253 253 249
253 253 249
253 253 249
253 253 250
253 253 250
253 253 250
253 253 250
253 253 250
253 253 250
253 253 250
253 253 250
253 253 251
253 253 251
253 253 251
253 253 251
253 253 251
253 253 251
253 253 251
253 253 251
254 254 252
254 254 252
254 254 252
254 254 252
254 254 252
254 254 252
254 254 252
254 254 252
254 254 253
254 254 253
254 254 253
254 254 253
254 254 253
254 254 253
254 254 253
254 254 253
254 254 254
254 254 254
254 254 254
254 254 254
254 254 254
254 254 254
254 254 254
254 254 254
255 255 255
