142 1 82
142 1 82
142 1 82
142 1 82
143 1 82
143 1 83
143 1 83
143 1 83
144 2 83
144 2 83
144 2 84
144 2 84
145 2 84
145 2 84
145 2 84
146 2 85
146 3 85
146 3 85
146 3 85
147 3 85
147 3 86
147 3 86
147 3 86
148 3 86
148 4 87
148 4 87
148 4 87
149 4 87
149 4 87
149 4 88
150 4 88
150 4 88
150 5 88
150 5 88
151 5 89
151 5 89
151 5 89
151 5 89
152 5 89
152 5 90
152 6 90
153 6 90
153 6 90
153 6 91
153 6 91
154 6 91
154 6 91
154 6 91
154 7 92
155 7 92
155 7 92
155 7 92
155 7 92
156 7 93
156 7 93
156 7 93
157 8 93
157 8 93
157 8 94
157 8 94
158 8 94
158 8 94
158 8 95
158 9 95
159 9 95
159 9 95
159 9 95
160 9 96
160 9 96
160 9 96
160 9 96
161 10 96
161 10 97
161 10 97
161 10 97
162 10 97
162 10 97
162 10 98
162 10 98
163 11 98
163 11 98
163 11 99
164 11 99
164 11 99
164 11 99
164 11 99
165 11 100
165 12 100
165 12 100
165 12 100
166 12 100
166 12 101
166 12 101
166 12 101
167 12 101
167 13 101
167 13 102
168 13 102
168 13 102
168 13 102
168 13 103
169 13 103
169 13 103
169 14 103
169 14 103
170 14 104
170 14 104
170 14 104
171 14 104
171 14 104
171 14 105
171 15 105
172 15 105
172 15 105
172 15 105
172 15 106
173 15 106
173 15 106
173 15 106
173 16 106
174 16 107
174 16 107
174 16 107
175 16 107
175 16 108
175 16 108
175 17 108
176 17 108
176 17 108
176 17 109
176 17 109
177 17 109
177 17 109
177 17 109
178 18 110
178 18 110
178 18 110
178 18 110
179 18 110
179 18 111
179 18 111
179 18 111
180 19 111
180 19 112
180 19 112
180 19 112
181 19 112
181 19 112
181 19 113
182 19 113
182 20 113
182 20 113
182 20 113
183 20 114
183 20 114
183 20 114
183 20 114
184 20 114
184 21 115
184 21 115
184 21 115
185 21 115
185 21 116
185 21 116
186 21 116
186 21 116
186 22 116
186 22 117
187 22 117
187 22 117
187 22 117
187 22 117
188 22 118
188 22 118
188 23 118
189 23 118
189 23 118
189 23 119
189 23 119
190 23 119
190 23 119
190 23 120
190 24 120
191 24 120
191 24 120
191 24 120
191 24 121
192 24 121
192 24 121
192 25 121
193 25 121
193 25 122
193 25 122
193 25 122
194 25 122
194 25 122
194 25 123
194 26 123
195 26 123
195 26 123
195 26 124
196 26 124
196 26 124
196 26 124
196 26 124
197 27 125
197 27 125
197 28 125
197 28 125
197 28 126
197 29 126
197 29 126
197 30 126
198 30 126
198 31 127
198 31 127
198 32 127
198 32 127
198 32 128
198 33 128
198 33 128
198 34 128
199 34 129
199 35 129
199 35 129
199 36 129
199 36 130
199 37 130
199 37 130
199 37 130
200 38 131
200 38 131
200 39 131
200 39 131
200 40 132
200 40 132
200 41 132
200 41 132
201 41 132
201 42 133
201 42 133
201 43 133
201 43 133
201 44 134
201 44 134
201 45 134
202 45 134
202 46 135
202 46 135
202 46 135
202 47 135
202 47 136
202 48 136
202 48 136
203 49 136
203 49 137
203 50 137
203 50 137
203 50 137
203 51 137
203 51 138
203 52 138
203 52 138
204 53 138
204 53 139
204 54 139
204 54 139
204 54 139
204 55 140
204 55 140
204 56 140
205 56 140
205 57 141
205 57 141
205 58 141
205 58 141
205 59 142
205 59 142
205 59 142
206 60 142
206 60 143
206 61 143
206 61 143
206 62 143
206 62 143
206 63 144
206 63 144
207 63 144
207 64 144
207 64 145
207 65 145
207 65 145
207 66 145
207 66 146
207 67 146
208 67 146
208 68 146
208 68 147
208 68 147
208 69 147
208 69 147
208 70 148
208 70 148
209 71 148
209 71 148
209 72 149
209 72 149
209 72 149
209 73 149
209 73 149
209 74 150
209 74 150
210 75 150
210 75 150
210 76 151
210 76 151
210 77 151
210 77 151
210 77 152
210 78 152
211 78 152
211 79 152
211 79 153
211 80 153
211 80 153
211 81 153
211 81 154
211 81 154
212 82 154
212 82 154
212 83 154
212 83 155
212 84 155
212 84 155
212 85 155
212 85 156
213 86 156
213 86 156
213 86 156
213 87 157
213 87 157
213 88 157
213 88 157
213 89 158
214 89 158
214 90 158
214 90 158
214 90 159
214 91 159
214 91 159
214 92 159
214 92 160
214 93 160
215 93 160
215 94 160
215 94 160
215 94 161
215 95 161
215 95 161
215 96 161
215 96 162
216 97 162
216 97 162
216 98 162
216 98 163
216 99 163
216 99 163
216 99 163
216 100 164
217 100 164
217 101 164
217 101 164
217 102 165
217 102 165
217 103 165
217 103 165
217 103 166
218 104 166
218 104 166
218 105 166
218 105 166
218 106 167
218 106 167
218 107 167
218 107 167
219 108 168
219 108 168
219 108 168
219 109 168
219 109 169
219 110 169
219 110 169
219 111 169
219 111 170
220 112 170
220 112 170
220 112 170
220 113 171
220 113 171
220 114 171
220 114 171
220 115 171
221 115 172
221 116 172
221 116 172
221 117 172
221 117 173
221 117 173
221 118 173
221 118 173
222 119 174
222 119 174
222 119 174
222 120 174
222 120 174
222 120 175
222 121 175
222 121 175
222 121 175
222 121 176
222 122 176
223 122 176
223 122 176
223 123 176
223 123 177
223 123 177
223 124 177
223 124 177
223 124 177
223 125 178
223 125 178
224 125 178
224 125 178
224 126 179
224 126 179
224 126 179
224 127 179
224 127 179
224 127 180
224 128 180
224 128 180
224 128 180
225 129 181
225 129 181
225 129 181
225 129 181
225 130 181
225 130 182
225 130 182
225 131 182
225 131 182
225 131 182
225 132 183
226 132 183
226 132 183
226 133 183
226 133 184
226 133 184
226 133 184
226 134 184
226 134 184
226 134 185
226 135 185
226 135 185
227 135 185
227 136 185
227 136 186
227 136 186
227 137 186
227 137 186
227 137 187
227 137 187
227 138 187
227 138 187
227 138 187
228 139 188
228 139 188
228 139 188
228 140 188
228 140 188
228 140 189
228 141 189
228 141 189
228 141 189
228 141 190
229 142 190
229 142 190
229 142 190
229 143 190
229 143 191
229 143 191
229 144 191
229 144 191
229 144 191
229 145 192
229 145 192
230 145 192
230 145 192
230 146 193
230 146 193
230 146 193
230 147 193
230 147 193
230 147 194
230 148 194
230 148 194
230 148 194
231 149 194
231 149 195
231 149 195
231 149 195
231 150 195
231 150 196
231 150 196
231 151 196
231 151 196
231 151 196
231 152 197
232 152 197
232 152 197
232 153 197
232 153 197
232 153 198
232 153 198
232 154 198
232 154 198
232 154 199
232 155 199
233 155 199
233 155 199
233 156 199
233 156 200
233 156 200
233 157 200
233 157 200
233 157 200
233 157 201
233 158 201
233 158 201
234 158 201
234 159 202
234 159 202
234 159 202
234 160 202
234 160 202
234 160 203
234 161 203
234 161 203
234 161 203
234 161 204
235 162 204
235 162 204
235 162 204
235 163 204
235 163 205
235 163 205
235 164 205
235 164 205
235 164 205
235 165 206
235 165 206
236 165 206
236 165 206
236 166 207
236 166 207
236 166 207
236 167 207
236 167 207
236 167 208
236 168 208
236 168 208
236 168 208
237 169 208
237 169 209
237 169 209
237 169 209
237 170 209
237 170 210
237 170 210
237 171 210
237 171 210
237 171 210
238 172 211
238 172 211
238 172 211
238 173 211
238 173 211
238 173 212
238 173 212
238 174 212
238 174 212
238 174 213
238 175 213
239 175 213
239 175 213
239 176 213
239 176 214
239 176 214
239 177 214
239 177 214
239 177 214
239 177 215
239 178 215
239 178 215
240 178 215
240 179 216
240 179 216
240 179 216
240 180 216
240 180 216
240 180 217
240 181 217
240 181 217
240 181 217
240 181 217
241 182 218
241 182 218
241 182 218
241 182 218
241 183 218
241 183 218
241 183 218
241 183 218
241 183 218
241 184 219
241 184 219
241 184 219
241 184 219
241 184 219
241 185 219
241 185 219
241 185 219
242 185 219
242 185 219
242 186 220
242 186 220
242 186 220
242 186 220
242 186 220
242 187 220
242 187 220
242 187 220
242 187 220
242 187 220
242 188 221
242 188 221
242 188 221
242 188 221
242 188 221
243 189 221
243 189 221
243 189 221
243 189 221
243 189 221
243 190 222
243 190 222
243 190 222
243 190 222
243 191 222
243 191 222
243 191 222
243 191 222
243 191 222
243 192 223
243 192 223
243 192 223
244 192 223
244 192 223
244 193 223
244 193 223
244 193 223
244 193 223
244 193 223
244 194 224
244 194 224
244 194 224
244 194 224
244 194 224
244 195 224
244 195 224
244 195 224
244 195 224
244 195 224
245 196 225
245 196 225
245 196 225
245 196 225
245 196 225
245 197 225
245 197 225
245 197 225
245 197 225
245 197 225
245 198 226
245 198 226
245 198 226
245 198 226
245 199 226
245 199 226
245 199 226
246 199 226
246 199 226
246 200 227
246 200 227
246 200 227
246 200 227
246 200 227
246 201 227
246 201 227
246 201 227
246 201 227
246 201 227
246 202 228
246 202 228
246 202 228
246 202 228
246 202 228
247 203 228
247 203 228
247 203 228
247 203 228
247 203 228
247 204 229
247 204 229
247 204 229
247 204 229
247 204 229
247 205 229
247 205 229
247 205 229
247 205 229
247 205 229
247 206 230
247 206 230
248 206 230
248 206 230
248 207 230
248 207 230
248 207 230
248 207 230
248 207 230
248 208 231
248 208 231
248 208 231
248 208 231
248 208 231
248 209 231
248 209 231
248 209 231
248 209 231
248 209 231
249 210 232
249 210 232
249 210 232
249 210 232
249 210 232
249 211 232
249 211 232
249 211 232
249 211 232
249 211 232
249 212 233
249 212 233
249 212 233
249 212 233
249 212 233
249 213 233
249 213 233
250 213 233
250 213 233
250 213 233
250 214 234
250 214 234
250 214 234
250 214 234
250 215 234
250 215 234
250 215 234
250 215 234
250 215 234
250 216 235
250 216 235
250 216 235
250 216 235
250 216 235
251 217 235
251 217 235
251 217 235
251 217 235
251 217 235
251 218 236
251 218 236
251 218 236
251 218 236
251 218 236
251 219 236
251 219 236
251 219 236
251 219 236
251 219 236
251 220 237
251 220 237
252 220 237
252 220 237
252 220 237
252 221 237
252 221 237
252 221 237
252 221 237
252 221 237
252 222 238
252 222 238
252 222 238
252 222 238
252 223 238
252 223 238
252 223 238
252 223 238
252 223 238
252 224 239
252 224 239
252 224 239
252 224 239
252 224 239
252 224 239
252 224 239
252 224 239
252 224 239
252 225 239
252 225 239
252 225 239
252 225 239
252 225 239
252 225 239
252 225 239
252 225 239
252 225 239
252 226 239
252 226 239
252 226 239
252 226 239
252 226 239
252 226 239
252 226 239
252 226 239
252 226 240
252 227 240
252 227 240
252 227 240
252 227 240
252 227 240
252 227 240
252 227 240
251 227 240
251 227 240
251 228 240
251 228 240
251 228 240
251 228 240
251 228 240
251 228 240
251 228 240
251 228 240
251 228 240
251 229 240
251 229 240
251 229 240
251 229 240
251 229 240
251 229 240
251 229 241
251 229 241
251 229 241
251 230 241
251 230 241
251 230 241
251 230 241
251 230 241
251 230 241
251 230 241
251 230 241
251 230 241
251 231 241
251 231 241
251 231 241
251 231 241
251 231 241
251 231 241
250 231 241
250 231 241
250 232 241
250 232 241
250 232 241
250 232 241
250 232 241
250 232 241
250 232 242
250 232 242
250 232 242
250 233 242
250 233 242
250 233 242
250 233 242
250 233 242
250 233 242
250 233 242
250 233 242
250 233 242
250 234 242
250 234 242
250 234 242
250 234 242
250 234 242
250 234 242
250 234 242
250 234 242
250 234 242
250 235 242
250 235 242
250 235 242
250 235 242
250 235 242
249 235 243
249 235 243
249 235 243
249 235 243
249 236 243
249 236 243
249 236 243
249 236 243
249 236 243
249 236 243
249 236 243
249 236 243
249 236 243
249 237 243
249 237 243
249 237 243
249 237 243
249 237 243
249 237 243
249 237 243
249 237 243
249 237 243
249 238 243
249 238 243
249 238 243
249 238 244
249 238 244
249 238 244
249 238 244
249 238 244
249 238 244
249 239 244
249 239 244
249 239 244
248 239 244
248 239 244
248 239 244
248 239 244
248 239 244
248 239 244
248 240 244
248 240 244
248 240 244
248 240 244
248 240 244
248 240 244
248 240 244
248 240 244
248 240 244
248 241 244
248 241 244
248 241 245
248 241 245
248 241 245
248 241 245
248 241 245
248 241 245
248 242 245
248 242 245
248 242 245
248 242 245
248 242 245
248 242 245
248 242 245
248 242 245
248 242 245
248 243 245
248 243 245
247 243 245
247 243 245
247 243 245
247 243 245
247 243 245
247 243 245
247 243 245
247 244 245
247 244 246
247 244 246
247 244 246
247 244 246
247 244 246
247 244 246
247 244 246
247 244 246
247 245 246
247 245 246
247 245 246
247 245 246
247 245 246
247 245 246
247 245 246
247 245 246
247 245 246
247 246 246
247 246 246
247 246 246
247 246 246
247 246 246
247 246 246
247 246 246
247 246 246
247 246 246
246 246 246
246 246 246
246 246 246
246 246 246
246 246 246
246 246 245
246 246 245
246 246 245
246 246 245
246 246 245
246 246 244
246 246 244
245 246 244
245 246 244
245 246 244
245 246 244
245 246 243
245 246 243
245 246 243
245 246 243
245 246 243
245 246 242
245 246 242
245 246 242
244 246 242
244 246 242
244 246 241
244 246 241
244 246 241
244 246 241
244 246 241
244 246 240
244 246 240
244 246 240
244 246 240
244 246 240
243 246 240
243 246 239
243 246 239
243 246 239
243 246 239
243 246 239
243 246 238
243 246 238
243 246 238
243 246 238
243 246 238
243 246 237
242 246 237
242 246 237
242 246 237
242 246 237
242 246 236
242 246 236
242 246 236
242 246 236
242 246 236
242 246 236
242 246 235
242 246 235
241 246 235
241 246 235
241 246 235
241 246 234
241 246 234
241 246 234
241 246 234
241 246 234
241 246 233
241 246 233
241 246 233
241 246 233
240 246 233
240 246 232
240 246 232
240 246 232
240 246 232
240 246 232
240 246 232
240 246 231
240 246 231
240 246 231
240 246 231
240 246 231
239 246 230
239 246 230
239 246 230
239 246 230
239 246 230
239 246 229
239 246 229
239 246 229
239 246 229
239 246 229
239 246 228
239 246 228
238 246 228
238 246 228
238 246 228
238 246 228
238 246 227
238 246 227
238 245 227
238 245 227
238 245 227
238 245 226
238 245 226
238 245 226
237 245 226
237 245 226
237 245 225
237 245 225
237 245 225
237 245 225
237 245 225
237 245 224
237 245 224
237 245 224
237 245 224
237 245 224
236 245 224
236 245 223
236 245 223
236 245 223
236 245 223
236 245 223
236 245 222
236 245 222
236 245 222
236 245 222
236 245 222
236 245 221
235 245 221
235 245 221
235 245 221
235 245 221
235 245 220
235 245 220
235 245 220
235 245 220
235 245 220
235 245 220
235 245 219
235 245 219
234 245 219
234 245 219
234 245 219
234 245 218
234 245 218
234 245 218
234 245 218
234 245 218
234 245 217
234 245 217
234 245 217
234 245 217
234 245 217
233 245 216
233 245 216
233 245 216
233 245 216
233 245 216
233 245 216
233 245 215
233 245 215
233 245 215
233 245 215
233 245 215
233 245 214
232 245 214
232 245 214
232 245 214
232 245 214
232 245 213
232 245 213
232 245 213
232 245 213
232 245 213
232 245 212
232 245 212
232 245 212
231 245 212
231 245 212
231 245 212
231 245 211
231 245 211
231 245 211
231 245 211
231 245 211
231 245 210
231 245 210
231 245 210
231 245 210
230 245 210
230 245 209
230 245 209
230 245 209
230 245 209
230 245 209
230 245 208
230 245 208
230 245 208
230 245 208
230 245 208
230 245 208
229 244 207
229 244 207
229 244 206
229 244 206
228 244 206
228 244 205
228 244 205
228 244 205
228 244 204
227 244 204
227 243 204
227 243 203
227 243 203
226 243 203
226 243 202
226 243 202
226 243 201
226 243 201
225 243 201
225 243 200
225 242 200
225 242 200
224 242 199
224 242 199
224 242 199
224 242 198
223 242 198
223 242 197
223 242 197
223 242 197
223 241 196
222 241 196
222 241 196
222 241 195
222 241 195
221 241 195
221 241 194
221 241 194
221 241 193
221 241 193
220 241 193
220 240 192
220 240 192
220 240 192
219 240 191
219 240 191
219 240 191
219 240 190
219 240 190
218 240 189
218 240 189
218 239 189
218 239 188
217 239 188
217 239 188
217 239 187
217 239 187
217 239 187
216 239 186
216 239 186
216 239 186
216 238 185
215 238 185
215 238 184
215 238 184
215 238 184
214 238 183
214 238 183
214 238 183
214 238 182
214 238 182
213 237 182
213 237 181
213 237 181
213 237 180
212 237 180
212 237 180
212 237 179
212 237 179
212 237 179
211 237 178
211 237 178
211 236 178
211 236 177
210 236 177
210 236 176
210 236 176
210 236 176
210 236 175
209 236 175
209 236 175
209 236 174
209 235 174
208 235 174
208 235 173
208 235 173
208 235 173
208 235 172
207 235 172
207 235 171
207 235 171
207 235 171
206 234 170
206 234 170
206 234 170
206 234 169
206 234 169
205 234 169
205 234 168
205 234 168
205 234 167
204 234 167
204 233 167
204 233 166
204 233 166
203 233 166
203 233 165
203 233 165
203 233 165
203 233 164
202 233 164
202 233 163
202 233 163
202 232 163
201 232 162
201 232 162
201 232 162
201 232 161
201 232 161
200 232 161
200 232 160
200 232 160
200 232 159
199 231 159
199 231 159
199 231 158
199 231 158
199 231 158
198 231 157
198 231 157
198 231 157
198 231 156
197 231 156
197 230 156
197 230 155
197 230 155
197 230 154
196 230 154
196 230 154
196 230 153
196 230 153
195 230 153
195 230 152
195 229 152
195 229 152
194 229 151
194 229 151
194 229 150
194 229 150
194 229 150
193 229 149
193 229 149
193 229 149
193 228 148
192 228 148
192 228 148
192 228 147
192 228 147
192 228 146
191 228 146
191 228 146
191 228 145
191 228 145
190 228 145
190 227 144
190 227 144
190 227 144
190 227 143
189 227 143
189 227 143
189 227 142
189 227 142
188 227 141
188 227 141
188 226 141
188 226 140
188 226 140
187 226 140
187 226 139
187 226 139
187 226 139
186 226 138
186 226 138
186 226 137
186 225 137
186 225 137
185 225 136
185 225 136
185 225 136
185 225 135
184 225 135
184 225 135
184 225 134
184 225 134
183 224 133
183 224 133
183 224 133
183 224 132
182 224 132
182 224 132
182 223 131
182 223 131
181 223 131
181 223 130
181 223 130
180 222 130
180 222 129
180 222 129
180 222 129
179 222 128
179 222 128
179 221 128
178 221 127
178 221 127
178 221 127
178 221 126
177 221 126
177 220 126
177 220 125
177 220 125
176 220 125
176 220 124
176 219 124
175 219 124
175 219 123
175 219 123
175 219 123
174 219 122
174 218 122
174 218 122
173 218 121
173 218 121
173 218 121
173 217 120
172 217 120
172 217 120
172 217 119
171 217 119
171 217 119
171 216 118
171 216 118
170 216 118
170 216 117
170 216 117
170 215 117
169 215 116
169 215 116
169 215 116
168 215 115
168 215 115
168 214 115
168 214 114
167 214 114
167 214 114
167 214 113
166 213 113
166 213 113
166 213 112
166 213 112
165 213 112
165 213 111
165 212 111
165 212 111
164 212 110
164 212 110
164 212 110
163 211 109
163 211 109
163 211 109
163 211 108
162 211 108
162 211 108
162 210 107
161 210 107
161 210 107
161 210 106
161 210 106
160 209 105
160 209 105
160 209 105
160 209 104
159 209 104
159 209 104
159 208 103
158 208 103
158 208 103
158 208 102
158 208 102
157 207 102
157 207 101
157 207 101
156 207 101
156 207 100
156 207 100
156 206 100
155 206 99
155 206 99
155 206 99
155 206 98
154 206 98
154 205 98
154 205 97
153 205 97
153 205 97
153 205 96
153 204 96
152 204 96
152 204 95
152 204 95
151 204 95
151 204 94
151 203 94
151 203 94
150 203 93
150 203 93
150 203 93
150 202 92
149 202 92
149 202 92
149 202 91
148 202 91
148 202 91
148 201 90
148 201 90
147 201 90
147 201 89
147 201 89
146 200 89
146 200 88
146 200 88
146 200 88
145 200 87
145 200 87
145 199 87
144 199 86
144 199 86
144 199 86
144 199 85
143 198 85
143 198 85
143 198 84
143 198 84
142 198 84
142 198 83
142 197 83
141 197 83
141 197 82
141 197 82
141 197 82
140 196 81
140 196 81
140 196 81
139 196 80
139 196 80
139 196 80
139 195 79
138 195 79
138 195 79
138 195 78
138 195 78
137 194 78
137 194 77
137 194 77
136 194 77
136 194 76
136 194 76
136 193 75
135 193 75
135 193 75
135 193 74
134 193 74
134 192 74
134 192 73
134 192 73
133 192 73
133 192 72
133 192 72
133 191 72
132 191 71
132 191 71
132 191 71
131 191 70
131 191 70
131 190 70
131 190 69
130 190 69
130 190 69
130 190 68
129 189 68
129 189 68
129 189 67
129 189 67
128 189 67
128 189 66
128 188 66
128 188 66
127 188 65
127 188 65
127 188 65
126 187 64
126 187 64
126 187 64
126 187 64
125 187 64
125 186 64
125 186 63
125 186 63
124 186 63
124 186 63
124 185 63
124 185 63
123 185 63
123 185 62
123 185 62
123 184 62
122 184 62
122 184 62
122 184 62
122 184 61
122 183 61
121 183 61
121 183 61
121 183 61
121 182 61
120 182 61
120 182 60
120 182 60
120 182 60
119 181 60
119 181 60
119 181 60
119 181 59
118 181 59
118 180 59
118 180 59
118 180 59
117 180 59
117 180 58
117 179 58
117 179 58
116 179 58
116 179 58
116 179 58
116 178 58
115 178 57
115 178 57
115 178 57
115 178 57
114 177 57
114 177 57
114 177 56
114 177 56
113 177 56
113 176 56
113 176 56
113 176 56
112 176 56
112 176 55
112 175 55
112 175 55
112 175 55
111 175 55
111 174 55
111 174 54
111 174 54
110 174 54
110 174 54
110 173 54
110 173 54
109 173 53
109 173 53
109 173 53
109 172 53
108 172 53
108 172 53
108 172 53
108 172 52
107 171 52
107 171 52
107 171 52
107 171 52
106 171 52
106 170 51
106 170 51
106 170 51
105 170 51
105 170 51
105 169 51
105 169 51
104 169 50
104 169 50
104 169 50
104 168 50
103 168 50
103 168 50
103 168 49
103 168 49
102 167 49
102 167 49
102 167 49
102 167 49
101 166 48
101 166 48
101 166 48
101 166 48
101 166 48
100 165 48
100 165 48
100 165 47
100 165 47
99 165 47
99 164 47
99 164 47
99 164 47
98 164 46
98 164 46
98 163 46
98 163 46
97 163 46
97 163 46
97 163 46
97 162 45
96 162 45
96 162 45
96 162 45
96 162 45
95 161 45
95 161 44
95 161 44
95 161 44
94 161 44
94 160 44
94 160 44
94 160 43
93 160 43
93 160 43
93 159 43
93 159 43
92 159 43
92 159 43
92 158 42
92 158 42
91 158 42
91 158 42
91 158 42
91 157 42
90 157 41
90 157 41
90 157 41
90 157 41
90 156 41
89 156 41
89 156 41
89 156 40
89 156 40
88 155 40
88 155 40
88 155 40
88 155 40
87 155 39
87 154 39
87 154 39
87 154 39
86 154 39
86 154 39
86 153 38
86 153 38
85 153 38
85 153 38
85 153 38
85 152 38
84 152 38
84 152 37
84 152 37
84 152 37
83 151 37
83 151 37
83 151 37
83 151 36
82 150 36
82 150 36
82 150 36
82 150 36
81 150 36
81 149 36
81 149 35
81 149 35
80 149 35
80 149 35
80 148 35
80 148 35
80 148 34
79 148 34
79 148 34
79 147 34
79 147 34
78 147 34
78 147 33
78 147 33
78 146 33
77 146 33
77 146 33
77 146 33
77 146 33
76 145 32
76 145 32
76 145 32
76 145 32
76 144 32
75 144 32
75 144 32
75 144 32
75 144 32
75 143 32
75 143 32
74 143 32
74 143 32
74 142 32
74 142 32
74 142 32
73 142 32
73 142 32
73 141 32
73 141 32
73 141 32
72 141 32
72 140 32
72 140 32
72 140 32
72 140 31
72 139 31
71 139 31
71 139 31
71 139 31
71 139 31
71 138 31
70 138 31
70 138 31
70 138 31
70 137 31
70 137 31
70 137 31
69 137 31
69 137 31
69 136 31
69 136 31
69 136 31
68 136 31
68 135 31
68 135 31
68 135 31
68 135 31
67 135 31
67 134 31
67 134 31
67 134 30
67 134 30
67 133 30
66 133 30
66 133 30
66 133 30
66 133 30
66 132 30
65 132 30
65 132 30
65 132 30
65 131 30
65 131 30
64 131 30
64 131 30
64 131 30
64 130 30
64 130 30
64 130 30
63 130 30
63 129 30
63 129 30
63 129 30
63 129 30
62 128 30
62 128 30
62 128 29
62 128 29
62 128 29
62 127 29
61 127 29
61 127 29
61 127 29
61 126 29
61 126 29
60 126 29
60 126 29
60 126 29
60 125 29
60 125 29
59 125 29
59 125 29
59 124 29
59 124 29
59 124 29
59 124 29
58 124 29
58 123 29
58 123 29
58 123 29
58 123 29
57 122 28
57 122 28
57 122 28
57 122 28
57 122 28
57 121 28
56 121 28
56 121 28
56 121 28
56 120 28
56 120 28
55 120 28
55 120 28
55 120 28
55 119 28
55 119 28
54 119 28
54 119 28
54 118 28
54 118 28
54 118 28
54 118 28
53 117 28
53 117 28
53 117 28
53 117 28
53 117 27
52 116 27
52 116 27
52 116 27
52 116 27
52 115 27
51 115 27
51 115 27
51 115 27
51 115 27
51 114 27
51 114 27
50 114 27
50 114 27
50 113 27
50 113 27
50 113 27
49 113 27
49 113 27
49 112 27
49 112 27
49 112 27
49 112 27
48 111 27
48 111 27
48 111 26
48 111 26
48 111 26
47 110 26
47 110 26
47 110 26
47 110 26
47 109 26
46 109 26
46 109 26
46 109 26
46 108 26
46 108 26
46 108 26
45 108 26
45 108 26
45 107 26
45 107 26
45 107 26
44 107 26
44 106 26
44 106 26
44 106 26
44 106 26
44 106 26
43 105 26
43 105 25
43 105 25
43 105 25
43 104 25
42 104 25
42 104 25
42 104 25
42 104 25
42 103 25
41 103 25
41 103 25
41 103 25
41 102 25
41 102 25
41 102 25
40 102 25
40 102 25
40 101 25
40 101 25
40 101 25
39 101 25
39 100 25
39 100 25
39 100 25
39 100 25
39 100 25
