12 6 121
12 6 121
12 6 121
12 6 121
12 6 121
12 6 121
12 6 121
12 6 121
16 6 122
16 6 122
16 6 122
16 6 122
16 6 122
16 6 122
16 6 122
16 6 122
19 6 123
19 6 123
19 6 123
19 6 123
19 6 123
19 6 123
19 6 123
19 6 123
21 5 124
21 5 124
21 5 124
21 5 124
21 5 124
21 5 124
21 5 124
21 5 124
24 5 125
24 5 125
24 5 125
24 5 125
24 5 125
24 5 125
24 5 125
24 5 125
27 5 126
27 5 126
27 5 126
27 5 126
27 5 126
27 5 126
27 5 126
27 5 126
29 5 127
29 5 127
29 5 127
29 5 127
29 5 127
29 5 127
29 5 127
29 5 127
31 5 128
31 5 128
31 5 128
31 5 128
31 5 128
31 5 128
31 5 128
31 5 128
33 5 129
33 5 129
33 5 129
33 5 129
33 5 129
33 5 129
33 5 129
33 5 129
35 4 130
35 4 130
35 4 130
35 4 130
35 4 130
35 4 130
35 4 130
35 4 130
37 4 130
37 4 130
37 4 130
37 4 130
37 4 130
37 4 130
37 4 130
37 4 130
39 4 131
39 4 131
39 4 131
39 4 131
39 4 131
39 4 131
39 4 131
39 4 131
41 4 132
41 4 132
41 4 132
41 4 132
41 4 132
41 4 132
41 4 132
41 4 132
43 4 133
43 4 133
43 4 133
43 4 133
43 4 133
43 4 133
43 4 133
43 4 133
45 4 134
45 4 134
45 4 134
45 4 134
45 4 134
45 4 134
45 4 134
45 4 134
47 4 134
47 4 134
47 4 134
47 4 134
47 4 134
47 4 134
47 4 134
47 4 134
49 4 135
49 4 135
49 4 135
49 4 135
49 4 135
49 4 135
49 4 135
49 4 135
51 4 136
51 4 136
51 4 136
51 4 136
51 4 136
51 4 136
51 4 136
51 4 136
52 4 136
52 4 136
52 4 136
52 4 136
52 4 136
52 4 136
52 4 136
52 4 136
54 3 137
54 3 137
54 3 137
54 3 137
54 3 137
54 3 137
54 3 137
54 3 137
56 3 138
56 3 138
56 3 138
56 3 138
56 3 138
56 3 138
56 3 138
56 3 138
58 3 138
58 3 138
58 3 138
58 3 138
58 3 138
58 3 138
58 3 138
58 3 138
59 3 139
59 3 139
59 3 139
59 3 139
59 3 139
59 3 139
59 3 139
59 3 139
61 3 140
61 3 140
61 3 140
61 3 140
61 3 140
61 3 140
61 3 140
61 3 140
63 3 140
63 3 140
63 3 140
63 3 140
63 3 140
63 3 140
63 3 140
63 3 140
64 3 141
64 3 141
64 3 141
64 3 141
64 3 141
64 3 141
64 3 141
64 3 141
66 3 141
66 3 141
66 3 141
66 3 141
66 3 141
66 3 141
66 3 141
66 3 141
68 2 142
68 2 142
68 2 142
68 2 142
68 2 142
68 2 142
68 2 142
68 2 142
69 2 142
69 2 142
69 2 142
69 2 142
69 2 142
69 2 142
69 2 142
69 2 142
71 2 143
71 2 143
71 2 143
71 2 143
71 2 143
71 2 143
71 2 143
71 2 143
73 2 143
73 2 143
73 2 143
73 2 143
73 2 143
73 2 143
73 2 143
73 2 143
74 2 144
74 2 144
74 2 144
74 2 144
74 2 144
74 2 144
74 2 144
74 2 144
76 2 144
76 2 144
76 2 144
76 2 144
76 2 144
76 2 144
76 2 144
76 2 144
78 2 145
78 2 145
78 2 145
78 2 145
78 2 145
78 2 145
78 2 145
78 2 145
79 1 145
79 1 145
79 1 145
79 1 145
79 1 145
79 1 145
79 1 145
79 1 145
81 1 146
81 1 146
81 1 146
81 1 146
81 1 146
81 1 146
81 1 146
81 1 146
82 1 146
82 1 146
82 1 146
82 1 146
82 1 146
82 1 146
82 1 146
82 1 146
84 1 147
84 1 147
84 1 147
84 1 147
84 1 147
84 1 147
84 1 147
84 1 147
86 1 147
86 1 147
86 1 147
86 1 147
86 1 147
86 1 147
86 1 147
86 1 147
87 1 147
87 1 147
87 1 147
87 1 147
87 1 147
87 1 147
87 1 147
87 1 147
89 1 148
89 1 148
89 1 148
89 1 148
89 1 148
89 1 148
89 1 148
89 1 148
90 0 148
90 0 148
90 0 148
90 0 148
90 0 148
90 0 148
90 0 148
90 0 148
92 0 149
92 0 149
92 0 149
92 0 149
92 0 149
92 0 149
92 0 149
92 0 149
94 0 149
94 0 149
94 0 149
94 0 149
94 0 149
94 0 149
94 0 149
94 0 149
95 0 149
95 0 149
95 0 149
95 0 149
95 0 149
95 0 149
95 0 149
95 0 149
97 0 149
97 0 149
97 0 149
97 0 149
97 0 149
97 0 149
97 0 149
97 0 149
98 0 150
98 0 150
98 0 150
98 0 150
98 0 150
98 0 150
98 0 150
98 0 150
100 0 150
100 0 150
100 0 150
100 0 150
100 0 150
100 0 150
100 0 150
100 0 150
101 0 150
101 0 150
101 0 150
101 0 150
101 0 150
101 0 150
101 0 150
101 0 150
103 0 150
103 0 150
103 0 150
103 0 150
103 0 150
103 0 150
103 0 150
103 0 150
104 0 150
104 0 150
104 0 150
104 0 150
104 0 150
104 0 150
104 0 150
104 0 150
106 0 151
106 0 151
106 0 151
106 0 151
106 0 151
106 0 151
106 0 151
106 0 151
108 0 151
108 0 151
108 0 151
108 0 151
108 0 151
108 0 151
108 0 151
108 0 151
109 0 151
109 0 151
109 0 151
109 0 151
109 0 151
109 0 151
109 0 151
109 0 151
111 0 151
111 0 151
111 0 151
111 0 151
111 0 151
111 0 151
111 0 151
111 0 151
112 0 151
112 0 151
112 0 151
112 0 151
112 0 151
112 0 151
112 0 151
112 0 151
114 0 151
114 0 151
114 0 151
114 0 151
114 0 151
114 0 151
114 0 151
114 0 151
115 0 151
115 0 151
115 0 151
115 0 151
115 0 151
115 0 151
115 0 151
115 0 151
117 0 151
117 0 151
117 0 151
117 0 151
117 0 151
117 0 151
117 0 151
117 0 151
118 1 151
118 1 151
118 1 151
118 1 151
118 1 151
118 1 151
118 1 151
118 1 151
120 1 151
120 1 151
120 1 151
120 1 151
120 1 151
120 1 151
120 1 151
120 1 151
121 1 151
121 1 151
121 1 151
121 1 151
121 1 151
121 1 151
121 1 151
121 1 151
123 1 151
123 1 151
123 1 151
123 1 151
123 1 151
123 1 151
123 1 151
123 1 151
124 2 151
124 2 151
124 2 151
124 2 151
124 2 151
124 2 151
124 2 151
124 2 151
126 2 150
126 2 150
126 2 150
126 2 150
126 2 150
126 2 150
126 2 150
126 2 150
127 3 150
127 3 150
127 3 150
127 3 150
127 3 150
127 3 150
127 3 150
127 3 150
129 3 150
129 3 150
129 3 150
129 3 150
129 3 150
129 3 150
129 3 150
129 3 150
130 4 150
130 4 150
130 4 150
130 4 150
130 4 150
130 4 150
130 4 150
130 4 150
132 4 150
132 4 150
132 4 150
132 4 150
132 4 150
132 4 150
132 4 150
132 4 150
133 5 149
133 5 149
133 5 149
133 5 149
133 5 149
133 5 149
133 5 149
133 5 149
134 6 149
134 6 149
134 6 149
134 6 149
134 6 149
134 6 149
134 6 149
134 6 149
136 7 149
136 7 149
136 7 149
136 7 149
136 7 149
136 7 149
136 7 149
136 7 149
137 8 148
137 8 148
137 8 148
137 8 148
137 8 148
137 8 148
137 8 148
137 8 148
139 8 148
139 8 148
139 8 148
139 8 148
139 8 148
139 8 148
139 8 148
139 8 148
140 9 148
140 9 148
140 9 148
140 9 148
140 9 148
140 9 148
140 9 148
140 9 148
142 10 147
142 10 147
142 10 147
142 10 147
142 10 147
142 10 147
142 10 147
142 10 147
143 11 147
143 11 147
143 11 147
143 11 147
143 11 147
143 11 147
143 11 147
143 11 147
144 12 146
144 12 146
144 12 146
144 12 146
144 12 146
144 12 146
144 12 146
144 12 146
146 13 146
146 13 146
146 13 146
146 13 146
146 13 146
146 13 146
146 13 146
146 13 146
147 14 145
147 14 145
147 14 145
147 14 145
147 14 145
147 14 145
147 14 145
147 14 145
149 15 145
149 15 145
149 15 145
149 15 145
149 15 145
149 15 145
149 15 145
149 15 145
150 16 144
150 16 144
150 16 144
150 16 144
150 16 144
150 16 144
150 16 144
150 16 144
151 17 144
151 17 144
151 17 144
151 17 144
151 17 144
151 17 144
151 17 144
151 17 144
153 18 143
153 18 143
153 18 143
153 18 143
153 18 143
153 18 143
153 18 143
153 18 143
154 19 142
154 19 142
154 19 142
154 19 142
154 19 142
154 19 142
154 19 142
154 19 142
155 20 142
155 20 142
155 20 142
155 20 142
155 20 142
155 20 142
155 20 142
155 20 142
157 21 141
157 21 141
157 21 141
157 21 141
157 21 141
157 21 141
157 21 141
157 21 141
158 22 140
158 22 140
158 22 140
158 22 140
158 22 140
158 22 140
158 22 140
158 22 140
159 23 140
159 23 140
159 23 140
159 23 140
159 23 140
159 23 140
159 23 140
159 23 140
160 24 139
160 24 139
160 24 139
160 24 139
160 24 139
160 24 139
160 24 139
160 24 139
162 25 138
162 25 138
162 25 138
162 25 138
162 25 138
162 25 138
162 25 138
162 25 138
163 26 138
163 26 138
163 26 138
163 26 138
163 26 138
163 26 138
163 26 138
163 26 138
164 27 137
164 27 137
164 27 137
164 27 137
164 27 137
164 27 137
164 27 137
164 27 137
165 28 136
165 28 136
165 28 136
165 28 136
165 28 136
165 28 136
165 28 136
165 28 136
167 29 135
167 29 135
167 29 135
167 29 135
167 29 135
167 29 135
167 29 135
167 29 135
168 30 135
168 30 135
168 30 135
168 30 135
168 30 135
168 30 135
168 30 135
168 30 135
169 31 134
169 31 134
169 31 134
169 31 134
169 31 134
169 31 134
169 31 134
169 31 134
170 32 133
170 32 133
170 32 133
170 32 133
170 32 133
170 32 133
170 32 133
170 32 133
172 33 132
172 33 132
172 33 132
172 33 132
172 33 132
172 33 132
172 33 132
172 33 132
173 34 132
173 34 132
173 34 132
173 34 132
173 34 132
173 34 132
173 34 132
173 34 132
174 35 131
174 35 131
174 35 131
174 35 131
174 35 131
174 35 131
174 35 131
174 35 131
175 36 130
175 36 130
175 36 130
175 36 130
175 36 130
175 36 130
175 36 130
175 36 130
176 37 129
176 37 129
176 37 129
176 37 129
176 37 129
176 37 129
176 37 129
176 37 129
177 38 128
177 38 128
177 38 128
177 38 128
177 38 128
177 38 128
177 38 128
177 38 128
178 39 127
178 39 127
178 39 127
178 39 127
178 39 127
178 39 127
178 39 127
178 39 127
180 40 127
180 40 127
180 40 127
180 40 127
180 40 127
180 40 127
180 40 127
180 40 127
181 41 126
181 41 126
181 41 126
181 41 126
181 41 126
181 41 126
181 41 126
181 41 126
182 42 125
182 42 125
182 42 125
182 42 125
182 42 125
182 42 125
182 42 125
182 42 125
183 44 124
183 44 124
183 44 124
183 44 124
183 44 124
183 44 124
183 44 124
183 44 124
184 45 123
184 45 123
184 45 123
184 45 123
184 45 123
184 45 123
184 45 123
184 45 123
185 46 122
185 46 122
185 46 122
185 46 122
185 46 122
185 46 122
185 46 122
185 46 122
186 47 122
186 47 122
186 47 122
186 47 122
186 47 122
186 47 122
186 47 122
186 47 122
187 48 121
187 48 121
187 48 121
187 48 121
187 48 121
187 48 121
187 48 121
187 48 121
188 49 120
188 49 120
188 49 120
188 49 120
188 49 120
188 49 120
188 49 120
188 49 120
189 50 119
189 50 119
189 50 119
189 50 119
189 50 119
189 50 119
189 50 119
189 50 119
190 51 118
190 51 118
190 51 118
190 51 118
190 51 118
190 51 118
190 51 118
190 51 118
191 52 117
191 52 117
191 52 117
191 52 117
191 52 117
191 52 117
191 52 117
191 52 117
192 53 116
192 53 116
192 53 116
192 53 116
192 53 116
192 53 116
192 53 116
192 53 116
193 54 116
193 54 116
193 54 116
193 54 116
193 54 116
193 54 116
193 54 116
193 54 116
194 55 115
194 55 115
194 55 115
194 55 115
194 55 115
194 55 115
194 55 115
194 55 115
195 56 114
195 56 114
195 56 114
195 56 114
195 56 114
195 56 114
195 56 114
195 56 114
196 57 113
196 57 113
196 57 113
196 57 113
196 57 113
196 57 113
196 57 113
196 57 113
197 58 112
197 58 112
197 58 112
197 58 112
197 58 112
197 58 112
197 58 112
197 58 112
198 59 111
198 59 111
198 59 111
198 59 111
198 59 111
198 59 111
198 59 111
198 59 111
199 60 111
199 60 111
199 60 111
199 60 111
199 60 111
199 60 111
199 60 111
199 60 111
200 61 110
200 61 110
200 61 110
200 61 110
200 61 110
200 61 110
200 61 110
200 61 110
201 62 109
201 62 109
201 62 109
201 62 109
201 62 109
201 62 109
201 62 109
201 62 109
202 63 108
202 63 108
202 63 108
202 63 108
202 63 108
202 63 108
202 63 108
202 63 108
203 64 107
203 64 107
203 64 107
203 64 107
203 64 107
203 64 107
203 64 107
203 64 107
204 65 106
204 65 106
204 65 106
204 65 106
204 65 106
204 65 106
204 65 106
204 65 106
205 66 106
205 66 106
205 66 106
205 66 106
205 66 106
205 66 106
205 66 106
205 66 106
206 67 105
206 67 105
206 67 105
206 67 105
206 67 105
206 67 105
206 67 105
206 67 105
207 68 104
207 68 104
207 68 104
207 68 104
207 68 104
207 68 104
207 68 104
207 68 104
208 69 103
208 69 103
208 69 103
208 69 103
208 69 103
208 69 103
208 69 103
208 69 103
209 70 102
209 70 102
209 70 102
209 70 102
209 70 102
209 70 102
209 70 102
209 70 102
209 71 102
209 71 102
209 71 102
209 71 102
209 71 102
209 71 102
209 71 102
209 71 102
210 72 101
210 72 101
210 72 101
210 72 101
210 72 101
210 72 101
210 72 101
210 72 101
211 73 100
211 73 100
211 73 100
211 73 100
211 73 100
211 73 100
211 73 100
211 73 100
212 74 99
212 74 99
212 74 99
212 74 99
212 74 99
212 74 99
212 74 99
212 74 99
213 75 98
213 75 98
213 75 98
213 75 98
213 75 98
213 75 98
213 75 98
213 75 98
214 76 98
214 76 98
214 76 98
214 76 98
214 76 98
214 76 98
214 76 98
214 76 98
215 77 97
215 77 97
215 77 97
215 77 97
215 77 97
215 77 97
215 77 97
215 77 97
215 78 96
215 78 96
215 78 96
215 78 96
215 78 96
215 78 96
215 78 96
215 78 96
216 79 95
216 79 95
216 79 95
216 79 95
216 79 95
216 79 95
216 79 95
216 79 95
217 80 94
217 80 94
217 80 94
217 80 94
217 80 94
217 80 94
217 80 94
217 80 94
218 81 94
218 81 94
218 81 94
218 81 94
218 81 94
218 81 94
218 81 94
218 81 94
219 82 93
219 82 93
219 82 93
219 82 93
219 82 93
219 82 93
219 82 93
219 82 93
220 83 92
220 83 92
220 83 92
220 83 92
220 83 92
220 83 92
220 83 92
220 83 92
220 84 91
220 84 91
220 84 91
220 84 91
220 84 91
220 84 91
220 84 91
220 84 91
221 85 91
221 85 91
221 85 91
221 85 91
221 85 91
221 85 91
221 85 91
221 85 91
222 86 90
222 86 90
222 86 90
222 86 90
222 86 90
222 86 90
222 86 90
222 86 90
223 87 89
223 87 89
223 87 89
223 87 89
223 87 89
223 87 89
223 87 89
223 87 89
223 89 88
223 89 88
223 89 88
223 89 88
223 89 88
223 89 88
223 89 88
223 89 88
224 90 87
224 90 87
224 90 87
224 90 87
224 90 87
224 90 87
224 90 87
224 90 87
225 91 87
225 91 87
225 91 87
225 91 87
225 91 87
225 91 87
225 91 87
225 91 87
226 92 86
226 92 86
226 92 86
226 92 86
226 92 86
226 92 86
226 92 86
226 92 86
227 93 85
227 93 85
227 93 85
227 93 85
227 93 85
227 93 85
227 93 85
227 93 85
227 94 84
227 94 84
227 94 84
227 94 84
227 94 84
227 94 84
227 94 84
227 94 84
228 95 84
228 95 84
228 95 84
228 95 84
228 95 84
228 95 84
228 95 84
228 95 84
229 96 83
229 96 83
229 96 83
229 96 83
229 96 83
229 96 83
229 96 83
229 96 83
229 97 82
229 97 82
229 97 82
229 97 82
229 97 82
229 97 82
229 97 82
229 97 82
230 98 81
230 98 81
230 98 81
230 98 81
230 98 81
230 98 81
230 98 81
230 98 81
231 99 81
231 99 81
231 99 81
231 99 81
231 99 81
231 99 81
231 99 81
231 99 81
232 100 80
232 100 80
232 100 80
232 100 80
232 100 80
232 100 80
232 100 80
232 100 80
232 101 79
232 101 79
232 101 79
232 101 79
232 101 79
232 101 79
232 101 79
232 101 79
233 103 78
233 103 78
233 103 78
233 103 78
233 103 78
233 103 78
233 103 78
233 103 78
234 104 77
234 104 77
234 104 77
234 104 77
234 104 77
234 104 77
234 104 77
234 104 77
234 105 77
234 105 77
234 105 77
234 105 77
234 105 77
234 105 77
234 105 77
234 105 77
235 106 76
235 106 76
235 106 76
235 106 76
235 106 76
235 106 76
235 106 76
235 106 76
236 107 75
236 107 75
236 107 75
236 107 75
236 107 75
236 107 75
236 107 75
236 107 75
236 108 74
236 108 74
236 108 74
236 108 74
236 108 74
236 108 74
236 108 74
236 108 74
237 109 74
237 109 74
237 109 74
237 109 74
237 109 74
237 109 74
237 109 74
237 109 74
237 110 73
237 110 73
237 110 73
237 110 73
237 110 73
237 110 73
237 110 73
237 110 73
238 111 72
238 111 72
238 111 72
238 111 72
238 111 72
238 111 72
238 111 72
238 111 72
239 113 71
239 113 71
239 113 71
239 113 71
239 113 71
239 113 71
239 113 71
239 113 71
239 114 70
239 114 70
239 114 70
239 114 70
239 114 70
239 114 70
239 114 70
239 114 70
240 115 70
240 115 70
240 115 70
240 115 70
240 115 70
240 115 70
240 115 70
240 115 70
240 116 69
240 116 69
240 116 69
240 116 69
240 116 69
240 116 69
240 116 69
240 116 69
241 117 68
241 117 68
241 117 68
241 117 68
241 117 68
241 117 68
241 117 68
241 117 68
242 118 67
242 118 67
242 118 67
242 118 67
242 118 67
242 118 67
242 118 67
242 118 67
242 119 67
242 119 67
242 119 67
242 119 67
242 119 67
242 119 67
242 119 67
242 119 67
243 121 66
243 121 66
243 121 66
243 121 66
243 121 66
243 121 66
243 121 66
243 121 66
243 122 65
243 122 65
243 122 65
243 122 65
243 122 65
243 122 65
243 122 65
243 122 65
244 123 64
244 123 64
244 123 64
244 123 64
244 123 64
244 123 64
244 123 64
244 123 64
244 124 63
244 124 63
244 124 63
244 124 63
244 124 63
244 124 63
244 124 63
244 124 63
245 125 63
245 125 63
245 125 63
245 125 63
245 125 63
245 125 63
245 125 63
245 125 63
245 127 62
245 127 62
245 127 62
245 127 62
245 127 62
245 127 62
245 127 62
245 127 62
246 128 61
246 128 61
246 128 61
246 128 61
246 128 61
246 128 61
246 128 61
246 128 61
246 129 60
246 129 60
246 129 60
246 129 60
246 129 60
246 129 60
246 129 60
246 129 60
246 130 60
246 130 60
246 130 60
246 130 60
246 130 60
246 130 60
246 130 60
246 130 60
247 131 59
247 131 59
247 131 59
247 131 59
247 131 59
247 131 59
247 131 59
247 131 59
247 133 58
247 133 58
247 133 58
247 133 58
247 133 58
247 133 58
247 133 58
247 133 58
248 134 57
248 134 57
248 134 57
248 134 57
248 134 57
248 134 57
248 134 57
248 134 57
248 135 56
248 135 56
248 135 56
248 135 56
248 135 56
248 135 56
248 135 56
248 135 56
248 136 56
248 136 56
248 136 56
248 136 56
248 136 56
248 136 56
248 136 56
248 136 56
249 138 55
249 138 55
249 138 55
249 138 55
249 138 55
249 138 55
249 138 55
249 138 55
249 139 54
249 139 54
249 139 54
249 139 54
249 139 54
249 139 54
249 139 54
249 139 54
250 140 53
250 140 53
250 140 53
250 140 53
250 140 53
250 140 53
250 140 53
250 140 53
250 141 53
250 141 53
250 141 53
250 141 53
250 141 53
250 141 53
250 141 53
250 141 53
250 143 52
250 143 52
250 143 52
250 143 52
250 143 52
250 143 52
250 143 52
250 143 52
250 144 51
250 144 51
250 144 51
250 144 51
250 144 51
250 144 51
250 144 51
250 144 51
251 145 50
251 145 50
251 145 50
251 145 50
251 145 50
251 145 50
251 145 50
251 145 50
251 147 50
251 147 50
251 147 50
251 147 50
251 147 50
251 147 50
251 147 50
251 147 50
251 148 49
251 148 49
251 148 49
251 148 49
251 148 49
251 148 49
251 148 49
251 148 49
252 149 48
252 149 48
252 149 48
252 149 48
252 149 48
252 149 48
252 149 48
252 149 48
252 151 47
252 151 47
252 151 47
252 151 47
252 151 47
252 151 47
252 151 47
252 151 47
252 152 47
252 152 47
252 152 47
252 152 47
252 152 47
252 152 47
252 152 47
252 152 47
252 153 46
252 153 46
252 153 46
252 153 46
252 153 46
252 153 46
252 153 46
252 153 46
252 154 45
252 154 45
252 154 45
252 154 45
252 154 45
252 154 45
252 154 45
252 154 45
252 156 44
252 156 44
252 156 44
252 156 44
252 156 44
252 156 44
252 156 44
252 156 44
253 157 44
253 157 44
253 157 44
253 157 44
253 157 44
253 157 44
253 157 44
253 157 44
253 159 43
253 159 43
253 159 43
253 159 43
253 159 43
253 159 43
253 159 43
253 159 43
253 160 42
253 160 42
253 160 42
253 160 42
253 160 42
253 160 42
253 160 42
253 160 42
253 161 42
253 161 42
253 161 42
253 161 42
253 161 42
253 161 42
253 161 42
253 161 42
253 163 41
253 163 41
253 163 41
253 163 41
253 163 41
253 163 41
253 163 41
253 163 41
253 164 40
253 164 40
253 164 40
253 164 40
253 164 40
253 164 40
253 164 40
253 164 40
253 165 40
253 165 40
253 165 40
253 165 40
253 165 40
253 165 40
253 165 40
253 165 40
253 167 39
253 167 39
253 167 39
253 167 39
253 167 39
253 167 39
253 167 39
253 167 39
253 168 38
253 168 38
253 168 38
253 168 38
253 168 38
253 168 38
253 168 38
253 168 38
253 170 38
253 170 38
253 170 38
253 170 38
253 170 38
253 170 38
253 170 38
253 170 38
253 171 37
253 171 37
253 171 37
253 171 37
253 171 37
253 171 37
253 171 37
253 171 37
253 172 37
253 172 37
253 172 37
253 172 37
253 172 37
253 172 37
253 172 37
253 172 37
253 174 36
253 174 36
253 174 36
253 174 36
253 174 36
253 174 36
253 174 36
253 174 36
253 175 36
253 175 36
253 175 36
253 175 36
253 175 36
253 175 36
253 175 36
253 175 36
253 177 35
253 177 35
253 177 35
253 177 35
253 177 35
253 177 35
253 177 35
253 177 35
253 178 35
253 178 35
253 178 35
253 178 35
253 178 35
253 178 35
253 178 35
253 178 35
252 179 34
252 179 34
252 179 34
252 179 34
252 179 34
252 179 34
252 179 34
252 179 34
252 181 34
252 181 34
252 181 34
252 181 34
252 181 34
252 181 34
252 181 34
252 181 34
252 182 33
252 182 33
252 182 33
252 182 33
252 182 33
252 182 33
252 182 33
252 182 33
252 184 33
252 184 33
252 184 33
252 184 33
252 184 33
252 184 33
252 184 33
252 184 33
252 185 33
252 185 33
252 185 33
252 185 33
252 185 33
252 185 33
252 185 33
252 185 33
251 187 33
251 187 33
251 187 33
251 187 33
251 187 33
251 187 33
251 187 33
251 187 33
251 188 32
251 188 32
251 188 32
251 188 32
251 188 32
251 188 32
251 188 32
251 188 32
251 190 32
251 190 32
251 190 32
251 190 32
251 190 32
251 190 32
251 190 32
251 190 32
250 191 32
250 191 32
250 191 32
250 191 32
250 191 32
250 191 32
250 191 32
250 191 32
250 193 32
250 193 32
250 193 32
250 193 32
250 193 32
250 193 32
250 193 32
250 193 32
250 194 32
250 194 32
250 194 32
250 194 32
250 194 32
250 194 32
250 194 32
250 194 32
249 196 32
249 196 32
249 196 32
249 196 32
249 196 32
249 196 32
249 196 32
249 196 32
249 197 32
249 197 32
249 197 32
249 197 32
249 197 32
249 197 32
249 197 32
249 197 32
248 199 32
248 199 32
248 199 32
248 199 32
248 199 32
248 199 32
248 199 32
248 199 32
248 200 33
248 200 33
248 200 33
248 200 33
248 200 33
248 200 33
248 200 33
248 200 33
247 202 33
247 202 33
247 202 33
247 202 33
247 202 33
247 202 33
247 202 33
247 202 33
247 203 33
247 203 33
247 203 33
247 203 33
247 203 33
247 203 33
247 203 33
247 203 33
246 205 33
246 205 33
246 205 33
246 205 33
246 205 33
246 205 33
246 205 33
246 205 33
246 206 34
246 206 34
246 206 34
246 206 34
246 206 34
246 206 34
246 206 34
246 206 34
245 208 34
245 208 34
245 208 34
245 208 34
245 208 34
245 208 34
245 208 34
245 208 34
245 209 34
245 209 34
245 209 34
245 209 34
245 209 34
245 209 34
245 209 34
245 209 34
244 211 34
244 211 34
244 211 34
244 211 34
244 211 34
244 211 34
244 211 34
244 211 34
243 213 34
243 213 34
243 213 34
243 213 34
243 213 34
243 213 34
243 213 34
243 213 34
243 214 35
243 214 35
243 214 35
243 214 35
243 214 35
243 214 35
243 214 35
243 214 35
242 216 35
242 216 35
242 216 35
242 216 35
242 216 35
242 216 35
242 216 35
242 216 35
242 217 34
242 217 34
242 217 34
242 217 34
242 217 34
242 217 34
242 217 34
242 217 34
241 219 34
241 219 34
241 219 34
241 219 34
241 219 34
241 219 34
241 219 34
241 219 34
240 220 33
240 220 33
240 220 33
240 220 33
240 220 33
240 220 33
240 220 33
240 220 33
240 222 32
240 222 32
240 222 32
240 222 32
240 222 32
240 222 32
240 222 32
240 222 32
239 223 30
239 223 30
239 223 30
239 223 30
239 223 30
239 223 30
239 223 30
239 223 30
