64 0 67
64 0 67
64 0 67
64 0 68
65 0 68
65 0 68
65 1 68
65 1 69
66 1 69
66 1 69
66 1 69
66 2 70
67 2 70
67 2 70
67 2 70
67 2 71
68 2 71
68 3 71
68 3 71
69 3 72
69 3 72
69 3 72
69 4 72
70 4 73
70 4 73
70 4 73
70 4 73
71 4 74
71 5 74
71 5 74
71 5 74
72 5 75
72 5 75
72 6 75
72 6 75
73 6 76
73 6 76
73 6 76
74 7 76
74 7 77
74 7 77
74 7 77
75 7 77
75 7 78
75 8 78
75 8 78
76 8 78
76 8 79
76 8 79
76 9 79
77 9 79
77 9 80
77 9 80
77 9 80
78 9 80
78 10 81
78 10 81
79 10 81
79 10 81
79 10 82
79 11 82
80 11 82
80 11 82
80 11 83
80 11 83
81 12 83
81 12 83
81 12 83
81 12 84
82 12 84
82 12 84
82 13 84
82 13 85
83 13 85
83 13 85
83 13 85
84 14 86
84 14 86
84 14 86
84 14 86
85 14 87
85 14 87
85 15 87
85 15 87
86 15 88
86 15 88
86 15 88
86 16 88
87 16 89
87 16 89
87 16 89
88 16 89
88 16 90
88 17 90
88 17 90
89 17 90
89 17 91
89 17 91
89 18 91
90 18 91
90 18 92
90 18 92
90 18 92
91 19 92
91 19 93
91 19 93
91 19 93
92 19 93
92 19 94
92 20 94
93 20 94
93 20 94
93 20 95
93 20 95
94 21 95
94 21 95
94 21 96
94 21 96
95 21 96
95 21 96
95 22 97
95 22 97
96 22 97
96 22 97
96 22 98
96 23 98
97 23 98
97 23 98
97 23 99
98 23 99
98 24 99
98 24 99
98 24 100
99 24 100
99 24 100
99 24 100
99 25 100
100 25 101
100 25 101
100 25 101
100 25 101
101 26 102
101 26 102
101 26 102
101 26 102
102 26 103
102 26 103
102 27 103
103 27 103
103 27 104
103 27 104
103 27 104
104 28 104
104 28 105
104 28 105
104 28 105
105 28 105
105 28 106
105 29 106
105 29 106
106 29 106
106 29 107
106 29 107
106 30 107
107 30 107
107 30 108
107 30 108
108 30 108
108 31 108
108 31 109
108 31 109
109 31 109
109 31 109
109 31 110
109 32 110
110 32 110
110 32 110
110 32 111
110 32 111
111 33 111
111 33 111
111 33 112
112 33 112
112 33 112
112 33 112
112 34 113
113 34 113
113 34 113
113 34 113
113 34 114
114 35 114
114 35 114
114 35 114
114 35 115
115 35 115
115 36 115
115 36 115
115 36 116
116 36 116
116 36 116
116 36 116
117 37 116
117 37 117
117 37 117
117 37 117
118 37 117
118 38 118
118 38 118
118 38 118
118 39 118
118 39 118
119 39 119
119 40 119
119 40 119
119 40 119
119 40 119
119 41 119
120 41 120
120 41 120
120 42 120
120 42 120
120 42 120
120 43 120
121 43 121
121 43 121
121 44 121
121 44 121
121 44 121
121 44 121
122 45 122
122 45 122
122 45 122
122 46 122
122 46 122
123 46 123
123 47 123
123 47 123
123 47 123
123 48 123
123 48 123
124 48 124
124 48 124
124 49 124
124 49 124
124 49 124
124 50 124
125 50 125
125 50 125
125 51 125
125 51 125
125 51 125
125 52 126
126 52 126
126 52 126
126 52 126
126 53 126
126 53 126
126 53 127
127 54 127
127 54 127
127 54 127
127 55 127
127 55 127
127 55 128
128 56 128
128 56 128
128 56 128
128 56 128
128 57 129
128 57 129
129 57 129
129 58 129
129 58 129
129 58 129
129 59 130
130 59 130
130 59 130
130 60 130
130 60 130
130 60 130
130 60 131
131 61 131
131 61 131
131 61 131
131 62 131
131 62 132
131 62 132
132 63 132
132 63 132
132 63 132
132 64 132
132 64 133
132 64 133
133 64 133
133 65 133
133 65 133
133 65 133
133 66 134
133 66 134
134 66 134
134 67 134
134 67 134
134 67 135
134 68 135
134 68 135
135 68 135
135 68 135
135 69 135
135 69 136
135 69 136
136 70 136
136 70 136
136 70 136
136 71 136
136 71 137
136 71 137
137 72 137
137 72 137
137 72 137
137 72 138
137 73 138
137 73 138
138 73 138
138 74 138
138 74 138
138 74 139
138 75 139
138 75 139
139 75 139
139 76 139
139 76 139
139 76 140
139 76 140
139 77 140
140 77 140
140 77 140
140 78 140
140 78 141
140 78 141
140 79 141
141 79 141
141 79 141
141 80 142
141 80 142
141 80 142
141 80 142
142 81 142
142 81 142
142 81 143
142 82 143
142 82 143
143 82 143
143 83 143
143 83 143
143 83 144
143 84 144
143 84 144
144 84 144
144 84 144
144 85 145
144 85 145
144 85 145
144 86 145
145 86 145
145 86 145
145 87 146
145 87 146
145 87 146
145 88 146
146 88 146
146 88 146
146 88 147
146 89 147
146 89 147
146 89 147
147 90 147
147 90 148
147 90 148
147 91 148
147 91 148
147 91 148
148 92 148
148 92 149
148 92 149
148 92 149
148 93 149
148 93 149
149 93 149
149 94 150
149 94 150
149 94 150
149 95 150
150 95 150
150 95 151
150 96 151
150 96 151
150 96 151
150 96 151
151 97 151
151 97 152
151 97 152
151 98 152
151 98 152
151 98 152
152 99 152
152 99 153
152 99 153
152 100 153
152 100 153
152 100 153
153 100 153
153 101 154
153 101 154
153 101 154
153 101 154
154 102 154
154 102 154
154 102 155
154 102 155
154 103 155
155 103 155
155 103 155
155 103 155
155 103 156
155 104 156
156 104 156
156 104 156
156 104 156
156 105 156
156 105 157
157 105 157
157 105 157
157 106 157
157 106 157
157 106 157
158 106 157
158 106 158
158 107 158
158 107 158
158 107 158
159 107 158
159 108 158
159 108 159
159 108 159
159 108 159
160 109 159
160 109 159
160 109 159
160 109 160
160 110 160
161 110 160
161 110 160
161 110 160
161 110 160
161 111 160
162 111 161
162 111 161
162 111 161
162 112 161
162 112 161
163 112 161
163 112 162
163 113 162
163 113 162
163 113 162
164 113 162
164 113 162
164 114 163
164 114 163
164 114 163
165 114 163
165 115 163
165 115 163
165 115 163
165 115 164
166 116 164
166 116 164
166 116 164
166 116 164
166 117 164
167 117 165
167 117 165
167 117 165
167 117 165
167 118 165
168 118 165
168 118 166
168 118 166
168 119 166
168 119 166
169 119 166
169 119 166
169 120 166
169 120 167
169 120 167
170 120 167
170 120 167
170 121 167
170 121 167
170 121 168
171 121 168
171 122 168
171 122 168
171 122 168
171 122 168
172 123 169
172 123 169
172 123 169
172 123 169
172 124 169
173 124 169
173 124 169
173 124 170
173 124 170
173 125 170
174 125 170
174 125 170
174 125 170
174 126 171
174 126 171
175 126 171
175 126 171
175 127 171
175 127 171
175 127 172
176 127 172
176 127 172
176 128 172
176 128 172
176 128 172
177 128 172
177 129 173
177 129 173
177 129 173
177 129 173
178 130 173
178 130 173
178 130 174
178 130 174
178 130 174
179 131 174
179 131 174
179 131 174
179 131 175
179 132 175
180 132 175
180 132 175
180 132 175
180 133 175
180 133 175
181 133 176
181 133 176
181 134 176
181 134 176
181 134 176
182 134 176
182 134 177
182 135 177
182 135 177
182 135 177
183 135 177
183 136 177
183 136 178
183 136 178
183 136 178
184 137 178
184 137 178
184 137 178
184 137 179
184 137 179
185 138 179
185 138 179
185 138 179
185 138 179
185 139 179
186 139 180
186 139 180
186 139 180
186 140 180
186 140 180
187 140 180
187 140 181
187 141 181
187 141 181
187 141 181
188 141 181
188 141 181
188 142 182
188 142 182
188 142 182
189 142 182
189 143 182
189 143 182
189 143 182
189 143 183
190 144 183
190 144 183
190 144 183
190 144 183
190 144 183
191 145 184
191 145 184
191 145 184
191 145 184
191 146 184
192 146 184
192 146 185
192 146 185
192 147 185
192 147 185
193 147 185
193 147 185
193 148 185
193 148 186
193 148 186
194 148 186
194 148 186
194 149 186
194 149 186
194 149 186
195 149 186
195 149 187
195 150 187
195 150 187
195 150 187
195 150 187
196 150 187
196 151 187
196 151 187
196 151 187
196 151 188
197 151 188
197 152 188
197 152 188
197 152 188
197 152 188
197 153 188
198 153 188
198 153 188
198 153 189
198 153 189
198 154 189
199 154 189
199 154 189
199 154 189
199 154 189
199 155 189
199 155 189
200 155 190
200 155 190
200 155 190
200 156 190
200 156 190
201 156 190
201 156 190
201 156 190
201 157 190
201 157 191
201 157 191
202 157 191
202 157 191
202 158 191
202 158 191
202 158 191
203 158 191
203 159 191
203 159 192
203 159 192
203 159 192
203 159 192
204 160 192
204 160 192
204 160 192
204 160 192
204 160 192
205 161 192
205 161 193
205 161 193
205 161 193
205 161 193
205 162 193
206 162 193
206 162 193
206 162 193
206 162 193
206 163 194
206 163 194
207 163 194
207 163 194
207 163 194
207 164 194
207 164 194
208 164 194
208 164 194
208 165 195
208 165 195
208 165 195
208 165 195
209 165 195
209 166 195
209 166 195
209 166 195
209 166 195
210 166 196
210 167 196
210 167 196
210 167 196
210 167 196
210 167 196
211 168 196
211 168 196
211 168 196
211 168 197
211 168 197
212 169 197
212 169 197
212 169 197
212 169 197
212 169 197
212 170 197
213 170 197
213 170 198
213 170 198
213 171 198
213 171 198
214 171 198
214 171 198
214 171 198
214 172 198
214 172 198
214 172 199
215 172 199
215 172 199
215 173 199
215 173 199
215 173 199
216 173 199
216 173 199
216 174 199
216 174 200
216 174 200
216 174 200
217 174 200
217 175 200
217 175 200
217 175 200
217 175 200
218 175 200
218 176 201
218 176 201
218 176 201
218 176 201
218 176 201
219 177 201
219 177 201
219 177 201
219 177 201
219 178 202
220 178 202
220 178 202
220 178 202
220 178 202
220 179 202
220 179 202
221 179 202
221 179 202
221 179 202
221 180 203
221 180 203
221 180 203
222 180 203
222 180 203
222 181 203
222 181 203
222 181 203
223 181 203
223 181 204
223 182 204
223 182 204
223 182 204
223 182 204
224 182 204
224 183 204
224 183 204
224 183 204
224 183 205
225 184 205
225 184 205
225 184 205
225 184 205
225 184 205
225 185 205
226 185 205
226 185 205
226 185 206
226 185 206
226 186 206
227 186 206
227 186 206
227 186 206
227 186 206
227 187 206
227 187 206
228 187 207
228 187 207
228 187 207
228 188 207
228 188 207
229 188 207
229 188 207
229 188 207
229 189 207
229 189 208
229 189 208
230 189 208
230 190 208
230 190 208
230 190 208
230 190 208
231 190 208
231 190 208
231 191 208
231 191 209
231 191 209
231 191 209
231 191 209
231 191 209
231 192 209
231 192 209
231 192 209
231 192 209
231 192 209
232 192 209
232 192 209
232 193 209
232 193 209
232 193 209
232 193 210
232 193 210
232 193 210
232 194 210
232 194 210
232 194 210
232 194 210
232 194 210
233 194 210
233 194 210
233 195 210
233 195 210
233 195 210
233 195 210
233 195 210
233 195 210
233 196 211
233 196 211
233 196 211
233 196 211
233 196 211
234 196 211
234 196 211
234 197 211
234 197 211
234 197 211
234 197 211
234 197 211
234 197 211
234 198 211
234 198 211
234 198 212
234 198 212
235 198 212
235 198 212
235 198 212
235 199 212
235 199 212
235 199 212
235 199 212
235 199 212
235 199 212
235 200 212
235 200 212
235 200 212
235 200 212
236 200 213
236 200 213
236 200 213
236 201 213
236 201 213
236 201 213
236 201 213
236 201 213
236 201 213
236 202 213
236 202 213
236 202 213
236 202 213
237 202 213
237 202 213
237 202 214
237 203 214
237 203 214
237 203 214
237 203 214
237 203 214
237 203 214
237 204 214
237 204 214
237 204 214
237 204 214
238 204 214
238 204 214
238 204 214
238 205 214
238 205 215
238 205 215
238 205 215
238 205 215
238 205 215
238 206 215
238 206 215
238 206 215
238 206 215
239 206 215
239 206 215
239 206 215
239 207 215
239 207 215
239 207 215
239 207 216
239 207 216
239 207 216
239 208 216
239 208 216
239 208 216
240 208 216
240 208 216
240 208 216
240 208 216
240 209 216
240 209 216
240 209 216
240 209 216
240 209 216
240 209 216
240 210 217
240 210 217
240 210 217
241 210 217
241 210 217
241 210 217
241 210 217
241 211 217
241 211 217
241 211 217
241 211 217
241 211 217
241 211 217
241 212 217
241 212 217
241 212 218
242 212 218
242 212 218
242 212 218
242 212 218
242 213 218
242 213 218
242 213 218
242 213 218
242 213 218
242 213 218
242 214 218
242 214 218
242 214 218
243 214 218
243 214 219
243 214 219
243 214 219
243 215 219
243 215 219
243 215 219
243 215 219
243 215 219
243 215 219
243 216 219
243 216 219
243 216 219
244 216 219
244 216 219
244 216 219
244 216 220
244 217 220
244 217 220
244 217 220
244 217 220
244 217 220
244 217 220
244 218 220
244 218 220
245 218 220
245 218 220
245 218 220
245 218 220
245 218 220
245 219 220
245 219 221
245 219 221
245 219 221
245 219 221
245 219 221
245 220 221
245 220 221
246 220 221
246 220 221
246 220 221
246 220 221
246 220 221
246 221 221
246 221 221
246 221 221
246 221 222
246 221 222
246 221 222
246 222 222
246 222 222
246 222 222
246 222 222
246 222 221
246 222 221
246 222 221
246 222 221
246 222 221
245 222 221
245 222 220
245 222 220
245 221 220
245 221 220
245 221 220
245 221 220
244 221 220
244 221 219
244 221 219
244 221 219
244 221 219
244 221 219
243 221 219
243 221 218
243 221 218
243 221 218
243 221 218
243 221 218
243 221 218
242 221 217
242 221 217
242 221 217
242 221 217
242 221 217
242 221 217
242 221 216
241 221 216
241 221 216
241 221 216
241 221 216
241 221 216
241 221 216
241 221 215
240 221 215
240 220 215
240 220 215
240 220 215
240 220 215
240 220 214
240 220 214
239 220 214
239 220 214
239 220 214
239 220 214
239 220 213
239 220 213
239 220 213
238 220 213
238 220 213
238 220 213
238 220 213
238 220 212
238 220 212
237 220 212
237 220 212
237 220 212
237 220 212
237 220 211
237 220 211
237 220 211
236 220 211
236 220 211
236 220 211
236 220 210
236 220 210
236 220 210
236 220 210
235 219 210
235 219 210
235 219 210
235 219 209
235 219 209
235 219 209
235 219 209
234 219 209
234 219 209
234 219 208
234 219 208
234 219 208
234 219 208
234 219 208
233 219 208
233 219 207
233 219 207
233 219 207
233 219 207
233 219 207
233 219 207
232 219 207
232 219 206
232 219 206
232 219 206
232 219 206
232 219 206
231 219 206
231 219 205
231 219 205
231 219 205
231 219 205
231 218 205
231 218 205
230 218 204
230 218 204
230 218 204
230 218 204
230 218 204
230 218 204
230 218 204
229 218 203
229 218 203
229 218 203
229 218 203
229 218 203
229 218 203
229 218 202
228 218 202
228 218 202
228 218 202
228 218 202
228 218 202
228 218 201
228 218 201
227 218 201
227 218 201
227 218 201
227 218 201
227 218 201
227 218 200
226 218 200
226 218 200
226 218 200
226 218 200
226 217 200
226 217 199
226 217 199
225 217 199
225 217 199
225 217 199
225 217 199
225 217 198
225 217 198
225 217 198
224 217 198
224 217 198
224 217 198
224 217 198
224 217 197
224 217 197
224 217 197
223 217 197
223 217 197
223 217 197
223 217 196
223 217 196
223 217 196
223 217 196
222 217 196
222 217 196
222 217 195
222 217 195
222 217 195
222 217 195
222 217 195
221 217 195
221 216 194
221 216 194
221 216 194
221 216 194
221 216 194
220 216 194
220 216 194
220 216 193
220 216 193
220 216 193
220 216 193
220 216 193
219 216 193
219 216 192
219 216 192
219 216 192
219 216 192
219 216 192
219 216 192
218 216 191
218 216 191
218 216 191
218 216 191
218 216 191
218 216 191
218 216 191
217 216 190
217 216 190
217 216 190
217 216 190
217 216 190
217 216 190
217 216 189
216 215 189
216 215 189
216 215 189
216 215 189
215 215 188
215 215 188
215 215 188
215 215 188
214 215 187
214 215 187
214 215 187
214 214 187
213 214 187
213 214 186
213 214 186
213 214 186
212 214 186
212 214 185
212 214 185
212 214 185
211 214 185
211 213 185
211 213 184
211 213 184
210 213 184
210 213 184
210 213 183
210 213 183
209 213 183
209 213 183
209 213 182
209 213 182
208 212 182
208 212 182
208 212 182
208 212 181
207 212 181
207 212 181
207 212 181
207 212 180
206 212 180
206 212 180
206 212 180
206 211 180
205 211 179
205 211 179
205 211 179
205 211 179
204 211 178
204 211 178
204 211 178
204 211 178
203 211 178
203 211 177
203 210 177
203 210 177
202 210 177
202 210 176
202 210 176
202 210 176
201 210 176
201 210 176
201 210 175
201 210 175
200 210 175
200 209 175
200 209 174
200 209 174
199 209 174
199 209 174
199 209 174
199 209 173
198 209 173
198 209 173
198 209 173
198 209 172
197 208 172
197 208 172
197 208 172
197 208 172
196 208 171
196 208 171
196 208 171
196 208 171
195 208 170
195 208 170
195 207 170
195 207 170
194 207 169
194 207 169
194 207 169
194 207 169
193 207 169
193 207 168
193 207 168
193 207 168
192 207 168
192 206 167
192 206 167
192 206 167
191 206 167
191 206 167
191 206 166
191 206 166
190 206 166
190 206 166
190 206 165
190 206 165
189 205 165
189 205 165
189 205 165
189 205 164
188 205 164
188 205 164
188 205 164
188 205 163
187 205 163
187 205 163
187 205 163
187 204 163
186 204 162
186 204 162
186 204 162
186 204 162
185 204 161
185 204 161
185 204 161
185 204 161
184 204 161
184 204 160
184 203 160
184 203 160
183 203 160
183 203 159
183 203 159
183 203 159
182 203 159
182 203 159
182 203 158
182 203 158
181 202 158
181 202 158
181 202 157
181 202 157
180 202 157
180 202 157
180 202 156
180 202 156
179 202 156
179 202 156
179 202 156
179 201 155
178 201 155
178 201 155
178 201 155
178 201 154
177 201 154
177 201 154
177 201 154
177 201 154
176 201 153
176 201 153
176 200 153
176 200 153
175 200 152
175 200 152
175 200 152
175 200 152
174 200 152
174 200 151
174 200 151
174 200 151
173 200 151
173 199 150
173 199 150
173 199 150
172 199 150
172 199 150
172 199 149
172 199 149
171 199 149
171 199 149
171 199 148
171 199 148
170 198 148
170 198 148
170 198 148
170 198 147
169 198 147
169 198 147
169 198 147
169 198 146
168 198 146
168 198 146
168 198 146
168 197 145
167 197 145
167 197 145
167 197 145
167 197 145
166 197 144
166 197 144
166 197 144
166 197 144
165 197 143
165 196 143
165 196 143
164 196 143
164 196 142
164 196 142
163 195 142
163 195 142
162 195 141
162 195 141
162 195 141
161 194 140
161 194 140
161 194 140
160 194 140
160 194 139
160 193 139
159 193 139
159 193 138
158 193 138
158 193 138
158 192 138
157 192 137
157 192 137
157 192 137
156 192 137
156 191 136
155 191 136
155 191 136
155 191 135
154 191 135
154 190 135
154 190 135
153 190 134
153 190 134
152 190 134
152 189 134
152 189 133
151 189 133
151 189 133
151 189 132
150 188 132
150 188 132
149 188 132
149 188 131
149 188 131
148 187 131
148 187 130
148 187 130
147 187 130
147 187 130
147 186 129
146 186 129
146 186 129
145 186 129
145 186 128
145 186 128
144 185 128
144 185 127
144 185 127
143 185 127
143 185 127
142 184 126
142 184 126
142 184 126
141 184 125
141 184 125
141 183 125
140 183 125
140 183 124
139 183 124
139 183 124
139 182 124
138 182 123
138 182 123
138 182 123
137 182 122
137 181 122
137 181 122
136 181 122
136 181 121
135 181 121
135 180 121
135 180 120
134 180 120
134 180 120
134 180 120
133 179 119
133 179 119
132 179 119
132 179 119
132 179 118
131 178 118
131 178 118
131 178 117
130 178 117
130 178 117
129 177 117
129 177 116
129 177 116
128 177 116
128 177 115
128 176 115
127 176 115
127 176 115
126 176 114
126 176 114
126 175 114
125 175 114
125 175 113
125 175 113
124 175 113
124 174 112
124 174 112
123 174 112
123 174 112
122 174 111
122 173 111
122 173 111
121 173 111
121 173 110
121 173 110
120 172 110
120 172 109
119 172 109
119 172 109
119 172 109
118 171 108
118 171 108
118 171 108
117 171 107
117 171 107
116 170 107
116 170 107
116 170 106
115 170 106
115 170 106
115 169 106
114 169 105
114 169 105
113 169 105
113 169 104
113 168 104
112 168 104
112 168 104
112 168 103
111 168 103
111 167 103
111 167 102
110 167 102
110 167 102
109 167 102
109 167 101
109 166 101
108 166 101
108 166 101
108 166 100
107 166 100
107 165 100
106 165 99
106 165 99
106 165 99
105 165 99
105 164 98
105 164 98
104 164 98
104 164 97
103 164 97
103 163 97
103 163 97
102 163 96
102 163 96
102 163 96
101 162 96
101 162 95
100 162 95
100 162 95
100 162 94
99 161 94
99 161 94
99 161 94
98 161 93
98 161 93
98 160 93
97 160 93
97 160 92
96 160 92
96 160 92
96 159 91
95 159 91
95 159 91
95 159 91
94 159 90
94 158 90
93 158 90
93 158 89
93 158 89
92 158 89
92 157 89
92 157 88
91 157 88
91 157 88
90 157 88
90 156 87
90 156 87
89 156 87
89 156 87
89 156 86
88 155 86
88 155 86
88 155 86
88 155 86
87 154 85
87 154 85
87 154 85
86 154 85
86 153 85
86 153 85
85 153 84
85 153 84
85 152 84
84 152 84
84 152 84
84 152 83
84 151 83
83 151 83
83 151 83
83 151 83
82 151 82
82 150 82
82 150 82
81 150 82
81 150 82
81 149 82
80 149 81
80 149 81
80 149 81
80 148 81
79 148 81
79 148 80
79 148 80
78 147 80
78 147 80
78 147 80
77 147 80
77 147 79
77 146 79
76 146 79
76 146 79
76 146 79
76 145 78
75 145 78
75 145 78
75 145 78
74 144 78
74 144 77
74 144 77
73 144 77
73 143 77
73 143 77
72 143 77
72 143 76
72 142 76
72 142 76
71 142 76
71 142 76
71 142 75
70 141 75
70 141 75
70 141 75
69 141 75
69 140 75
69 140 74
68 140 74
68 140 74
68 139 74
68 139 74
67 139 73
67 139 73
67 138 73
66 138 73
66 138 73
66 138 73
65 137 72
65 137 72
65 137 72
64 137 72
64 137 72
64 136 71
64 136 71
63 136 71
63 136 71
63 135 71
62 135 70
62 135 70
62 135 70
61 134 70
61 134 70
61 134 70
60 134 69
60 133 69
60 133 69
60 133 69
59 133 69
59 133 68
59 132 68
58 132 68
58 132 68
58 132 68
57 131 68
57 131 67
57 131 67
56 131 67
56 130 67
56 130 67
56 130 66
55 130 66
55 129 66
55 129 66
54 129 66
54 129 65
54 128 65
53 128 65
53 128 65
53 128 65
52 128 65
52 127 64
52 127 64
52 127 64
51 127 64
51 126 64
51 126 63
50 126 63
50 126 63
50 125 63
49 125 63
49 125 63
49 125 62
48 124 62
48 124 62
48 124 62
48 124 62
47 123 61
47 123 61
47 123 61
46 123 61
46 123 61
46 122 61
45 122 60
45 122 60
45 122 60
44 121 60
44 121 60
44 121 59
44 121 59
43 120 59
43 120 59
43 120 59
42 120 58
42 119 58
42 119 58
41 119 58
41 119 58
41 118 58
40 118 57
40 118 57
40 118 57
40 118 57
39 117 57
39 117 56
39 117 56
38 117 56
38 116 56
38 116 56
37 116 56
37 116 55
37 115 55
36 115 55
36 115 55
36 115 55
36 114 54
35 114 54
35 114 54
35 114 54
34 114 54
34 113 53
34 113 53
33 113 53
33 113 53
33 112 53
32 112 53
32 112 52
32 112 52
32 111 52
31 111 52
31 111 52
31 111 51
30 110 51
30 110 51
30 110 51
29 110 51
29 109 51
29 109 50
28 109 50
28 109 50
28 109 50
28 108 50
27 108 49
27 108 49
27 108 49
26 107 49
26 107 49
26 107 49
26 107 49
26 106 48
26 106 48
26 106 48
25 106 48
25 106 48
25 105 48
25 105 48
25 105 48
25 105 47
25 104 47
25 104 47
24 104 47
24 104 47
24 103 47
24 103 47
24 103 47
24 103 46
24 103 46
24 102 46
23 102 46
23 102 46
23 102 46
23 101 46
23 101 46
23 101 45
23 101 45
22 100 45
22 100 45
22 100 45
22 100 45
22 100 45
22 99 45
22 99 44
22 99 44
21 99 44
21 98 44
21 98 44
21 98 44
21 98 44
21 98 44
21 97 43
20 97 43
20 97 43
20 97 43
20 96 43
20 96 43
20 96 43
20 96 43
20 95 43
19 95 42
19 95 42
19 95 42
19 95 42
19 94 42
19 94 42
19 94 42
18 94 42
18 93 41
18 93 41
18 93 41
18 93 41
18 92 41
18 92 41
18 92 41
17 92 41
17 92 40
17 91 40
17 91 40
17 91 40
17 91 40
17 90 40
17 90 40
16 90 40
16 90 39
16 90 39
16 89 39
16 89 39
16 89 39
16 89 39
15 88 39
15 88 39
15 88 38
15 88 38
15 87 38
15 87 38
15 87 38
15 87 38
14 87 38
14 86 38
14 86 37
14 86 37
14 86 37
14 85 37
14 85 37
13 85 37
13 85 37
13 84 37
13 84 36
13 84 36
13 84 36
13 84 36
13 83 36
12 83 36
12 83 36
12 83 36
12 82 35
12 82 35
12 82 35
12 82 35
12 82 35
11 81 35
11 81 35
11 81 35
11 81 35
11 80 34
11 80 34
11 80 34
10 80 34
10 79 34
10 79 34
10 79 34
10 79 34
10 79 33
10 78 33
10 78 33
9 78 33
9 78 33
9 77 33
9 77 33
9 77 33
9 77 32
9 76 32
8 76 32
8 76 32
8 76 32
8 76 32
8 75 32
8 75 32
8 75 31
8 75 31
7 74 31
7 74 31
7 74 31
7 74 31
7 74 31
7 73 31
7 73 30
6 73 30
6 73 30
6 72 30
6 72 30
6 72 30
6 72 30
6 71 30
6 71 29
5 71 29
5 71 29
5 71 29
5 70 29
5 70 29
5 70 29
5 70 29
5 69 28
4 69 28
4 69 28
4 69 28
4 68 28
4 68 28
4 68 28
4 68 28
3 68 27
3 67 27
3 67 27
3 67 27
3 67 27
3 66 27
3 66 27
3 66 27
2 66 27
2 66 26
2 65 26
2 65 26
2 65 26
2 65 26
2 64 26
1 64 26
1 64 26
1 64 25
1 63 25
1 63 25
1 63 25
1 63 25
1 63 25
0 62 25
0 62 25
0 62 24
0 62 24
0 61 24
0 61 24
0 61 24
0 61 24
