255 222 225
254 222 225
254 222 225
254 222 225
254 222 225
254 221 225
254 221 225
254 221 225
254 221 225
254 221 225
254 221 225
254 221 225
254 221 225
254 221 225
253 221 225
253 221 225
253 221 225
253 221 225
253 220 225
253 220 225
253 220 225
253 220 225
253 220 225
253 220 225
253 220 224
253 220 224
253 220 224
252 220 224
252 220 224
252 220 224
252 220 224
252 220 224
252 219 224
252 219 224
252 219 224
252 219 224
252 219 224
252 219 224
252 219 224
252 219 224
252 219 224
251 219 224
251 219 224
251 219 224
251 219 224
251 218 224
251 218 224
251 218 224
251 218 224
251 218 224
251 218 223
251 218 223
251 218 223
251 218 223
250 218 223
250 218 223
250 218 223
250 218 223
250 218 223
250 217 223
250 217 223
250 217 223
250 217 223
250 217 223
250 217 223
250 217 223
250 217 223
250 217 223
249 217 223
249 217 223
249 217 223
249 217 223
249 216 223
249 216 223
249 216 223
249 216 222
249 216 222
249 216 222
249 216 222
249 216 222
249 216 222
248 216 222
248 216 222
248 216 222
248 216 222
248 216 222
248 215 222
248 215 222
248 215 222
248 215 222
248 215 222
248 215 222
248 215 222
248 215 222
248 215 222
247 215 222
247 215 222
247 215 222
247 215 222
247 214 222
247 214 222
247 214 221
247 214 221
247 214 221
247 214 221
247 214 221
247 214 221
247 214 221
246 214 221
246 214 221
246 214 221
246 214 221
246 214 221
246 213 221
246 213 221
246 213 221
246 213 221
246 213 221
246 213 221
246 213 221
246 213 221
246 213 221
245 213 221
245 213 221
245 213 221
245 213 221
245 212 221
245 212 220
245 212 220
245 212 220
245 212 220
245 212 220
245 212 220
245 212 220
245 212 220
244 212 220
244 212 220
244 212 220
244 212 220
244 212 220
244 211 220
244 211 220
244 211 220
244 211 220
244 211 220
244 211 220
244 211 220
244 211 220
244 211 220
243 211 220
243 211 220
243 211 220
243 211 220
243 210 219
243 210 219
243 210 219
243 210 219
243 210 219
243 210 219
243 210 219
243 210 219
243 210 219
242 210 219
242 210 219
242 210 219
242 210 219
242 210 219
242 209 219
242 209 219
242 209 219
242 209 219
242 209 219
242 209 219
242 209 219
242 209 219
242 209 219
241 209 219
241 209 219
241 209 219
241 209 218
241 209 218
241 208 218
241 208 218
241 208 218
241 208 218
241 208 218
241 208 218
241 208 218
241 208 218
240 208 218
240 208 218
240 208 218
240 208 218
240 208 218
240 207 218
240 207 218
240 207 218
240 207 218
240 207 218
240 207 218
240 207 218
240 207 218
240 207 218
239 207 218
239 207 218
239 207 217
239 207 217
239 207 217
239 206 217
239 206 217
239 206 217
239 206 217
239 206 217
239 206 217
239 206 217
239 206 217
238 206 217
238 206 217
238 206 217
238 206 217
238 206 217
238 205 217
238 205 217
238 205 217
238 205 217
238 205 217
238 205 217
238 205 217
238 205 217
237 205 217
237 205 217
237 205 216
237 205 216
237 205 216
237 205 216
237 204 216
237 204 216
237 204 216
237 204 216
237 204 216
237 204 216
237 204 216
237 204 216
236 204 216
236 204 216
236 204 216
236 204 216
236 204 216
236 203 216
236 203 216
236 203 216
236 203 216
236 203 216
236 203 216
236 203 216
236 203 216
235 203 215
235 203 215
235 203 215
235 203 215
235 203 215
235 203 215
235 203 215
235 202 215
235 202 215
235 202 215
234 202 215
234 202 215
234 202 215
234 202 215
234 202 215
234 202 215
234 202 215
234 202 215
234 202 215
233 202 215
233 202 215
233 202 215
233 202 215
233 202 215
233 201 215
233 201 215
233 201 215
233 201 215
232 201 215
232 201 214
232 201 214
232 201 214
232 201 214
232 201 214
232 201 214
232 201 214
232 201 214
231 201 214
231 201 214
231 201 214
231 201 214
231 200 214
231 200 214
231 200 214
231 200 214
231 200 214
230 200 214
230 200 214
230 200 214
230 200 214
230 200 214
230 200 214
230 200 214
230 200 214
230 200 214
229 200 214
229 200 214
229 199 213
229 199 213
229 199 213
229 199 213
229 199 213
229 199 213
229 199 213
228 199 213
228 199 213
228 199 213
228 199 213
228 199 213
228 199 213
228 199 213
228 199 213
228 199 213
227 199 213
227 198 213
227 198 213
227 198 213
227 198 213
227 198 213
227 198 213
227 198 213
227 198 213
227 198 213
226 198 213
226 198 213
226 198 213
226 198 212
226 198 212
226 198 212
226 198 212
226 198 212
226 197 212
225 197 212
225 197 212
225 197 212
225 197 212
225 197 212
225 197 212
225 197 212
225 197 212
225 197 212
224 197 212
224 197 212
224 197 212
224 197 212
224 197 212
224 197 212
224 196 212
224 196 212
224 196 212
223 196 212
223 196 212
223 196 212
223 196 212
223 196 211
223 196 211
223 196 211
223 196 211
223 196 211
222 196 211
222 196 211
222 196 211
222 196 211
222 196 211
222 195 211
222 195 211
222 195 211
222 195 211
221 195 211
221 195 211
221 195 211
221 195 211
221 195 211
221 195 211
221 195 211
221 195 211
221 195 211
220 195 211
220 195 211
220 195 211
220 195 211
220 194 211
220 194 211
220 194 210
220 194 210
220 194 210
220 194 210
219 194 210
219 194 210
219 194 210
219 194 210
219 194 210
219 194 210
219 194 210
219 194 210
219 194 210
218 194 210
218 194 210
218 193 210
218 193 210
218 193 210
218 193 210
218 193 210
218 193 210
218 193 210
217 193 210
217 193 210
217 193 210
217 193 210
217 193 210
217 193 210
217 193 209
217 193 209
217 193 209
216 192 209
216 192 209
216 192 209
216 192 209
216 192 209
216 192 209
216 192 209
216 192 209
216 192 209
215 192 209
215 192 209
215 192 209
215 192 209
215 192 209
215 192 209
215 192 209
215 192 209
215 191 209
214 191 209
214 191 209
214 191 209
214 191 209
214 191 209
214 191 209
214 191 209
214 191 208
214 191 208
213 191 208
213 191 208
213 191 208
213 191 208
213 191 208
213 191 208
213 191 208
213 190 208
213 190 208
213 190 208
212 190 208
212 190 208
212 190 208
212 190 208
212 190 208
212 190 208
212 190 208
212 190 208
212 190 208
211 190 208
211 190 208
211 190 208
211 190 208
211 189 208
211 189 208
211 189 208
211 189 208
211 189 207
210 189 207
210 189 207
210 189 207
210 189 207
210 189 207
210 189 207
210 189 207
210 189 207
210 189 207
209 189 207
209 189 207
209 189 207
209 188 207
209 188 207
209 188 207
209 188 207
209 188 207
209 188 207
208 188 207
208 188 207
208 188 207
208 188 207
208 188 207
208 188 207
208 188 207
208 188 207
208 188 207
207 188 206
207 188 206
207 187 206
207 187 206
207 187 206
207 187 206
206 187 206
206 187 206
206 187 206
206 187 206
206 187 206
206 187 206
205 187 206
205 187 206
205 187 206
205 187 206
205 186 206
205 186 206
205 186 206
204 186 206
204 186 206
204 186 206
204 186 206
204 186 206
204 186 206
203 186 206
203 186 205
203 186 205
203 186 205
203 186 205
203 185 205
202 185 205
202 185 205
202 185 205
202 185 205
202 185 205
202 185 205
201 185 205
201 185 205
201 185 205
201 185 205
201 185 205
201 185 205
200 185 205
200 184 205
200 184 205
200 184 205
200 184 205
200 184 205
199 184 205
199 184 205
199 184 205
199 184 204
199 184 204
199 184 204
198 184 204
198 184 204
198 184 204
198 184 204
198 183 204
198 183 204
197 183 204
197 183 204
197 183 204
197 183 204
197 183 204
197 183 204
196 183 204
196 183 204
196 183 204
196 183 204
196 183 204
196 183 204
195 182 204
195 182 204
195 182 204
195 182 204
195 182 204
195 182 203
194 182 203
194 182 203
194 182 203
194 182 203
194 182 203
194 182 203
194 182 203
193 182 203
193 181 203
193 181 203
193 181 203
193 181 203
193 181 203
192 181 203
192 181 203
192 181 203
192 181 203
192 181 203
192 181 203
191 181 203
191 181 203
191 181 203
191 180 203
191 180 203
191 180 203
190 180 202
190 180 202
190 180 202
190 180 202
190 180 202
190 180 202
189 180 202
189 180 202
189 180 202
189 180 202
189 180 202
189 179 202
188 179 202
188 179 202
188 179 202
188 179 202
188 179 202
188 179 202
187 179 202
187 179 202
187 179 202
187 179 202
187 179 202
187 179 202
186 179 202
186 179 201
186 178 201
186 178 201
186 178 201
186 178 201
185 178 201
185 178 201
185 178 201
185 178 201
185 178 201
185 178 201
184 178 201
184 178 201
184 178 201
184 178 201
184 177 201
184 177 201
183 177 201
183 177 201
183 177 201
183 177 201
183 177 201
183 177 201
183 177 201
182 177 201
182 177 201
182 177 200
182 177 200
182 177 200
182 176 200
181 176 200
181 176 200
181 176 200
181 176 200
181 176 200
181 176 200
180 176 200
180 176 200
180 176 200
180 176 200
180 176 200
180 176 200
179 176 200
179 175 200
179 175 200
179 175 200
179 175 200
179 175 200
178 175 200
178 175 200
178 175 200
178 175 200
178 175 199
178 175 199
177 175 199
177 175 199
177 175 199
177 174 199
177 174 199
177 174 199
176 174 199
176 174 199
176 174 199
176 174 199
176 174 199
176 174 199
175 174 199
175 174 199
175 174 199
175 174 199
175 174 199
175 174 199
174 173 199
174 173 199
174 173 199
174 173 199
174 173 199
174 173 199
173 173 198
173 173 198
173 173 198
173 173 198
173 173 198
173 173 198
172 173 198
172 173 198
172 172 198
172 172 198
172 172 198
172 172 198
172 172 198
171 172 198
171 172 198
171 172 198
171 172 198
171 172 198
171 172 198
170 172 198
170 172 198
170 172 198
170 171 198
170 171 198
170 171 198
169 171 198
169 171 197
169 171 197
169 171 197
169 171 197
169 171 197
168 171 197
168 171 197
168 171 197
168 171 197
168 171 197
168 170 197
167 170 197
167 170 197
167 170 197
167 170 197
167 170 197
167 170 197
166 170 197
166 170 197
166 170 197
166 170 197
166 170 197
166 170 197
165 170 197
165 170 197
165 169 196
165 169 196
164 169 196
164 169 196
164 169 196
164 169 196
163 169 196
163 169 196
163 169 196
163 169 196
162 169 196
162 169 196
162 169 196
162 169 196
161 168 196
161 168 196
161 168 196
161 168 196
160 168 196
160 168 196
160 168 196
160 168 196
159 168 196
159 168 196
159 168 195
159 168 195
159 168 195
158 168 195
158 167 195
158 167 195
158 167 195
157 167 195
157 167 195
157 167 195
157 167 195
156 167 195
156 167 195
156 167 195
156 167 195
155 167 195
155 167 195
155 167 195
155 166 195
154 166 195
154 166 195
154 166 195
154 166 195
153 166 195
153 166 194
153 166 194
153 166 194
152 166 194
152 166 194
152 166 194
152 166 194
151 166 194
151 165 194
151 165 194
151 165 194
150 165 194
150 165 194
150 165 194
150 165 194
149 165 194
149 165 194
149 165 194
149 165 194
148 165 194
148 165 194
148 165 194
148 165 194
147 164 194
147 164 193
147 164 193
147 164 193
146 164 193
146 164 193
146 164 193
146 164 193
145 164 193
145 164 193
145 164 193
145 164 193
144 164 193
144 164 193
144 163 193
144 163 193
143 163 193
143 163 193
143 163 193
143 163 193
143 163 193
142 163 193
142 163 193
142 163 193
142 163 192
141 163 192
141 163 192
141 163 192
141 162 192
140 162 192
140 162 192
140 162 192
140 162 192
139 162 192
139 162 192
139 162 192
139 162 192
138 162 192
138 162 192
138 162 192
138 162 192
137 162 192
137 161 192
137 161 192
137 161 192
136 161 192
136 161 192
136 161 192
136 161 191
135 161 191
135 161 191
135 161 191
135 161 191
134 161 191
134 161 191
134 161 191
134 160 191
133 160 191
133 160 191
133 160 191
133 160 191
132 160 191
132 160 191
132 160 191
132 160 191
131 160 191
131 160 191
131 160 191
131 160 191
130 160 191
130 160 191
130 159 191
130 159 190
129 159 190
129 159 190
129 159 190
129 159 190
128 159 190
128 159 190
128 159 190
128 159 190
127 159 190
127 159 190
127 159 190
127 159 190
127 158 190
126 158 190
126 158 190
126 158 190
126 158 190
125 158 190
125 158 190
125 158 190
125 158 190
124 158 190
124 158 189
124 158 189
124 158 189
123 158 189
123 157 189
123 157 189
123 157 189
122 157 189
122 157 189
122 157 189
122 157 189
121 157 189
121 157 189
121 157 189
121 157 189
120 157 189
120 157 189
120 157 189
120 156 189
119 156 189
119 156 189
119 156 189
119 156 189
118 156 189
118 156 188
118 156 188
118 156 188
117 156 188
117 156 188
117 156 188
117 156 188
116 156 188
116 156 188
116 155 188
116 155 188
115 155 188
115 155 188
115 155 188
115 155 188
114 155 188
114 155 188
114 155 188
114 155 188
113 155 188
113 155 188
113 155 188
113 155 188
112 154 188
112 154 187
112 154 187
112 154 187
111 154 187
111 154 187
111 154 187
111 154 187
111 154 187
110 154 187
110 154 187
110 154 187
110 154 187
109 154 187
109 153 187
109 153 187
109 153 187
108 153 187
108 153 187
108 153 187
108 153 187
107 153 187
107 153 187
107 153 187
107 153 186
106 153 186
106 153 186
106 153 186
106 152 186
105 152 186
105 152 186
105 152 186
105 152 186
104 152 186
104 152 186
104 152 186
104 152 186
103 152 186
103 152 186
103 152 186
103 152 186
102 152 186
102 151 186
102 151 186
102 151 186
102 151 186
101 151 186
101 151 185
101 151 185
101 151 185
101 151 185
100 151 185
100 151 185
100 151 185
100 150 185
100 150 185
100 150 185
99 150 185
99 150 185
99 150 185
99 150 185
99 150 185
98 150 185
98 150 185
98 150 185
98 149 185
98 149 184
97 149 184
97 149 184
97 149 184
97 149 184
97 149 184
96 149 184
96 149 184
96 149 184
96 149 184
96 148 184
96 148 184
95 148 184
95 148 184
95 148 184
95 148 184
95 148 184
94 148 184
94 148 184
94 148 183
94 148 183
94 148 183
93 147 183
93 147 183
93 147 183
93 147 183
93 147 183
92 147 183
92 147 183
92 147 183
92 147 183
92 147 183
91 147 183
91 146 183
91 146 183
91 146 183
91 146 183
91 146 183
90 146 182
90 146 182
90 146 182
90 146 182
90 146 182
89 146 182
89 145 182
89 145 182
89 145 182
89 145 182
88 145 182
88 145 182
88 145 182
88 145 182
88 145 182
87 145 182
87 145 182
87 145 182
87 144 182
87 144 181
87 144 181
86 144 181
86 144 181
86 144 181
86 144 181
86 144 181
85 144 181
85 144 181
85 144 181
85 143 181
85 143 181
84 143 181
84 143 181
84 143 181
84 143 181
84 143 181
83 143 181
83 143 180
83 143 180
83 143 180
83 142 180
82 142 180
82 142 180
82 142 180
82 142 180
82 142 180
82 142 180
81 142 180
81 142 180
81 142 180
81 142 180
81 142 180
80 141 180
80 141 180
80 141 180
80 141 180
80 141 179
79 141 179
79 141 179
79 141 179
79 141 179
79 141 179
78 141 179
78 140 179
78 140 179
78 140 179
78 140 179
78 140 179
77 140 179
77 140 179
77 140 179
77 140 179
77 140 179
76 140 179
76 140 179
76 139 178
76 139 178
76 139 178
75 139 178
75 139 178
75 139 178
75 139 178
75 139 178
74 139 178
74 139 178
74 139 178
74 138 178
74 138 178
73 138 178
73 138 178
73 138 178
73 138 178
73 138 178
73 138 178
72 138 177
72 138 177
72 138 177
72 137 177
72 137 177
71 137 177
71 137 177
71 137 177
71 137 177
71 137 177
70 137 177
70 137 177
70 137 177
70 137 177
70 137 177
69 136 177
69 136 177
69 136 177
69 136 177
69 136 176
69 136 176
68 136 176
68 136 176
68 136 176
68 136 176
68 136 176
67 135 176
67 135 176
67 135 176
67 135 176
67 135 176
66 135 176
66 135 176
66 135 176
66 135 176
66 135 176
65 135 176
65 134 176
65 134 175
65 134 175
65 134 175
64 134 175
64 134 175
64 134 175
64 134 175
64 134 175
64 134 175
63 134 175
63 134 175
63 133 175
63 133 175
63 133 175
62 133 175
62 133 175
62 133 175
62 133 175
62 133 175
61 133 174
61 133 174
61 133 174
61 132 174
61 132 174
60 132 174
60 132 174
60 132 174
60 132 174
60 132 174
60 132 174
59 132 174
59 132 174
59 132 174
59 132 174
59 131 174
58 131 174
58 131 174
58 131 174
58 131 173
58 131 173
57 131 173
57 131 173
57 131 173
57 131 173
57 131 173
56 130 173
56 130 173
56 130 173
56 130 173
56 130 173
55 130 173
55 130 173
55 130 173
55 130 173
55 130 173
55 130 173
54 129 173
54 129 172
54 129 172
54 129 172
54 129 172
53 129 172
53 129 172
53 129 172
53 129 172
53 129 171
52 129 171
52 129 171
52 129 171
52 129 171
52 129 170
51 129 170
51 128 170
51 128 170
51 128 170
51 128 170
50 128 169
50 128 169
50 128 169
50 128 169
50 128 169
49 128 168
49 128 168
49 128 168
49 128 168
48 128 168
48 128 167
48 128 167
48 128 167
48 128 167
47 128 167
47 127 166
47 127 166
47 127 166
47 127 166
46 127 166
46 127 166
46 127 165
46 127 165
46 127 165
45 127 165
45 127 165
45 127 164
45 127 164
45 127 164
44 127 164
44 127 164
44 127 163
44 127 163
44 127 163
43 126 163
43 126 163
43 126 162
43 126 162
43 126 162
42 126 162
42 126 162
42 126 162
42 126 161
42 126 161
41 126 161
41 126 161
41 126 161
41 126 160
41 126 160
40 126 160
40 126 160
40 126 160
40 126 159
40 125 159
39 125 159
39 125 159
39 125 159
39 125 159
39 125 158
38 125 158
38 125 158
38 125 158
38 125 158
38 125 157
37 125 157
37 125 157
37 125 157
37 125 157
37 125 156
36 125 156
36 125 156
36 125 156
36 124 156
35 124 155
35 124 155
35 124 155
35 124 155
35 124 155
34 124 155
34 124 154
34 124 154
34 124 154
34 124 154
33 124 154
33 124 153
33 124 153
33 124 153
33 124 153
32 124 153
32 124 152
32 124 152
32 123 152
32 123 152
31 123 152
31 123 151
31 123 151
31 123 151
31 123 151
30 123 151
30 123 151
30 123 150
30 123 150
30 123 150
29 123 150
29 123 150
29 123 149
29 123 149
29 123 149
28 123 149
28 123 149
28 122 148
28 122 148
28 122 148
27 122 148
27 122 148
27 122 147
27 122 147
27 122 147
26 122 147
26 122 147
26 122 147
26 122 146
26 122 146
25 122 146
25 122 146
25 122 146
25 122 145
25 122 145
24 122 145
24 121 145
24 121 145
24 121 144
23 121 144
23 121 144
23 121 144
23 121 144
23 121 144
22 121 143
22 121 143
22 121 143
22 121 143
22 121 143
21 121 142
21 121 142
21 121 142
21 121 142
21 121 142
20 121 141
20 120 141
20 120 141
20 120 141
20 120 141
19 120 140
19 120 140
19 120 140
19 120 140
19 120 140
18 120 140
18 120 139
18 120 139
18 120 139
18 120 139
17 120 139
17 120 138
17 120 138
17 120 138
17 120 138
16 119 138
16 119 137
16 119 137
16 119 137
16 119 137
15 119 137
15 119 136
15 119 136
15 119 136
15 119 136
14 119 136
14 119 136
14 119 135
14 119 135
14 119 135
13 119 135
13 119 135
13 119 134
13 119 134
13 118 134
12 118 134
12 118 134
12 118 133
12 118 133
12 118 133
11 118 133
11 118 133
11 118 132
11 118 132
10 118 132
10 118 132
10 118 132
10 118 132
10 118 131
9 118 131
9 118 131
9 118 131
9 118 131
9 117 130
8 117 130
8 117 130
8 117 130
8 117 130
8 117 129
7 117 129
7 117 129
7 117 129
7 117 129
7 117 128
6 117 128
6 117 128
6 117 128
6 117 128
6 117 128
5 117 127
5 117 127
5 117 127
5 116 127
5 116 127
4 116 126
4 116 126
4 116 126
4 116 126
4 116 126
3 116 125
3 116 125
3 116 125
3 116 125
3 116 125
2 116 125
2 116 124
2 116 124
2 116 124
2 116 124
1 116 124
1 115 123
1 115 123
1 115 123
1 115 123
1 115 123
1 115 123
1 115 122
1 115 122
1 115 122
1 115 122
1 115 122
1 115 122
1 115 121
1 115 121
1 114 121
1 114 121
1 114 121
1 114 120
1 114 120
1 114 120
1 114 120
1 114 120
1 114 120
1 114 119
1 114 119
1 114 119
1 114 119
1 113 119
1 113 119
1 113 118
1 113 118
1 113 118
1 113 118
1 113 118
1 113 118
1 113 117
1 113 117
1 113 117
1 113 117
1 113 117
1 113 117
1 112 116
1 112 116
1 112 116
1 112 116
1 112 116
1 112 115
1 112 115
1 112 115
1 112 115
1 112 115
1 112 115
1 112 114
1 112 114
1 111 114
1 111 114
1 111 114
1 111 114
1 111 113
1 111 113
1 111 113
1 111 113
1 111 113
1 111 113
1 111 112
1 111 112
1 111 112
1 111 112
1 110 112
1 110 112
1 110 111
1 110 111
1 110 111
1 110 111
1 110 111
1 110 110
1 110 110
1 110 110
1 110 110
1 110 110
1 110 110
1 109 109
1 109 109
1 109 109
1 109 109
1 109 109
1 109 109
1 109 108
1 109 108
1 109 108
1 109 108
1 109 108
1 109 108
1 109 107
1 109 107
1 108 107
1 108 107
1 108 107
1 108 107
1 108 106
1 108 106
1 108 106
1 108 106
1 108 106
1 108 105
1 108 105
1 108 105
1 108 105
1 107 105
1 107 105
1 107 104
1 107 104
1 107 104
1 107 104
1 107 104
1 107 104
1 107 103
1 107 103
1 107 103
1 107 103
1 107 103
1 107 103
1 106 102
1 106 102
1 106 102
1 106 102
1 106 102
1 106 102
1 106 101
1 106 101
1 106 101
1 106 101
1 106 101
1 106 100
1 106 100
1 105 100
1 105 100
1 105 100
1 105 100
1 105 99
1 105 99
1 105 99
1 105 99
1 105 99
1 105 99
1 105 98
1 105 98
1 105 98
1 105 98
1 104 98
1 104 98
1 104 97
1 104 97
1 104 97
1 104 97
1 104 97
1 104 97
1 104 96
1 104 96
1 104 96
1 104 96
1 104 96
1 104 95
1 103 95
1 103 95
1 103 95
1 103 95
1 103 95
1 103 94
1 103 94
1 103 94
1 103 94
1 103 94
1 103 94
1 103 93
1 103 93
1 102 93
1 102 93
1 102 93
1 102 93
1 102 92
1 102 92
1 102 92
1 102 92
1 102 92
1 102 92
1 102 91
1 102 91
1 102 91
1 102 91
1 101 91
1 101 90
1 101 90
1 101 90
1 101 90
1 101 90
1 101 90
1 101 89
1 101 89
1 101 89
1 101 89
1 101 89
1 101 89
1 100 88
1 100 88
1 100 88
1 100 88
1 100 88
1 100 88
1 100 87
1 100 87
1 100 87
1 100 87
1 100 87
1 100 87
1 100 86
1 100 86
1 99 86
1 99 86
1 99 86
1 99 85
1 99 85
1 99 85
1 99 85
1 99 85
1 99 85
1 99 84
1 99 84
1 99 84
1 99 84
1 98 84
1 98 84
1 98 83
1 98 83
1 98 83
1 98 83
1 98 83
1 98 83
1 98 82
1 98 82
1 98 82
1 98 82
1 98 82
1 98 82
1 97 81
1 97 81
1 97 81
1 97 81
1 97 81
1 97 80
1 97 80
1 97 80
1 97 80
1 97 80
1 97 80
1 97 79
1 96 79
1 96 79
1 96 79
1 96 79
1 96 79
1 96 79
1 96 79
1 96 79
1 95 78
1 95 78
1 95 78
1 95 78
1 95 78
1 95 78
1 95 78
1 94 78
1 94 77
1 94 77
1 94 77
1 94 77
1 94 77
1 94 77
1 94 77
1 93 77
1 93 76
1 93 76
1 93 76
1 93 76
1 93 76
1 93 76
1 92 76
1 92 76
1 92 75
1 92 75
1 92 75
1 92 75
1 92 75
1 92 75
1 91 75
1 91 75
1 91 74
1 91 74
1 91 74
1 91 74
1 91 74
1 90 74
1 90 74
1 90 74
1 90 73
1 90 73
1 90 73
1 90 73
1 89 73
1 89 73
1 89 73
1 89 73
1 89 72
1 89 72
1 89 72
1 89 72
1 88 72
1 88 72
1 88 72
1 88 72
1 88 71
1 88 71
1 88 71
1 87 71
1 87 71
1 87 71
1 87 71
1 87 71
1 87 71
1 87 70
1 87 70
1 86 70
1 86 70
1 86 70
1 86 70
1 86 70
1 86 70
1 86 69
1 85 69
1 85 69
1 85 69
1 85 69
1 85 69
1 85 69
1 85 69
1 85 68
1 84 68
1 84 68
1 84 68
1 84 68
1 84 68
1 84 68
1 84 68
1 83 67
1 83 67
1 83 67
1 83 67
1 83 67
1 83 67
1 83 67
1 83 67
1 82 66
1 82 66
1 82 66
1 82 66
1 82 66
1 82 66
1 82 66
1 81 66
1 81 65
1 81 65
1 81 65
1 81 65
1 81 65
1 81 65
1 81 65
1 80 65
1 80 64
1 80 64
1 80 64
1 80 64
1 80 64
1 80 64
1 79 64
1 79 64
1 79 63
1 79 63
1 79 63
1 79 63
1 79 63
1 79 63
1 78 63
1 78 63
1 78 63
1 78 62
1 78 62
1 78 62
1 78 62
1 77 62
1 77 62
1 77 62
1 77 62
1 77 61
1 77 61
1 77 61
1 77 61
1 76 61
1 76 61
1 76 61
1 76 61
1 76 60
1 76 60
1 76 60
1 75 60
1 75 60
1 75 60
1 75 60
1 75 60
1 75 59
1 75 59
1 75 59
1 74 59
1 74 59
1 74 59
1 74 59
1 74 59
1 74 58
1 74 58
1 73 58
1 73 58
1 73 58
1 73 58
1 73 58
1 73 58
1 73 57
1 73 57
1 72 57
1 72 57
1 72 57
1 72 57
1 72 57
1 72 57
1 72 56
1 71 56
1 71 56
1 71 56
1 71 56
1 71 56
1 71 56
1 71 56
1 71 55
1 70 55
1 70 55
1 70 55
1 70 55
1 70 55
1 70 55
1 70 55
1 69 55
1 69 54
1 69 54
1 69 54
1 69 54
1 69 54
1 69 54
1 69 54
1 68 54
1 68 53
1 68 53
1 68 53
1 68 53
1 68 53
1 68 53
1 67 53
1 67 53
1 67 52
1 67 52
1 67 52
1 67 52
1 67 52
1 67 52
1 66 52
1 66 52
1 66 51
1 66 51
1 66 51
1 66 51
1 66 51
1 65 51
1 65 51
1 65 51
1 65 50
1 65 50
1 65 50
1 65 50
1 65 50
1 64 50
1 64 50
1 64 50
1 64 49
1 64 49
1 64 49
1 64 49
1 63 49
1 63 49
1 63 49
1 63 49
1 63 48
1 63 48
1 63 48
1 63 48
