255 222 225
254 222 225
254 222 225
254 222 225
254 222 225
254 222 225
254 221 225
254 221 225
254 221 225
254 221 225
254 221 225
254 221 225
254 221 225
254 221 225
253 221 225
253 221 225
253 221 225
253 221 225
253 221 225
253 221 225
253 221 225
253 221 225
253 221 225
253 221 225
253 220 225
253 220 225
253 220 225
252 220 225
252 220 225
252 220 224
252 220 224
252 220 224
252 220 224
252 220 224
252 220 224
252 220 224
252 220 224
252 220 224
252 220 224
252 220 224
252 220 224
251 219 224
251 219 224
251 219 224
251 219 224
251 219 224
251 219 224
251 219 224
251 219 224
251 219 224
251 219 224
251 219 224
251 219 224
251 219 224
250 219 224
250 219 224
250 219 224
250 219 224
250 219 224
250 218 224
250 218 224
250 218 223
250 218 223
250 218 223
250 218 223
250 218 223
250 218 223
250 218 223
249 218 223
249 218 223
249 218 223
249 218 223
249 218 223
249 218 223
249 218 223
249 218 223
249 218 223
249 217 223
249 217 223
249 217 223
249 217 223
248 217 223
248 217 223
248 217 223
248 217 223
248 217 223
248 217 223
248 217 223
248 217 223
248 217 223
248 217 223
248 217 223
248 217 222
248 217 222
248 217 222
247 216 222
247 216 222
247 216 222
247 216 222
247 216 222
247 216 222
247 216 222
247 216 222
247 216 222
247 216 222
247 216 222
247 216 222
247 216 222
246 216 222
246 216 222
246 216 222
246 216 222
246 215 222
246 215 222
246 215 222
246 215 222
246 215 222
246 215 222
246 215 222
246 215 222
246 215 222
246 215 222
245 215 222
245 215 222
245 215 221
245 215 221
245 215 221
245 215 221
245 215 221
245 215 221
245 214 221
245 214 221
245 214 221
245 214 221
245 214 221
244 214 221
244 214 221
244 214 221
244 214 221
244 214 221
244 214 221
244 214 221
244 214 221
244 214 221
244 214 221
244 214 221
244 214 221
244 214 221
244 213 221
243 213 221
243 213 221
243 213 221
243 213 221
243 213 221
243 213 221
243 213 220
243 213 220
243 213 220
243 213 220
243 213 220
243 213 220
243 213 220
242 213 220
242 213 220
242 213 220
242 213 220
242 212 220
242 212 220
242 212 220
242 212 220
242 212 220
242 212 220
242 212 220
242 212 220
242 212 220
242 212 220
241 212 220
241 212 220
241 212 220
241 212 220
241 212 220
241 212 220
241 212 220
241 212 220
241 211 220
241 211 220
241 211 220
241 211 219
241 211 219
240 211 219
240 211 219
240 211 219
240 211 219
240 211 219
240 211 219
240 211 219
240 211 219
240 211 219
240 211 219
240 211 219
240 211 219
240 210 219
240 210 219
239 210 219
239 210 219
239 210 219
239 210 219
239 210 219
239 210 219
239 210 219
239 210 219
239 210 219
239 210 219
239 210 219
239 210 219
239 210 219
238 210 219
238 210 219
238 210 218
238 209 218
238 209 218
238 209 218
238 209 218
238 209 218
238 209 218
238 209 218
238 209 218
238 209 218
238 209 218
237 209 218
237 209 218
237 209 218
237 209 218
237 209 218
237 209 218
237 209 218
237 209 218
237 208 218
237 208 218
237 208 218
237 208 218
237 208 218
237 208 218
236 208 218
236 208 218
236 208 218
236 208 218
236 208 218
236 208 218
236 208 218
236 208 217
236 208 217
236 208 217
236 208 217
236 208 217
236 207 217
235 207 217
235 207 217
235 207 217
235 207 217
235 207 217
235 207 217
235 207 217
235 207 217
235 207 217
235 207 217
234 207 217
234 207 217
234 206 217
234 206 217
234 206 217
234 206 217
234 206 217
234 206 217
234 206 217
233 206 216
233 206 216
233 206 216
233 206 216
233 206 216
233 206 216
233 205 216
233 205 216
233 205 216
232 205 216
232 205 216
232 205 216
232 205 216
232 205 216
232 205 216
232 205 216
232 205 216
232 205 216
231 205 216
231 204 216
231 204 216
231 204 216
231 204 216
231 204 216
231 204 215
231 204 215
231 204 215
230 204 215
230 204 215
230 204 215
230 204 215
230 204 215
230 203 215
230 203 215
230 203 215
230 203 215
229 203 215
229 203 215
229 203 215
229 203 215
229 203 215
229 203 215
229 203 215
229 203 215
229 203 215
228 202 215
228 202 215
228 202 215
228 202 214
228 202 214
228 202 214
228 202 214
228 202 214
228 202 214
227 202 214
227 202 214
227 202 214
227 202 214
227 201 214
227 201 214
227 201 214
227 201 214
227 201 214
227 201 214
226 201 214
226 201 214
226 201 214
226 201 214
226 201 214
226 201 214
226 201 214
226 200 213
226 200 213
225 200 213
225 200 213
225 200 213
225 200 213
225 200 213
225 200 213
225 200 213
225 200 213
225 200 213
224 200 213
224 199 213
224 199 213
224 199 213
224 199 213
224 199 213
224 199 213
224 199 213
224 199 213
223 199 213
223 199 213
223 199 213
223 199 213
223 199 212
223 198 212
223 198 212
223 198 212
223 198 212
222 198 212
222 198 212
222 198 212
222 198 212
222 198 212
222 198 212
222 198 212
222 198 212
222 198 212
221 197 212
221 197 212
221 197 212
221 197 212
221 197 212
221 197 212
221 197 212
221 197 212
221 197 212
220 197 212
220 197 211
220 197 211
220 197 211
220 196 211
220 196 211
220 196 211
220 196 211
220 196 211
220 196 211
219 196 211
219 196 211
219 196 211
219 196 211
219 196 211
219 196 211
219 196 211
219 195 211
219 195 211
218 195 211
218 195 211
218 195 211
218 195 211
218 195 211
218 195 210
218 195 210
218 195 210
218 195 210
217 195 210
217 195 210
217 194 210
217 194 210
217 194 210
217 194 210
217 194 210
217 194 210
217 194 210
216 194 210
216 194 210
216 194 210
216 194 210
216 194 210
216 194 210
216 193 210
216 193 210
216 193 210
215 193 210
215 193 210
215 193 209
215 193 209
215 193 209
215 193 209
215 193 209
215 193 209
215 193 209
214 193 209
214 192 209
214 192 209
214 192 209
214 192 209
214 192 209
214 192 209
214 192 209
214 192 209
213 192 209
213 192 209
213 192 209
213 192 209
213 192 209
213 191 209
213 191 209
213 191 209
213 191 208
213 191 208
212 191 208
212 191 208
212 191 208
212 191 208
212 191 208
212 191 208
212 191 208
212 191 208
212 190 208
211 190 208
211 190 208
211 190 208
211 190 208
211 190 208
211 190 208
211 190 208
211 190 208
211 190 208
210 190 208
210 190 208
210 190 208
210 189 208
210 189 207
210 189 207
210 189 207
210 189 207
210 189 207
209 189 207
209 189 207
209 189 207
209 189 207
209 189 207
209 189 207
209 189 207
209 188 207
209 188 207
208 188 207
208 188 207
208 188 207
208 188 207
208 188 207
208 188 207
208 188 207
208 188 207
208 188 207
207 188 206
207 188 206
207 187 206
207 187 206
207 187 206
207 187 206
206 187 206
206 187 206
206 187 206
206 187 206
206 187 206
206 187 206
205 187 206
205 187 206
205 187 206
205 187 206
205 186 206
205 186 206
205 186 206
204 186 206
204 186 206
204 186 206
204 186 206
204 186 206
204 186 206
203 186 206
203 186 205
203 186 205
203 186 205
203 186 205
203 185 205
202 185 205
202 185 205
202 185 205
202 185 205
202 185 205
202 185 205
201 185 205
201 185 205
201 185 205
201 185 205
201 185 205
201 185 205
200 185 205
200 184 205
200 184 205
200 184 205
200 184 205
200 184 205
199 184 205
199 184 205
199 184 205
199 184 204
199 184 204
199 184 204
198 184 204
198 184 204
198 184 204
198 184 204
198 183 204
198 183 204
197 183 204
197 183 204
197 183 204
197 183 204
197 183 204
197 183 204
196 183 204
196 183 204
196 183 204
196 183 204
196 183 204
196 183 204
195 182 204
195 182 204
195 182 204
195 182 204
195 182 204
195 182 203
194 182 203
194 182 203
194 182 203
194 182 203
194 182 203
194 182 203
194 182 203
193 182 203
193 181 203
193 181 203
193 181 203
193 181 203
193 181 203
192 181 203
192 181 203
192 181 203
192 181 203
192 181 203
192 181 203
191 181 203
191 181 203
191 181 203
191 180 203
191 180 203
191 180 203
190 180 202
190 180 202
190 180 202
190 180 202
190 180 202
190 180 202
189 180 202
189 180 202
189 180 202
189 180 202
189 180 202
189 179 202
188 179 202
188 179 202
188 179 202
188 179 202
188 179 202
188 179 202
187 179 202
187 179 202
187 179 202
187 179 202
187 179 202
187 179 202
186 179 202
186 179 201
186 178 201
186 178 201
186 178 201
186 178 201
185 178 201
185 178 201
185 178 201
185 178 201
185 178 201
185 178 201
184 178 201
184 178 201
184 178 201
184 178 201
184 177 201
184 177 201
183 177 201
183 177 201
183 177 201
183 177 201
183 177 201
183 177 201
183 177 201
182 177 201
182 177 201
182 177 200
182 177 200
182 177 200
182 176 200
181 176 200
181 176 200
181 176 200
181 176 200
181 176 200
181 176 200
180 176 200
180 176 200
180 176 200
180 176 200
180 176 200
180 176 200
179 176 200
179 175 200
179 175 200
179 175 200
179 175 200
179 175 200
178 175 200
178 175 200
178 175 200
178 175 200
178 175 199
178 175 199
177 175 199
177 175 199
177 175 199
177 174 199
177 174 199
177 174 199
176 174 199
176 174 199
176 174 199
176 174 199
176 174 199
176 174 199
175 174 199
175 174 199
175 174 199
175 174 199
175 174 199
175 174 199
174 173 199
174 173 199
174 173 199
174 173 199
174 173 199
174 173 199
173 173 198
173 173 198
173 173 198
173 173 198
173 173 198
173 173 198
172 173 198
172 173 198
172 172 198
172 172 198
172 172 198
172 172 198
172 172 198
171 172 198
171 172 198
171 172 198
171 172 198
171 172 198
171 172 198
170 172 198
170 172 198
170 172 198
170 171 198
170 171 198
170 171 198
169 171 198
169 171 197
169 171 197
169 171 197
169 171 197
169 171 197
168 171 197
168 171 197
168 171 197
168 171 197
168 171 197
168 170 197
167 170 197
167 170 197
167 170 197
167 170 197
167 170 197
167 170 197
166 170 197
166 170 197
166 170 197
166 170 197
166 170 197
166 170 197
165 170 197
165 170 197
165 169 196
165 169 196
165 169 196
164 169 196
164 169 196
164 169 196
164 169 196
164 169 196
163 169 196
163 169 196
163 169 196
163 169 196
163 169 196
162 169 196
162 168 196
162 168 196
162 168 196
162 168 196
162 168 196
161 168 196
161 168 196
161 168 196
161 168 196
161 168 196
160 168 195
160 168 195
160 168 195
160 168 195
160 167 195
159 167 195
159 167 195
159 167 195
159 167 195
159 167 195
158 167 195
158 167 195
158 167 195
158 167 195
158 167 195
157 167 195
157 167 195
157 167 195
157 166 195
157 166 195
156 166 195
156 166 195
156 166 195
156 166 195
156 166 194
155 166 194
155 166 194
155 166 194
155 166 194
155 166 194
154 166 194
154 166 194
154 165 194
154 165 194
154 165 194
154 165 194
153 165 194
153 165 194
153 165 194
153 165 194
153 165 194
152 165 194
152 165 194
152 165 194
152 165 194
152 165 194
151 165 194
151 164 194
151 164 193
151 164 193
151 164 193
150 164 193
150 164 193
150 164 193
150 164 193
150 164 193
149 164 193
149 164 193
149 164 193
149 164 193
149 164 193
148 163 193
148 163 193
148 163 193
148 163 193
148 163 193
147 163 193
147 163 193
147 163 193
147 163 193
147 163 193
146 163 192
146 163 192
146 163 192
146 163 192
146 162 192
145 162 192
145 162 192
145 162 192
145 162 192
145 162 192
145 162 192
144 162 192
144 162 192
144 162 192
144 162 192
144 162 192
143 162 192
143 162 192
143 161 192
143 161 192
143 161 192
142 161 192
142 161 192
142 161 192
142 161 191
142 161 191
141 161 191
141 161 191
141 161 191
141 161 191
141 161 191
140 161 191
140 160 191
140 160 191
140 160 191
140 160 191
139 160 191
139 160 191
139 160 191
139 160 191
139 160 191
138 160 191
138 160 191
138 160 191
138 160 191
138 160 191
137 160 191
137 159 191
137 159 190
137 159 190
137 159 190
137 159 190
136 159 190
136 159 190
136 159 190
136 159 190
136 159 190
135 159 190
135 159 190
135 159 190
135 159 190
135 158 190
134 158 190
134 158 190
134 158 190
134 158 190
134 158 190
133 158 190
133 158 190
133 158 190
133 158 190
133 158 189
132 158 189
132 158 189
132 158 189
132 157 189
132 157 189
131 157 189
131 157 189
131 157 189
131 157 189
131 157 189
130 157 189
130 157 189
130 157 189
130 157 189
130 157 189
129 157 189
129 157 189
129 156 189
129 156 189
129 156 189
128 156 189
128 156 189
128 156 189
128 156 188
128 156 188
128 156 188
127 156 188
127 156 188
127 156 188
127 156 188
127 156 188
126 156 188
126 155 188
126 155 188
126 155 188
126 155 188
125 155 188
125 155 188
125 155 188
125 155 188
125 155 188
124 155 188
124 155 188
124 155 188
124 155 188
124 155 188
123 154 188
123 154 187
123 154 187
123 154 187
123 154 187
122 154 187
122 154 187
122 154 187
122 154 187
122 154 187
121 154 187
121 154 187
121 154 187
121 154 187
121 153 187
120 153 187
120 153 187
120 153 187
120 153 187
120 153 187
120 153 187
119 153 187
119 153 187
119 153 187
119 153 186
119 153 186
118 153 186
118 153 186
118 152 186
118 152 186
118 152 186
117 152 186
117 152 186
117 152 186
117 152 186
117 152 186
116 152 186
116 152 186
116 152 186
116 152 186
116 152 186
115 152 186
115 151 186
115 151 186
115 151 186
114 151 186
114 151 186
114 151 185
114 151 185
113 151 185
113 151 185
113 151 185
113 151 185
112 151 185
112 150 185
112 150 185
112 150 185
112 150 185
111 150 185
111 150 185
111 150 185
111 150 185
110 150 185
110 150 185
110 150 185
110 149 185
109 149 184
109 149 184
109 149 184
109 149 184
108 149 184
108 149 184
108 149 184
108 149 184
107 149 184
107 149 184
107 148 184
107 148 184
106 148 184
106 148 184
106 148 184
106 148 184
105 148 184
105 148 184
105 148 184
105 148 183
104 148 183
104 148 183
104 147 183
104 147 183
104 147 183
103 147 183
103 147 183
103 147 183
103 147 183
102 147 183
102 147 183
102 147 183
102 147 183
101 146 183
101 146 183
101 146 183
101 146 183
100 146 183
100 146 182
100 146 182
100 146 182
99 146 182
99 146 182
99 146 182
99 145 182
98 145 182
98 145 182
98 145 182
98 145 182
97 145 182
97 145 182
97 145 182
97 145 182
96 145 182
96 145 182
96 145 182
96 144 182
96 144 181
95 144 181
95 144 181
95 144 181
95 144 181
94 144 181
94 144 181
94 144 181
94 144 181
93 144 181
93 143 181
93 143 181
93 143 181
92 143 181
92 143 181
92 143 181
92 143 181
91 143 181
91 143 180
91 143 180
91 143 180
90 142 180
90 142 180
90 142 180
90 142 180
89 142 180
89 142 180
89 142 180
89 142 180
88 142 180
88 142 180
88 142 180
88 142 180
88 141 180
87 141 180
87 141 180
87 141 180
87 141 179
86 141 179
86 141 179
86 141 179
86 141 179
85 141 179
85 141 179
85 140 179
85 140 179
84 140 179
84 140 179
84 140 179
84 140 179
83 140 179
83 140 179
83 140 179
83 140 179
82 140 179
82 140 179
82 139 178
82 139 178
81 139 178
81 139 178
81 139 178
81 139 178
80 139 178
80 139 178
80 139 178
80 139 178
80 139 178
79 138 178
79 138 178
79 138 178
79 138 178
78 138 178
78 138 178
78 138 178
78 138 178
77 138 177
77 138 177
77 138 177
77 137 177
76 137 177
76 137 177
76 137 177
76 137 177
75 137 177
75 137 177
75 137 177
75 137 177
74 137 177
74 137 177
74 137 177
74 136 177
73 136 177
73 136 177
73 136 177
73 136 176
72 136 176
72 136 176
72 136 176
72 136 176
72 136 176
71 136 176
71 135 176
71 135 176
71 135 176
70 135 176
70 135 176
70 135 176
70 135 176
69 135 176
69 135 176
69 135 176
69 135 176
68 134 176
68 134 175
68 134 175
68 134 175
67 134 175
67 134 175
67 134 175
67 134 175
66 134 175
66 134 175
66 134 175
66 134 175
65 133 175
65 133 175
65 133 175
65 133 175
64 133 175
64 133 175
64 133 175
64 133 175
64 133 174
63 133 174
63 133 174
63 132 174
63 132 174
62 132 174
62 132 174
62 132 174
62 132 174
61 132 174
61 132 174
61 132 174
61 132 174
60 132 174
60 132 174
60 131 174
60 131 174
59 131 174
59 131 174
59 131 173
59 131 173
58 131 173
58 131 173
58 131 173
58 131 173
57 131 173
57 130 173
57 130 173
57 130 173
56 130 173
56 130 173
56 130 173
56 130 173
56 130 173
55 130 173
55 130 173
55 130 173
55 129 173
54 129 172
54 129 172
54 129 172
54 129 172
53 129 172
53 129 172
53 129 172
53 129 172
53 129 172
52 128 172
52 128 172
52 128 172
52 128 172
52 128 172
51 128 172
51 128 172
51 128 172
51 128 172
51 127 171
51 127 171
50 127 171
50 127 171
50 127 171
50 127 171
50 127 171
49 127 171
49 127 171
49 126 171
49 126 171
49 126 171
48 126 171
48 126 171
48 126 171
48 126 171
48 126 171
47 126 171
47 125 170
47 125 170
47 125 170
47 125 170
46 125 170
46 125 170
46 125 170
46 125 170
46 125 170
46 124 170
45 124 170
45 124 170
45 124 170
45 124 170
45 124 170
44 124 170
44 124 170
44 124 170
44 123 169
44 123 169
43 123 169
43 123 169
43 123 169
43 123 169
43 123 169
42 123 169
42 123 169
42 122 169
42 122 169
42 122 169
42 122 169
41 122 169
41 122 169
41 122 169
41 122 169
41 121 168
40 121 168
40 121 168
40 121 168
40 121 168
40 121 168
39 121 168
39 121 168
39 121 168
39 120 168
39 120 168
38 120 168
38 120 168
38 120 168
38 120 168
38 120 168
37 120 168
37 120 168
37 119 167
37 119 167
37 119 167
37 119 167
36 119 167
36 119 167
36 119 167
36 119 167
36 119 167
35 118 167
35 118 167
35 118 167
35 118 167
35 118 167
34 118 167
34 118 167
34 118 167
34 118 167
34 117 166
33 117 166
33 117 166
33 117 166
33 117 166
33 117 166
33 117 166
32 117 166
32 117 166
32 116 166
32 116 166
32 116 166
31 116 166
31 116 166
31 116 166
31 116 166
31 116 166
30 116 166
30 115 165
30 115 165
30 115 165
30 115 165
29 115 165
29 115 165
29 115 165
29 115 165
29 115 165
28 114 165
28 114 165
28 114 165
28 114 165
28 114 165
28 114 165
27 114 165
27 114 165
27 113 164
27 113 164
27 113 164
26 113 164
26 113 164
26 113 164
26 113 164
26 113 164
25 113 164
25 112 164
25 112 164
25 112 164
25 112 164
24 112 164
24 112 164
24 112 164
24 112 164
24 112 164
24 111 163
23 111 163
23 111 163
23 111 163
23 111 163
23 111 163
22 111 163
22 111 163
22 111 163
22 110 163
22 110 163
21 110 163
21 110 163
21 110 163
21 110 163
21 110 163
20 110 163
20 110 163
20 109 162
20 109 162
20 109 162
19 109 162
19 109 162
19 109 162
19 109 162
19 109 162
19 109 162
18 108 162
18 108 162
18 108 162
18 108 162
18 108 162
17 108 162
17 108 162
17 108 162
17 108 162
17 107 161
16 107 161
16 107 161
16 107 161
16 107 161
16 107 161
15 107 161
15 107 161
15 107 161
15 106 161
15 106 161
15 106 161
14 106 161
14 106 161
14 106 161
14 106 161
14 106 161
13 106 161
13 105 160
13 105 160
13 105 160
13 105 160
12 105 160
12 105 160
12 105 160
12 105 160
12 104 160
11 104 160
11 104 160
11 104 160
11 104 160
11 104 160
10 104 160
10 104 160
10 104 160
10 103 159
10 103 159
10 103 159
9 103 159
9 103 159
9 103 159
9 103 159
9 103 159
8 103 159
8 102 159
8 102 159
8 102 159
8 102 159
7 102 159
7 102 159
7 102 159
7 102 159
7 102 159
6 101 158
6 101 158
6 101 158
6 101 158
6 101 158
6 101 158
5 101 158
5 101 158
5 101 158
5 100 158
5 100 158
4 100 158
4 100 158
4 100 158
4 100 157
4 100 157
4 100 157
4 100 157
4 100 157
4 100 157
4 100 157
4 99 157
4 99 156
4 99 156
4 99 156
4 99 156
4 99 156
4 99 156
4 99 156
4 99 156
4 99 155
4 99 155
4 99 155
4 99 155
4 98 155
4 98 155
4 98 155
4 98 155
4 98 154
4 98 154
4 98 154
4 98 154
4 98 154
4 98 154
4 98 154
4 98 154
4 98 153
4 97 153
4 97 153
4 97 153
4 97 153
4 97 153
4 97 153
4 97 153
4 97 153
4 97 152
4 97 152
4 97 152
4 97 152
4 97 152
4 96 152
4 96 152
4 96 152
4 96 151
4 96 151
4 96 151
4 96 151
4 96 151
4 96 151
4 96 151
4 96 151
4 96 150
4 96 150
4 95 150
4 95 150
4 95 150
4 95 150
4 95 150
4 95 150
4 95 149
4 95 149
4 95 149
4 95 149
4 95 149
4 95 149
4 95 149
4 94 149
4 94 148
4 94 148
4 94 148
4 94 148
4 94 148
4 94 148
4 94 148
4 94 148
4 94 147
4 94 147
4 94 147
4 94 147
4 93 147
4 93 147
4 93 147
4 93 147
4 93 146
4 93 146
4 93 146
4 93 146
4 93 146
4 93 146
4 93 146
4 93 146
4 93 145
4 92 145
4 92 145
4 92 145
4 92 145
4 92 145
4 92 145
4 92 145
4 92 145
4 92 144
4 92 144
4 92 144
4 92 144
4 91 144
4 91 144
4 91 144
4 91 144
4 91 143
4 91 143
4 91 143
4 91 143
4 91 143
4 91 143
4 91 143
4 91 143
4 91 142
4 90 142
4 90 142
4 90 142
4 90 142
4 90 142
4 90 142
4 90 142
4 90 141
4 90 141
4 90 141
4 90 141
4 90 141
4 90 141
4 89 141
4 89 141
4 89 140
4 89 140
4 89 140
4 89 140
4 89 140
4 89 140
4 89 140
4 89 140
4 89 139
4 89 139
4 89 139
4 88 139
4 88 139
4 88 139
4 88 139
4 88 139
4 88 138
4 88 138
4 88 138
4 88 138
4 88 138
4 88 138
4 88 138
4 88 138
4 87 137
4 87 137
4 87 137
4 87 137
4 87 137
4 87 137
4 87 137
4 87 137
4 87 137
4 87 136
4 87 136
4 87 136
4 87 136
4 86 136
4 86 136
4 86 136
4 86 136
4 86 135
4 86 135
4 86 135
4 86 135
4 86 135
4 86 135
4 86 135
4 86 135
4 86 134
4 85 134
4 85 134
4 85 134
4 85 134
4 85 134
4 85 134
4 85 134
4 85 133
4 85 133
4 85 133
4 85 133
4 85 133
4 85 133
4 84 133
4 84 133
4 84 132
4 84 132
4 84 132
4 84 132
4 84 132
4 84 132
4 84 132
4 84 132
4 84 131
4 84 131
4 84 131
4 83 131
4 83 131
4 83 131
4 83 131
4 83 131
4 83 130
4 83 130
4 83 130
4 83 130
4 83 130
4 83 130
4 83 130
4 83 130
4 82 129
4 82 129
4 82 129
4 82 129
4 82 129
4 82 129
4 82 129
4 82 129
4 82 129
4 82 128
4 82 128
4 82 128
4 82 128
4 81 128
4 81 128
4 81 128
4 81 128
4 81 127
4 81 127
4 81 127
4 81 127
4 81 127
4 81 127
4 81 127
4 81 127
4 81 126
3 80 126
3 80 126
3 80 126
3 80 126
3 80 125
3 80 125
3 80 125
3 80 125
3 79 125
3 79 125
3 79 124
3 79 124
3 79 124
3 79 124
3 79 124
3 79 123
3 78 123
3 78 123
3 78 123
3 78 123
3 78 123
3 78 122
3 78 122
3 78 122
3 78 122
3 77 122
3 77 121
3 77 121
3 77 121
3 77 121
3 77 121
3 77 120
3 77 120
3 76 120
3 76 120
3 76 120
3 76 120
3 76 119
3 76 119
3 76 119
3 76 119
3 75 119
3 75 118
3 75 118
3 75 118
3 75 118
3 75 118
3 75 117
3 75 117
3 75 117
3 74 117
3 74 117
3 74 117
3 74 116
3 74 116
3 74 116
3 74 116
3 74 116
3 73 115
3 73 115
3 73 115
3 73 115
3 73 115
3 73 114
3 73 114
3 73 114
3 73 114
3 72 114
3 72 114
3 72 113
3 72 113
3 72 113
3 72 113
3 72 113
3 72 112
3 71 112
3 71 112
3 71 112
3 71 112
3 71 112
3 71 111
3 71 111
3 71 111
3 70 111
3 70 111
3 70 110
3 70 110
3 70 110
3 70 110
3 70 110
3 70 109
3 70 109
3 69 109
3 69 109
3 69 109
3 69 109
3 69 108
3 69 108
3 69 108
3 69 108
3 68 108
3 68 107
3 68 107
3 68 107
3 68 107
3 68 107
3 68 106
3 68 106
3 67 106
3 67 106
3 67 106
3 67 106
3 67 105
3 67 105
3 67 105
3 67 105
3 67 105
3 66 104
3 66 104
3 66 104
3 66 104
3 66 104
3 66 103
3 66 103
3 66 103
3 65 103
3 65 103
3 65 103
2 65 102
2 65 102
2 65 102
2 65 102
2 65 102
2 64 101
2 64 101
2 64 101
2 64 101
2 64 101
2 64 101
2 64 100
2 64 100
2 64 100
2 63 100
2 63 100
2 63 99
2 63 99
2 63 99
2 63 99
2 63 99
2 63 98
2 62 98
2 62 98
2 62 98
2 62 98
2 62 98
2 62 97
2 62 97
2 62 97
2 62 97
2 61 97
2 61 96
2 61 96
2 61 96
2 61 96
2 61 96
2 61 95
2 61 95
2 60 95
2 60 95
2 60 95
2 60 95
2 60 94
2 60 94
2 60 94
2 60 94
2 59 94
2 59 93
2 59 93
2 59 93
2 59 93
2 59 93
2 59 92
2 59 92
2 59 92
2 58 92
2 58 92
2 58 92
2 58 91
2 58 91
2 58 91
2 58 91
2 58 91
2 57 90
2 57 90
2 57 90
2 57 90
2 57 90
2 57 90
2 57 89
2 57 89
2 56 89
2 56 89
2 56 89
2 56 88
2 56 88
2 56 88
2 56 88
2 56 88
2 56 87
2 55 87
2 55 87
2 55 87
2 55 87
2 55 87
2 55 86
2 55 86
2 55 86
2 54 86
2 54 86
2 54 85
2 54 85
2 54 85
2 54 85
2 54 85
2 54 84
2 53 84
2 53 84
2 53 84
2 53 84
2 53 84
2 53 83
2 53 83
2 53 83
2 53 83
2 52 83
2 52 82
2 52 82
2 52 82
2 52 82
2 52 82
2 52 81
2 52 81
2 51 81
2 51 81
2 51 81
2 51 81
2 51 80
2 51 80
2 51 80
2 51 80
2 50 80
2 50 79
2 50 79
2 50 79
2 50 79
2 50 79
