127 53 7
127 53 7
127 53 7
127 53 7
128 53 7
128 53 7
128 53 7
128 53 7
129 54 7
129 54 7
129 54 7
129 54 7
130 54 7
130 54 7
130 54 7
130 55 7
131 55 7
131 55 7
131 55 7
131 55 7
132 55 7
132 55 7
132 55 7
132 56 6
133 56 6
133 56 6
133 56 6
133 56 6
134 56 6
134 56 6
134 56 6
134 57 6
135 57 6
135 57 6
135 57 6
135 57 6
136 57 6
136 57 6
136 57 6
136 58 6
137 58 6
137 58 6
137 58 6
137 58 6
138 58 6
138 58 6
138 58 6
138 59 6
139 59 6
139 59 6
139 59 6
139 59 6
140 59 6
140 59 6
140 59 6
140 60 6
141 60 6
141 60 6
141 60 6
141 60 6
142 60 6
142 60 6
142 61 6
143 61 6
143 61 6
143 61 6
143 61 6
144 61 6
144 61 6
144 61 6
144 62 6
145 62 6
145 62 6
145 62 6
145 62 6
146 62 6
146 62 6
146 62 6
146 63 6
147 63 6
147 63 6
147 63 6
147 63 6
148 63 6
148 63 6
148 63 6
148 64 6
149 64 6
149 64 6
149 64 6
149 64 6
150 64 6
150 64 6
150 64 6
150 65 6
151 65 6
151 65 6
151 65 6
151 65 6
152 65 6
152 65 6
152 65 6
152 66 6
153 66 6
153 66 6
153 66 6
153 66 6
154 66 6
154 66 6
154 66 6
154 67 6
155 67 6
155 67 6
155 67 6
155 67 6
156 67 6
156 67 6
156 68 6
156 68 6
157 68 6
157 68 6
157 68 6
157 68 6
158 68 6
158 68 6
158 69 6
159 69 6
159 69 6
159 69 6
159 69 6
160 69 6
160 69 6
160 69 6
160 70 6
161 70 6
161 70 6
161 70 6
161 70 5
162 70 5
162 70 5
162 70 5
162 71 5
163 71 5
163 71 5
163 71 5
163 71 5
164 71 5
164 71 5
164 71 5
164 72 5
165 72 5
165 72 5
165 72 5
165 72 5
166 72 5
166 72 5
166 72 5
166 73 5
167 73 5
167 73 5
167 73 5
167 73 5
168 73 5
168 73 5
168 74 5
168 74 5
169 74 5
169 74 5
169 74 5
169 74 5
170 74 5
170 74 5
170 75 5
170 75 5
171 75 5
171 75 5
171 75 5
171 75 5
172 75 5
172 75 5
172 76 5
172 76 5
173 76 5
173 76 5
173 76 5
173 76 5
174 76 5
174 76 5
174 77 5
175 77 5
175 77 5
175 77 5
175 77 5
176 77 5
176 77 5
176 77 5
176 78 5
177 78 5
177 78 5
177 78 5
177 78 5
178 78 5
178 78 5
178 78 5
178 79 5
179 79 5
179 79 5
179 79 5
179 79 5
179 79 5
180 80 5
180 80 5
180 80 5
180 80 5
181 80 5
181 81 6
181 81 6
181 81 6
181 81 6
182 81 6
182 82 6
182 82 6
182 82 6
183 82 6
183 82 6
183 82 6
183 83 6
183 83 6
184 83 6
184 83 6
184 83 6
184 84 7
185 84 7
185 84 7
185 84 7
185 84 7
185 84 7
186 85 7
186 85 7
186 85 7
186 85 7
186 85 7
187 86 7
187 86 7
187 86 7
187 86 7
188 86 7
188 87 8
188 87 8
188 87 8
188 87 8
189 87 8
189 87 8
189 88 8
189 88 8
190 88 8
190 88 8
190 88 8
190 89 8
190 89 8
191 89 8
191 89 8
191 89 8
191 89 8
192 90 9
192 90 9
192 90 9
192 90 9
192 90 9
193 91 9
193 91 9
193 91 9
193 91 9
194 91 9
194 91 9
194 92 9
194 92 9
194 92 9
195 92 9
195 92 9
195 93 10
195 93 10
195 93 10
196 93 10
196 93 10
196 94 10
196 94 10
197 94 10
197 94 10
197 94 10
197 94 10
197 95 10
198 95 10
198 95 10
198 95 10
198 95 10
199 96 11
199 96 11
199 96 11
199 96 11
199 96 11
200 96 11
200 97 11
200 97 11
200 97 11
201 97 11
201 97 11
201 98 11
201 98 11
201 98 11
202 98 11
202 98 11
202 99 12
202 99 12
203 99 12
203 99 12
203 99 12
203 99 12
203 100 12
204 100 12
204 100 12
204 100 12
204 100 12
205 101 12
205 101 12
205 101 12
205 101 12
205 101 12
206 101 12
206 102 13
206 102 13
206 102 13
206 102 13
207 102 13
207 103 13
207 103 13
207 103 13
208 103 13
208 103 13
208 103 13
208 104 13
208 104 13
209 104 13
209 104 13
209 104 13
209 105 14
210 105 14
210 105 14
210 105 14
210 105 14
210 106 14
211 106 14
211 106 14
211 106 14
211 106 14
212 106 14
212 107 14
212 107 14
212 107 14
212 107 14
213 107 14
213 108 15
213 108 15
213 108 15
214 108 15
214 108 15
214 108 15
214 109 15
214 109 15
215 109 15
215 109 15
215 109 15
215 110 15
215 110 15
216 110 15
216 110 15
216 110 15
216 111 16
217 111 16
217 111 16
217 111 16
217 111 16
217 111 16
218 112 16
218 112 16
218 112 16
218 112 16
219 112 16
219 113 16
219 113 16
219 113 16
219 113 16
220 113 16
220 113 16
220 114 17
220 114 17
221 114 17
221 114 17
221 114 17
221 115 17
221 115 17
222 115 17
222 115 17
222 115 17
222 116 17
223 116 17
223 116 17
223 116 17
223 116 17
223 116 17
224 117 18
224 117 18
224 117 18
224 117 19
224 118 19
224 118 19
224 118 20
225 118 20
225 119 20
225 119 21
225 119 21
225 119 22
225 119 22
225 120 22
226 120 23
226 120 23
226 120 23
226 121 24
226 121 24
226 121 24
226 121 25
227 122 25
227 122 25
227 122 26
227 122 26
227 123 26
227 123 27
227 123 27
228 123 27
228 124 28
228 124 28
228 124 28
228 124 29
228 124 29
228 125 30
229 125 30
229 125 30
229 125 31
229 126 31
229 126 31
229 126 32
229 126 32
230 127 32
230 127 33
230 127 33
230 127 33
230 128 34
230 128 34
230 128 34
231 128 35
231 129 35
231 129 35
231 129 36
231 129 36
231 129 36
231 130 37
232 130 37
232 130 38
232 130 38
232 131 38
232 131 39
232 131 39
232 131 39
233 132 40
233 132 40
233 132 40
233 132 41
233 133 41
233 133 41
233 133 42
234 133 42
234 133 42
234 134 43
234 134 43
234 134 43
234 134 44
234 135 44
234 135 44
235 135 45
235 135 45
235 136 45
235 136 46
235 136 46
235 136 47
235 137 47
236 137 47
236 137 48
236 137 48
236 138 48
236 138 49
236 138 49
236 138 49
237 138 50
237 139 50
237 139 50
237 139 51
237 139 51
237 140 51
237 140 52
238 140 52
238 140 52
238 141 53
238 141 53
238 141 53
238 141 54
238 142 54
239 142 55
239 142 55
239 142 55
239 143 56
239 143 56
239 143 56
239 143 57
240 143 57
240 144 57
240 144 58
240 144 58
240 144 58
240 145 59
240 145 59
241 145 59
241 145 60
241 146 60
241 146 60
241 146 61
241 146 61
241 147 61
242 147 62
242 147 62
242 147 63
242 148 63
242 148 63
242 148 64
242 148 64
243 148 64
243 149 65
243 149 65
243 149 65
243 149 66
243 150 66
243 150 66
244 150 67
244 150 67
244 151 67
244 151 68
244 151 68
244 151 68
244 152 69
245 152 69
245 152 69
245 152 70
245 152 70
245 153 71
245 153 71
245 153 71
246 153 72
246 154 72
246 154 72
246 154 73
246 154 73
246 155 73
246 155 74
247 155 74
247 155 74
247 156 75
247 156 75
247 156 75
247 156 76
247 157 76
248 157 76
248 157 77
248 157 77
248 157 77
248 158 78
248 158 78
248 158 78
249 158 79
249 159 79
249 159 80
249 159 80
249 159 80
249 160 81
249 160 81
250 160 81
250 160 82
250 161 82
250 161 82
250 161 83
250 161 83
250 162 83
251 162 84
251 162 84
251 162 84
251 162 85
251 163 85
251 163 85
251 163 86
251 163 86
252 164 86
252 164 87
252 164 87
252 164 88
252 165 88
252 165 88
252 165 89
253 165 89
253 165 89
253 166 90
253 166 90
253 166 90
253 166 91
253 166 91
253 166 91
253 167 92
253 167 92
253 167 93
253 167 93
253 167 93
253 168 94
253 168 94
253 168 94
253 168 95
253 168 95
253 168 95
253 169 96
253 169 96
253 169 97
253 169 97
253 169 97
253 169 98
253 170 98
253 170 98
253 170 99
253 170 99
253 170 100
253 171 100
253 171 100
253 171 101
253 171 101
253 171 101
253 171 102
253 172 102
253 172 102
253 172 103
253 172 103
253 172 104
253 172 104
253 173 104
253 173 105
253 173 105
253 173 105
253 173 106
253 174 106
253 174 106
253 174 107
253 174 107
253 174 108
253 174 108
253 175 108
253 175 109
253 175 109
253 175 109
253 175 110
253 175 110
253 176 110
253 176 111
253 176 111
253 176 112
253 176 112
253 177 112
253 177 113
253 177 113
253 177 113
253 177 114
253 177 114
253 178 114
253 178 115
253 178 115
253 178 116
253 178 116
253 178 116
253 179 117
253 179 117
253 179 117
253 179 118
253 179 118
253 180 118
253 180 119
253 180 119
253 180 120
253 180 120
253 180 120
253 181 121
253 181 121
253 181 121
253 181 122
253 181 122
253 181 123
253 182 123
253 182 123
253 182 124
253 182 124
253 182 124
253 182 125
253 183 125
253 183 125
253 183 126
253 183 126
253 183 127
253 184 127
253 184 127
253 184 128
253 184 128
253 184 128
253 184 129
253 185 129
253 185 129
253 185 130
253 185 130
253 185 131
253 185 131
253 186 131
253 186 132
253 186 132
253 186 132
253 186 133
253 187 133
253 187 133
253 187 134
253 187 134
253 187 135
253 187 135
253 188 135
253 188 136
253 188 136
253 188 136
253 188 137
253 188 137
253 189 137
253 189 138
253 189 138
253 189 139
253 189 139
253 190 139
253 190 140
253 190 140
253 190 140
253 190 141
253 190 141
253 191 141
253 191 142
253 191 142
253 191 143
253 191 143
253 191 143
253 192 144
253 192 144
253 192 144
253 192 145
253 192 145
253 193 145
253 193 146
253 193 146
253 193 147
253 193 147
253 193 147
253 194 148
253 194 148
253 194 148
253 194 149
253 194 149
253 194 150
253 195 150
253 195 150
253 195 151
253 195 151
253 195 151
253 196 152
253 196 152
253 196 152
253 196 153
253 196 153
253 196 154
253 197 154
253 197 154
253 197 155
253 197 155
253 197 155
253 197 156
253 198 156
253 198 156
253 198 157
253 198 157
253 198 158
253 198 158
253 199 158
253 199 159
253 199 159
253 199 159
253 199 160
253 200 160
253 200 160
253 200 161
253 200 161
253 200 162
253 200 162
253 201 162
253 201 163
253 201 163
253 201 163
253 201 164
253 201 164
253 201 164
253 202 165
253 202 165
253 202 165
253 202 165
253 202 166
253 202 166
253 202 166
253 202 167
253 202 167
253 202 167
253 203 167
253 203 168
253 203 168
253 203 168
253 203 169
253 203 169
253 203 169
253 203 169
253 203 170
253 203 170
253 204 170
253 204 171
253 204 171
253 204 171
253 204 171
253 204 172
252 204 172
252 204 172
252 204 173
252 204 173
252 205 173
252 205 173
252 205 174
252 205 174
252 205 174
252 205 175
252 205 175
252 205 175
252 205 175
252 205 176
252 206 176
252 206 176
252 206 177
252 206 177
252 206 177
252 206 177
252 206 178
252 206 178
252 206 178
252 206 179
252 207 179
252 207 179
252 207 179
252 207 180
252 207 180
251 207 180
251 207 181
251 207 181
251 207 181
251 207 181
251 208 182
251 208 182
251 208 182
251 208 183
251 208 183
251 208 183
251 208 183
251 208 184
251 208 184
251 209 184
251 209 185
251 209 185
251 209 185
251 209 185
251 209 186
251 209 186
251 209 186
251 209 187
251 209 187
251 210 187
251 210 187
251 210 188
251 210 188
251 210 188
250 210 189
250 210 189
250 210 189
250 210 189
250 210 190
250 211 190
250 211 190
250 211 191
250 211 191
250 211 191
250 211 191
250 211 192
250 211 192
250 211 192
250 211 193
250 212 193
250 212 193
250 212 193
250 212 194
250 212 194
250 212 194
250 212 195
250 212 195
250 212 195
250 212 195
250 213 196
250 213 196
250 213 196
250 213 197
249 213 197
249 213 197
249 213 197
249 213 198
249 213 198
249 213 198
249 214 199
249 214 199
249 214 199
249 214 199
249 214 200
249 214 200
249 214 200
249 214 201
249 214 201
249 214 201
249 215 201
249 215 202
249 215 202
249 215 202
249 215 203
249 215 203
249 215 203
249 215 203
249 215 204
249 215 204
249 216 204
249 216 205
249 216 205
249 216 205
248 216 205
248 216 206
248 216 206
248 216 206
248 216 207
248 216 207
248 217 207
248 217 207
248 217 208
248 217 208
248 217 208
248 217 209
248 217 209
248 217 209
248 217 209
248 218 210
248 218 210
248 218 210
248 218 211
248 218 211
248 218 211
248 218 211
248 218 212
248 218 212
248 218 212
248 219 213
248 219 213
248 219 213
248 219 213
247 219 214
247 219 214
247 219 214
247 219 215
247 219 215
247 219 215
247 220 215
247 220 216
247 220 216
247 220 216
247 220 217
247 220 217
247 220 217
247 220 217
247 220 218
247 220 218
247 221 218
247 221 219
247 221 219
247 221 219
247 221 219
247 221 220
247 221 220
247 221 220
247 221 221
247 221 221
247 222 221
247 222 221
247 222 222
246 222 222
246 222 222
246 221 222
246 221 222
246 221 222
246 221 222
246 221 221
245 221 221
245 221 221
245 221 221
245 220 221
245 220 221
245 220 221
244 220 221
244 220 221
244 220 221
244 220 221
244 220 221
244 219 221
244 219 221
243 219 221
243 219 221
243 219 221
243 219 221
243 219 221
243 219 220
242 218 220
242 218 220
242 218 220
242 218 220
242 218 220
242 218 220
242 218 220
241 218 220
241 217 220
241 217 220
241 217 220
241 217 220
241 217 220
241 217 220
240 217 220
240 217 220
240 216 220
240 216 220
240 216 219
240 216 219
239 216 219
239 216 219
239 216 219
239 215 219
239 215 219
239 215 219
239 215 219
238 215 219
238 215 219
238 215 219
238 215 219
238 214 219
238 214 219
237 214 219
237 214 219
237 214 219
237 214 219
237 214 218
237 214 218
237 213 218
236 213 218
236 213 218
236 213 218
236 213 218
236 213 218
236 213 218
236 213 218
235 212 218
235 212 218
235 212 218
235 212 218
235 212 218
235 212 218
234 212 218
234 212 218
234 211 218
234 211 217
234 211 217
234 211 217
234 211 217
233 211 217
233 211 217
233 211 217
233 210 217
233 210 217
233 210 217
232 210 217
232 210 217
232 210 217
232 210 217
232 209 217
232 209 217
232 209 217
231 209 217
231 209 216
231 209 216
231 209 216
231 209 216
231 208 216
231 208 216
230 208 216
230 208 216
230 208 216
230 208 216
230 208 216
230 208 216
229 207 216
229 207 216
229 207 216
229 207 216
229 207 216
229 207 216
229 207 216
228 207 215
228 206 215
228 206 215
228 206 215
228 206 215
228 206 215
227 206 215
227 206 215
227 206 215
227 205 215
227 205 215
227 205 215
227 205 215
226 205 215
226 205 215
226 205 215
226 205 215
226 204 215
226 204 215
226 204 214
225 204 214
225 204 214
225 204 214
225 204 214
225 204 214
225 203 214
224 203 214
224 203 214
224 203 214
224 203 214
224 203 214
224 203 214
224 202 214
223 202 214
223 202 214
223 202 214
223 202 214
223 202 214
223 202 213
222 202 213
222 201 213
222 201 213
222 201 213
222 201 213
222 201 213
222 201 213
221 201 213
221 201 213
221 200 213
221 200 213
221 200 213
221 200 213
221 200 213
220 200 213
220 200 213
220 200 213
220 199 213
220 199 212
220 199 212
219 199 212
219 199 212
219 199 212
219 199 212
219 199 212
219 198 212
219 198 212
218 198 212
218 198 212
218 198 212
218 198 212
218 198 212
218 198 212
217 197 212
217 197 212
217 197 212
217 197 212
217 197 211
217 197 211
217 197 211
216 196 211
216 196 211
216 196 211
216 196 211
216 196 211
216 196 211
216 196 211
215 196 211
215 195 211
215 195 211
215 195 211
215 195 210
214 195 210
214 194 210
214 194 210
214 194 210
214 194 210
213 193 210
213 193 210
213 193 210
213 193 209
213 193 209
213 192 209
212 192 209
212 192 209
212 192 209
212 192 209
212 191 209
211 191 209
211 191 208
211 191 208
211 191 208
211 190 208
211 190 208
210 190 208
210 190 208
210 190 208
210 189 208
210 189 208
209 189 207
209 189 207
209 189 207
209 188 207
209 188 207
208 188 207
208 188 207
208 187 207
208 187 207
208 187 206
208 187 206
207 187 206
207 186 206
207 186 206
207 186 206
207 186 206
206 186 206
206 185 206
206 185 205
206 185 205
206 185 205
206 185 205
205 184 205
205 184 205
205 184 205
205 184 205
205 184 205
204 183 204
204 183 204
204 183 204
204 183 204
204 183 204
203 182 204
203 182 204
203 182 204
203 182 204
203 181 203
203 181 203
202 181 203
202 181 203
202 181 203
202 180 203
202 180 203
201 180 203
201 180 203
201 180 202
201 179 202
201 179 202
201 179 202
200 179 202
200 179 202
200 178 202
200 178 202
200 178 202
199 178 201
199 178 201
199 177 201
199 177 201
199 177 201
198 177 201
198 177 201
198 176 201
198 176 201
198 176 200
198 176 200
197 175 200
197 175 200
197 175 200
197 175 200
197 175 200
196 174 200
196 174 200
196 174 199
196 174 199
196 174 199
195 173 199
195 173 199
195 173 199
195 173 199
195 173 199
195 172 199
194 172 198
194 172 198
194 172 198
194 172 198
194 171 198
193 171 198
193 171 198
193 171 198
193 171 198
193 170 198
193 170 197
192 170 197
192 170 197
192 169 197
192 169 197
192 169 197
191 169 197
191 169 197
191 168 197
191 168 196
191 168 196
190 168 196
190 168 196
190 167 196
190 167 196
190 167 196
190 167 196
189 167 196
189 166 195
189 166 195
189 166 195
189 166 195
188 166 195
188 165 195
188 165 195
188 165 195
188 165 195
188 165 194
187 164 194
187 164 194
187 164 194
187 164 194
187 164 194
186 163 194
186 163 194
186 163 194
186 163 193
186 162 193
185 162 193
185 162 193
185 162 193
185 162 193
185 161 193
185 161 193
184 161 193
184 161 192
184 161 192
184 160 192
184 160 192
183 160 192
183 160 192
183 160 192
183 159 192
183 159 192
182 159 191
182 159 191
182 159 191
182 158 191
182 158 191
182 158 191
181 158 191
181 158 191
181 157 191
181 157 190
181 157 190
180 157 190
180 156 190
180 156 190
180 156 190
180 156 190
180 156 190
179 155 190
179 155 189
179 155 189
179 155 189
179 155 189
178 154 189
178 154 189
178 154 189
178 154 189
178 154 189
177 153 188
177 153 188
177 153 188
177 153 188
176 152 188
176 152 188
176 152 187
176 152 187
176 151 187
175 151 187
175 151 187
175 151 187
175 150 186
174 150 186
174 150 186
174 150 186
174 149 186
173 149 186
173 149 185
173 149 185
173 148 185
172 148 185
172 148 185
172 148 185
172 147 184
171 147 184
171 147 184
171 147 184
171 146 184
170 146 184
170 146 183
170 146 183
170 145 183
169 145 183
169 145 183
169 145 183
169 145 182
168 144 182
168 144 182
168 144 182
168 144 182
167 143 182
167 143 181
167 143 181
167 143 181
166 142 181
166 142 181
166 142 181
166 142 180
166 141 180
165 141 180
165 141 180
165 141 180
165 140 180
164 140 179
164 140 179
164 140 179
164 139 179
163 139 179
163 139 179
163 139 178
163 138 178
162 138 178
162 138 178
162 138 178
162 137 178
161 137 177
161 137 177
161 137 177
161 136 177
160 136 177
160 136 177
160 136 176
160 135 176
159 135 176
159 135 176
159 135 176
159 134 176
158 134 175
158 134 175
158 134 175
158 133 175
157 133 175
157 133 175
157 133 174
157 132 174
156 132 174
156 132 174
156 132 174
156 131 174
155 131 173
155 131 173
155 131 173
155 130 173
155 130 173
154 130 173
154 130 172
154 129 172
154 129 172
153 129 172
153 129 172
153 129 172
153 128 171
152 128 171
152 128 171
152 128 171
152 127 171
151 127 171
151 127 170
151 127 170
151 126 170
150 126 170
150 126 170
150 126 170
150 125 169
149 125 169
149 125 169
149 125 169
149 124 169
148 124 169
148 124 168
148 124 168
148 123 168
147 123 168
147 123 168
147 123 168
147 122 167
146 122 167
146 122 167
146 122 167
146 121 167
145 121 167
145 121 166
145 121 166
145 120 166
145 120 166
144 120 166
144 120 166
144 119 165
144 119 165
143 119 165
143 119 165
143 118 165
143 118 165
142 118 164
142 118 164
142 117 164
142 117 164
141 117 164
141 117 164
141 116 163
141 116 163
140 116 163
140 116 163
140 115 163
140 115 163
139 115 162
139 115 162
139 114 162
139 114 162
138 114 162
138 114 162
138 113 161
138 113 161
137 113 161
137 113 161
137 113 161
137 112 161
136 112 160
136 112 160
136 112 160
136 111 160
135 111 160
135 111 160
135 111 159
135 110 159
134 110 159
134 110 159
134 110 159
134 109 159
134 109 158
133 109 158
133 109 158
133 108 158
133 108 158
132 108 158
132 108 157
132 107 157
132 107 157
131 107 157
131 107 157
131 106 157
131 106 156
130 106 156
130 106 156
130 105 156
130 105 156
129 105 156
129 105 155
129 104 155
129 104 155
128 104 155
128 104 155
128 103 155
128 103 154
127 103 154
127 103 154
127 102 154
127 102 154
127 102 154
126 101 153
126 101 153
126 101 153
126 100 153
125 100 153
125 100 153
125 99 152
125 99 152
125 99 152
124 98 152
124 98 152
124 98 152
124 97 152
124 97 151
123 97 151
123 96 151
123 96 151
123 96 151
122 95 151
122 95 150
122 95 150
122 94 150
122 94 150
121 94 150
121 93 150
121 93 149
121 93 149
121 92 149
120 92 149
120 92 149
120 91 149
120 91 149
119 91 148
119 90 148
119 90 148
119 90 148
119 89 148
118 89 148
118 88 147
118 88 147
118 88 147
118 87 147
117 87 147
117 87 147
117 86 146
117 86 146
116 86 146
116 85 146
116 85 146
116 85 146
116 84 146
115 84 145
115 84 145
115 83 145
115 83 145
115 83 145
114 82 145
114 82 144
114 82 144
114 81 144
113 81 144
113 81 144
113 80 144
113 80 143
113 80 143
112 79 143
112 79 143
112 79 143
112 78 143
112 78 143
111 78 142
111 77 142
111 77 142
111 77 142
110 76 142
110 76 142
110 76 141
110 75 141
110 75 141
109 75 141
109 74 141
109 74 141
109 74 140
108 73 140
108 73 140
108 73 140
108 72 140
108 72 140
107 72 140
107 71 139
107 71 139
107 71 139
107 70 139
106 70 139
106 70 139
106 69 138
106 69 138
105 69 138
105 68 138
105 68 138
105 68 138
105 67 137
104 67 137
104 67 137
104 66 137
104 66 137
104 66 137
103 65 137
103 65 136
103 65 136
103 64 136
102 64 136
102 64 136
102 63 136
102 63 135
102 63 135
101 62 135
101 62 135
101 62 135
101 61 135
101 61 134
100 61 134
100 60 134
100 60 134
100 60 134
99 59 134
99 59 134
99 59 133
99 58 133
99 58 133
98 58 133
98 57 133
98 57 133
98 57 132
98 56 132
97 56 132
97 56 132
97 55 132
97 55 132
96 55 131
96 54 131
96 54 131
96 54 131
96 53 131
95 53 131
95 53 130
95 52 130
95 52 130
95 52 130
94 51 130
94 51 130
94 51 130
94 50 129
93 50 129
93 50 129
93 49 129
93 49 129
93 49 129
92 48 128
92 48 128
92 48 128
92 47 128
92 47 128
91 47 128
91 46 127
91 46 127
91 46 127
90 45 127
90 45 127
90 45 127
90 44 127
90 44 126
89 44 126
89 43 126
89 43 126
89 43 126
89 42 126
88 42 125
88 42 125
88 41 125
88 41 125
87 41 125
87 40 125
87 40 124
87 40 124
87 39 124
86 39 124
86 39 124
86 38 124
86 38 124
85 38 123
85 37 123
85 37 123
85 37 123
85 36 123
84 36 123
84 36 122
84 35 122
84 35 122
84 35 122
83 34 122
83 34 121
83 34 121
83 34 121
83 34 121
82 34 120
82 33 120
82 33 120
82 33 120
82 33 119
81 33 119
81 33 119
81 32 118
81 32 118
81 32 118
81 32 118
80 32 117
80 32 117
80 31 117
80 31 117
80 31 116
79 31 116
79 31 116
79 31 116
79 30 115
79 30 115
78 30 115
78 30 114
78 30 114
78 30 114
78 29 114
77 29 113
77 29 113
77 29 113
77 29 113
77 28 112
77 28 112
76 28 112
76 28 112
76 28 111
76 28 111
76 27 111
75 27 110
75 27 110
75 27 110
75 27 110
75 27 109
74 26 109
74 26 109
74 26 109
74 26 108
74 26 108
73 26 108
73 25 107
73 25 107
73 25 107
73 25 107
73 25 106
72 25 106
72 24 106
72 24 106
72 24 105
72 24 105
71 24 105
71 24 105
71 23 104
71 23 104
71 23 104
70 23 103
70 23 103
70 22 103
70 22 103
70 22 102
69 22 102
69 22 102
69 22 102
69 21 101
69 21 101
69 21 101
68 21 101
68 21 100
68 21 100
68 20 100
68 20 99
67 20 99
67 20 99
67 20 99
67 20 98
67 19 98
66 19 98
66 19 98
66 19 97
66 19 97
66 19 97
65 18 97
65 18 96
65 18 96
65 18 96
65 18 95
65 18 95
64 17 95
64 17 95
64 17 94
64 17 94
64 17 94
63 16 94
63 16 93
63 16 93
63 16 93
63 16 92
62 16 92
62 15 92
62 15 92
62 15 91
62 15 91
61 15 91
61 15 91
61 14 90
61 14 90
61 14 90
61 14 90
60 14 89
60 14 89
60 13 89
60 13 88
60 13 88
59 13 88
59 13 88
59 13 87
59 12 87
59 12 87
58 12 87
58 12 86
58 12 86
58 12 86
58 11 86
57 11 85
57 11 85
57 11 85
57 11 84
57 10 84
57 10 84
56 10 84
56 10 83
56 10 83
56 10 83
56 9 83
55 9 82
55 9 82
55 9 82
55 9 81
55 9 81
54 8 81
54 8 81
54 8 80
54 8 80
54 8 80
53 8 80
53 7 79
53 7 79
53 7 79
53 7 79
53 7 78
52 7 78
52 6 78
52 6 77
52 6 77
52 6 77
51 6 77
51 6 76
51 5 76
51 5 76
51 5 76
50 5 75
50 5 75
50 4 75
50 4 75
50 4 74
49 4 74
49 4 74
49 4 73
49 3 73
49 3 73
49 3 73
48 3 72
48 3 72
48 3 72
48 2 72
48 2 71
47 2 71
47 2 71
47 2 70
47 2 70
47 1 70
46 1 70
46 1 69
46 1 69
46 1 69
46 1 69
45 0 68
45 0 68
45 0 68
45 0 68
45 0 67
45 0 67
