247 244 249
246 243 248
246 243 248
246 243 248
246 243 248
246 243 248
246 243 248
246 243 248
246 243 248
246 243 248
246 243 248
246 243 248
246 243 248
246 243 248
246 242 248
246 242 248
245 242 248
245 242 248
245 242 248
245 242 248
245 242 248
245 242 248
245 242 248
245 242 248
245 242 248
245 242 248
245 242 247
245 241 247
245 241 247
245 241 247
245 241 247
245 241 247
244 241 247
244 241 247
244 241 247
244 241 247
244 241 247
244 241 247
244 241 247
244 241 247
244 241 247
244 240 247
244 240 247
244 240 247
244 240 247
244 240 247
244 240 247
244 240 247
243 240 247
243 240 247
243 240 247
243 240 247
243 240 246
243 240 246
243 239 246
243 239 246
243 239 246
243 239 246
243 239 246
243 239 246
243 239 246
243 239 246
243 239 246
243 239 246
242 239 246
242 239 246
242 239 246
242 239 246
242 238 246
242 238 246
242 238 246
242 238 246
242 238 246
242 238 246
242 238 246
242 238 246
242 238 246
242 238 245
242 238 245
242 238 245
241 238 245
241 237 245
241 237 245
241 237 245
241 237 245
241 237 245
241 237 245
241 237 245
241 237 245
241 237 245
241 237 245
241 237 245
241 237 245
241 237 245
241 237 245
241 236 245
240 236 245
240 236 245
240 236 245
240 236 245
240 236 245
240 236 245
240 236 245
240 236 244
240 236 244
240 236 244
240 236 244
240 236 244
240 235 244
240 235 244
240 235 244
240 235 244
239 235 244
239 235 244
239 235 244
239 235 244
239 235 244
239 235 244
239 235 244
239 235 244
239 235 244
239 235 244
239 234 244
239 234 244
239 234 244
239 234 244
239 234 244
239 234 244
238 234 243
238 234 243
238 234 243
238 234 243
238 234 243
238 234 243
238 234 243
238 233 243
238 233 243
238 233 243
238 233 243
238 233 243
238 233 243
238 233 243
238 233 243
238 233 243
237 233 243
237 233 243
237 233 243
237 233 243
237 233 243
237 232 243
237 232 243
237 232 243
237 232 243
237 232 243
237 232 242
237 232 242
237 232 242
237 232 242
237 232 242
237 232 242
236 232 242
236 232 242
236 231 242
236 231 242
236 231 242
236 231 242
236 231 242
236 231 242
236 231 242
236 231 242
236 231 242
236 231 242
236 231 242
236 231 242
236 231 242
236 231 242
235 230 242
235 230 242
235 230 242
235 230 242
235 230 241
235 230 241
235 230 241
235 230 241
235 230 241
235 230 241
235 230 241
235 230 241
235 230 241
235 229 241
235 229 241
235 229 241
234 229 241
234 229 241
234 229 241
234 229 241
234 229 241
234 229 241
234 229 241
234 229 241
234 229 241
234 229 241
234 229 241
234 228 241
234 228 241
234 228 240
234 228 240
234 228 240
233 228 240
233 228 240
233 228 240
233 228 240
233 228 240
233 228 240
233 228 240
233 228 240
233 227 240
233 227 240
233 227 240
233 227 240
233 227 240
233 227 240
233 227 240
233 227 240
232 227 240
232 227 240
232 227 240
232 227 240
232 227 240
232 226 240
232 226 240
232 226 239
232 226 239
232 226 239
232 226 239
232 226 239
232 226 239
232 226 239
232 226 239
232 226 239
231 226 239
231 226 239
231 226 239
231 225 239
231 225 239
231 225 239
231 225 239
231 225 239
231 225 239
231 225 239
231 225 239
231 225 239
231 225 239
231 225 239
231 225 239
231 225 239
230 224 238
230 224 238
230 224 238
230 224 238
230 224 238
230 224 238
230 224 238
230 223 238
230 223 238
230 223 238
230 223 238
230 223 238
230 223 238
230 222 237
229 222 237
229 222 237
229 222 237
229 222 237
229 222 237
229 222 237
229 221 237
229 221 237
229 221 237
229 221 237
229 221 237
229 221 236
229 220 236
228 220 236
228 220 236
228 220 236
228 220 236
228 220 236
228 219 236
228 219 236
228 219 236
228 219 236
228 219 236
228 219 235
228 219 235
228 218 235
228 218 235
227 218 235
227 218 235
227 218 235
227 218 235
227 217 235
227 217 235
227 217 235
227 217 235
227 217 234
227 217 234
227 217 234
227 216 234
227 216 234
226 216 234
226 216 234
226 216 234
226 216 234
226 215 234
226 215 234
226 215 234
226 215 233
226 215 233
226 215 233
226 214 233
226 214 233
226 214 233
226 214 233
225 214 233
225 214 233
225 214 233
225 213 233
225 213 233
225 213 232
225 213 232
225 213 232
225 213 232
225 212 232
225 212 232
225 212 232
225 212 232
224 212 232
224 212 232
224 212 232
224 211 232
224 211 232
224 211 231
224 211 231
224 211 231
224 211 231
224 210 231
224 210 231
224 210 231
224 210 231
224 210 231
223 210 231
223 209 231
223 209 231
223 209 230
223 209 230
223 209 230
223 209 230
223 209 230
223 208 230
223 208 230
223 208 230
223 208 230
223 208 230
222 208 230
222 207 230
222 207 229
222 207 229
222 207 229
222 207 229
222 207 229
222 207 229
222 206 229
222 206 229
222 206 229
222 206 229
222 206 229
222 206 229
221 205 228
221 205 228
221 205 228
221 205 228
221 205 228
221 205 228
221 204 228
221 204 228
221 204 228
221 204 228
221 204 228
221 204 228
221 204 227
220 203 227
220 203 227
220 203 227
220 203 227
220 203 227
220 203 227
220 202 227
220 202 227
220 202 227
220 202 227
220 202 227
220 202 227
220 202 226
220 201 226
219 201 226
219 201 226
219 201 226
219 201 226
219 201 226
219 200 226
219 200 226
219 200 226
219 200 226
219 200 226
219 200 225
219 199 225
219 199 225
218 199 225
218 199 225
218 199 225
218 199 225
218 199 225
218 198 225
218 198 225
218 198 225
218 198 225
218 198 224
218 198 224
218 197 224
218 197 224
217 197 224
217 197 224
217 197 224
217 197 224
217 196 224
217 196 224
217 196 224
217 196 224
217 196 223
217 196 223
217 196 223
217 195 223
217 195 223
217 195 223
216 195 223
216 195 223
216 195 223
216 194 223
216 194 223
216 194 223
216 194 222
216 194 222
216 194 222
216 194 222
216 193 222
216 193 222
216 193 222
215 193 222
215 193 222
215 193 222
215 192 222
215 192 222
215 192 222
215 192 221
215 192 221
215 192 221
215 191 221
215 191 221
215 191 221
215 191 221
215 191 221
214 191 221
214 191 221
214 190 221
214 190 221
214 190 220
214 190 220
214 190 220
214 190 220
214 189 220
214 189 220
214 189 220
214 189 220
214 189 220
213 189 220
213 189 220
213 188 220
213 188 219
213 188 219
213 188 219
213 188 219
213 188 219
213 187 219
213 187 219
213 187 219
213 187 219
213 187 219
213 187 219
212 186 219
212 186 218
212 186 218
212 186 218
212 186 218
212 186 218
212 186 218
212 185 218
212 185 218
212 185 218
212 185 218
212 185 218
212 185 218
211 184 217
211 184 217
211 184 217
211 184 217
211 184 217
211 184 217
211 184 217
211 183 217
211 183 217
211 183 217
211 183 217
211 183 217
211 183 217
211 183 217
211 182 216
211 182 216
211 182 216
211 182 216
211 182 216
211 182 216
211 182 216
211 181 216
211 181 216
211 181 216
210 181 216
210 181 216
210 181 216
210 181 215
210 180 215
210 180 215
210 180 215
210 180 215
210 180 215
210 180 215
210 180 215
210 179 215
210 179 215
210 179 215
210 179 215
210 179 215
210 179 215
210 179 214
210 178 214
210 178 214
210 178 214
210 178 214
210 178 214
209 178 214
209 178 214
209 177 214
209 177 214
209 177 214
209 177 214
209 177 214
209 177 213
209 177 213
209 176 213
209 176 213
209 176 213
209 176 213
209 176 213
209 176 213
209 175 213
209 175 213
209 175 213
209 175 213
209 175 213
209 175 213
209 175 212
209 174 212
208 174 212
208 174 212
208 174 212
208 174 212
208 174 212
208 174 212
208 173 212
208 173 212
208 173 212
208 173 212
208 173 212
208 173 211
208 173 211
208 172 211
208 172 211
208 172 211
208 172 211
208 172 211
208 172 211
208 172 211
208 171 211
208 171 211
208 171 211
207 171 211
207 171 211
207 171 210
207 171 210
207 170 210
207 170 210
207 170 210
207 170 210
207 170 210
207 170 210
207 170 210
207 169 210
207 169 210
207 169 210
207 169 210
207 169 209
207 169 209
207 169 209
207 168 209
207 168 209
207 168 209
207 168 209
207 168 209
207 168 209
206 168 209
206 167 209
206 167 209
206 167 209
206 167 208
206 167 208
206 167 208
206 167 208
206 166 208
206 166 208
206 166 208
206 166 208
206 166 208
206 166 208
206 166 208
206 165 208
206 165 208
206 165 208
206 165 207
206 165 207
206 165 207
206 165 207
206 164 207
205 164 207
205 164 207
205 164 207
205 164 207
205 164 207
205 163 207
205 163 207
205 163 207
205 163 206
205 163 206
205 163 206
205 163 206
205 162 206
205 162 206
205 162 206
205 162 206
205 162 206
205 162 206
205 162 206
205 161 206
205 161 206
205 161 206
205 161 205
204 161 205
204 161 205
204 161 205
204 160 205
204 160 205
204 160 205
204 160 205
204 160 205
204 160 205
204 160 205
204 159 205
204 159 205
204 159 204
204 159 204
204 159 204
204 159 204
204 159 204
204 158 204
204 158 204
204 158 204
204 158 204
204 158 204
204 158 204
203 158 204
203 157 204
203 157 204
203 157 203
203 157 203
203 157 203
203 157 203
203 157 203
203 156 203
203 156 203
203 156 203
203 156 203
203 156 203
203 156 203
203 156 203
203 155 203
203 155 202
203 155 202
203 155 202
203 155 202
203 155 202
203 155 202
203 154 202
203 154 202
202 154 202
202 154 202
202 154 202
202 154 202
202 154 202
202 153 202
202 153 201
202 153 201
202 153 201
202 153 201
202 153 201
202 153 201
202 152 201
202 152 201
202 152 201
202 152 201
202 152 201
202 152 201
202 151 201
202 151 200
202 151 200
202 151 200
202 151 200
201 151 200
201 151 200
201 150 200
201 150 200
201 150 200
201 150 200
201 150 200
201 150 200
201 150 200
201 149 200
201 149 199
201 149 199
201 149 199
201 149 199
201 149 199
201 149 199
201 148 199
201 148 199
201 148 199
201 148 199
201 148 199
201 148 199
201 148 199
201 147 198
201 147 198
201 147 198
201 147 198
201 147 198
201 147 198
201 146 198
201 146 198
201 146 198
201 146 198
201 146 198
201 145 197
202 145 197
202 145 197
202 145 197
202 145 197
202 144 197
202 144 197
202 144 197
202 144 197
202 144 197
202 144 197
202 143 196
203 143 196
203 143 196
203 143 196
203 143 196
203 142 196
203 142 196
203 142 196
203 142 196
203 142 196
203 142 196
203 141 196
203 141 195
204 141 195
204 141 195
204 141 195
204 140 195
204 140 195
204 140 195
204 140 195
204 140 195
204 140 195
204 139 195
204 139 194
204 139 194
205 139 194
205 139 194
205 138 194
205 138 194
205 138 194
205 138 194
205 138 194
205 138 194
205 137 194
205 137 193
205 137 193
206 137 193
206 137 193
206 136 193
206 136 193
206 136 193
206 136 193
206 136 193
206 135 193
206 135 193
206 135 192
206 135 192
206 135 192
207 135 192
207 134 192
207 134 192
207 134 192
207 134 192
207 134 192
207 133 192
207 133 192
207 133 191
207 133 191
207 133 191
207 133 191
208 132 191
208 132 191
208 132 191
208 132 191
208 132 191
208 131 191
208 131 191
208 131 190
208 131 190
208 131 190
208 131 190
209 130 190
209 130 190
209 130 190
209 130 190
209 130 190
209 129 190
209 129 190
209 129 189
209 129 189
209 129 189
209 129 189
209 128 189
210 128 189
210 128 189
210 128 189
210 128 189
210 127 189
210 127 189
210 127 188
210 127 188
210 127 188
210 126 188
210 126 188
211 126 188
211 126 188
211 126 188
211 126 188
211 125 188
211 125 188
211 125 188
211 125 187
211 125 187
211 124 187
211 124 187
211 124 187
212 124 187
212 124 187
212 124 187
212 123 187
212 123 187
212 123 187
212 123 186
212 123 186
212 122 186
212 122 186
212 122 186
212 122 186
213 122 186
213 122 186
213 121 186
213 121 186
213 121 186
213 121 185
213 121 185
213 120 185
213 120 185
213 120 185
213 120 185
214 120 185
214 120 185
214 119 185
214 119 185
214 119 185
214 119 184
214 119 184
214 118 184
214 118 184
214 118 184
214 118 184
214 118 184
215 117 184
215 117 184
215 117 184
215 117 184
215 117 183
215 117 183
215 116 183
215 116 183
215 116 183
215 116 183
215 116 183
215 115 183
216 115 183
216 115 183
216 115 183
216 115 182
216 115 182
216 114 182
216 114 182
216 114 182
216 114 182
216 114 182
216 113 182
217 113 182
217 113 182
217 113 182
217 113 181
217 113 181
217 112 181
217 112 181
217 112 181
217 112 181
217 112 181
217 111 181
217 111 181
218 111 181
218 111 181
218 111 180
218 111 180
218 110 180
218 110 180
218 110 180
218 110 180
218 110 180
218 109 180
218 109 180
219 109 180
219 109 180
219 109 179
219 108 179
219 108 179
219 108 179
219 108 179
219 108 179
219 108 179
219 107 179
219 107 179
219 107 179
220 107 179
220 107 179
220 106 178
220 106 178
220 106 178
220 106 178
220 106 178
220 106 178
220 105 178
220 105 178
220 105 178
220 105 178
221 105 178
221 104 177
221 104 177
221 104 177
221 104 177
221 104 177
221 104 177
221 103 177
221 103 177
221 103 177
221 103 177
222 103 177
222 102 176
222 102 176
222 102 176
222 102 176
222 102 176
222 102 176
222 101 176
222 101 176
222 101 176
222 101 176
222 101 176
223 100 175
223 100 175
223 100 175
223 100 175
223 99 175
223 99 175
223 99 175
223 99 174
223 99 174
223 98 174
223 98 174
223 98 174
223 98 174
223 97 173
223 97 173
223 97 173
223 97 173
223 96 173
223 96 173
223 96 173
223 96 172
223 95 172
223 95 172
223 95 172
223 95 172
223 95 172
223 94 172
223 94 171
223 94 171
223 94 171
223 93 171
223 93 171
224 93 171
224 93 171
224 92 170
224 92 170
224 92 170
224 92 170
224 91 170
224 91 170
224 91 169
224 91 169
224 91 169
224 90 169
224 90 169
224 90 169
224 90 169
224 89 168
224 89 168
224 89 168
224 89 168
224 88 168
224 88 168
224 88 168
224 88 167
224 87 167
224 87 167
224 87 167
224 87 167
224 87 167
224 86 167
224 86 166
224 86 166
224 86 166
225 85 166
225 85 166
225 85 166
225 85 165
225 84 165
225 84 165
225 84 165
225 84 165
225 83 165
225 83 165
225 83 164
225 83 164
225 83 164
225 82 164
225 82 164
225 82 164
225 82 164
225 81 163
225 81 163
225 81 163
225 81 163
225 80 163
225 80 163
225 80 163
225 80 162
225 80 162
225 79 162
225 79 162
225 79 162
225 79 162
225 78 161
225 78 161
226 78 161
226 78 161
226 77 161
226 77 161
226 77 161
226 77 160
226 76 160
226 76 160
226 76 160
226 76 160
226 76 160
226 75 160
226 75 159
226 75 159
226 75 159
226 74 159
226 74 159
226 74 159
226 74 158
226 73 158
226 73 158
226 73 158
226 73 158
226 72 158
226 72 158
226 72 157
226 72 157
226 72 157
226 71 157
226 71 157
226 71 157
226 71 157
227 70 156
227 70 156
227 70 156
227 70 156
227 69 156
227 69 156
227 69 156
227 69 155
227 68 155
227 68 155
227 68 155
227 68 155
227 68 155
227 67 154
227 67 154
227 67 154
227 67 154
227 66 154
227 66 154
227 66 154
227 66 153
227 65 153
227 65 153
227 65 153
227 65 153
227 65 153
227 64 153
227 64 152
227 64 152
227 64 152
227 63 152
227 63 152
228 63 152
228 63 152
228 62 151
228 62 151
228 62 151
228 62 151
228 61 151
228 61 151
228 61 150
228 61 150
228 61 150
228 60 150
228 60 150
228 60 150
228 60 150
228 59 149
228 59 149
228 59 149
228 59 149
228 58 149
228 58 149
228 58 149
228 58 148
228 57 148
228 57 148
228 57 148
228 57 148
228 57 148
228 56 148
228 56 147
228 56 147
228 56 147
229 55 147
229 55 147
229 55 147
229 55 146
229 54 146
229 54 146
229 54 146
229 54 146
229 53 146
229 53 146
229 53 145
229 53 145
229 53 145
229 52 145
229 52 145
229 52 145
229 52 145
229 51 144
229 51 144
229 51 144
229 51 144
229 50 144
229 50 144
229 50 143
229 50 143
229 49 143
229 49 143
229 49 143
229 49 143
229 49 143
229 48 142
229 48 142
230 48 142
230 48 142
230 47 142
230 47 142
230 47 142
230 47 141
230 46 141
230 46 141
230 46 141
230 46 141
230 46 141
230 45 141
230 45 140
230 45 140
230 45 140
230 44 140
230 44 140
230 44 140
230 44 139
230 43 139
230 43 139
230 43 139
230 43 139
230 42 139
230 42 139
230 42 138
230 42 138
230 42 138
230 41 138
230 41 138
230 41 138
230 41 138
230 40 137
230 40 137
230 40 137
230 40 137
230 40 137
230 40 136
230 40 136
230 40 136
230 40 136
230 40 136
229 40 135
229 39 135
229 39 135
229 39 135
229 39 135
229 39 134
229 39 134
229 39 134
229 39 134
229 39 134
228 39 133
228 39 133
228 38 133
228 38 133
228 38 132
228 38 132
228 38 132
228 38 132
228 38 132
228 38 131
228 38 131
227 38 131
227 38 131
227 37 131
227 37 130
227 37 130
227 37 130
227 37 130
227 37 130
227 37 129
227 37 129
226 37 129
226 37 129
226 37 129
226 36 128
226 36 128
226 36 128
226 36 128
226 36 128
226 36 127
226 36 127
225 36 127
225 36 127
225 36 127
225 36 126
225 36 126
225 35 126
225 35 126
225 35 126
225 35 125
225 35 125
224 35 125
224 35 125
224 35 125
224 35 124
224 35 124
224 35 124
224 34 124
224 34 124
224 34 123
224 34 123
224 34 123
223 34 123
223 34 123
223 34 122
223 34 122
223 34 122
223 34 122
223 33 122
223 33 121
223 33 121
223 33 121
222 33 121
222 33 121
222 33 120
222 33 120
222 33 120
222 33 120
222 33 119
222 32 119
222 32 119
222 32 119
221 32 119
221 32 118
221 32 118
221 32 118
221 32 118
221 32 118
221 32 117
221 32 117
221 31 117
221 31 117
220 31 117
220 31 116
220 31 116
220 31 116
220 31 116
220 31 116
220 31 115
220 31 115
220 31 115
220 30 115
219 30 115
219 30 114
219 30 114
219 30 114
219 30 114
219 30 114
219 30 113
219 30 113
219 30 113
219 30 113
219 29 113
218 29 112
218 29 112
218 29 112
218 29 112
218 29 112
218 29 111
218 29 111
218 29 111
218 29 111
218 29 111
217 28 110
217 28 110
217 28 110
217 28 110
217 28 110
217 28 109
217 28 109
217 28 109
217 28 109
217 28 109
216 28 108
216 28 108
216 27 108
216 27 108
216 27 107
216 27 107
216 27 107
216 27 107
216 27 107
216 27 106
215 27 106
215 27 106
215 27 106
215 26 106
215 26 105
215 26 105
215 26 105
215 26 105
215 26 105
215 26 104
215 26 104
214 26 104
214 26 104
214 26 104
214 25 103
214 25 103
214 25 103
214 25 103
214 25 103
214 25 102
214 25 102
213 25 102
213 25 102
213 25 102
213 25 101
213 24 101
213 24 101
213 24 101
213 24 101
213 24 100
213 24 100
212 24 100
212 24 100
212 24 100
212 24 99
212 24 99
212 23 99
212 23 99
212 23 99
212 23 98
212 23 98
211 23 98
211 23 98
211 23 98
211 23 97
211 23 97
211 23 97
211 22 97
211 22 97
211 22 96
211 22 96
211 22 96
210 22 96
210 22 96
210 22 95
210 22 95
210 22 95
210 22 95
210 21 94
210 21 94
210 21 94
210 21 94
209 21 94
209 21 93
209 21 93
209 21 93
209 21 93
209 21 93
209 21 92
209 20 92
209 20 92
209 20 92
208 20 92
208 20 91
208 20 91
208 20 91
208 20 91
208 20 91
208 20 90
208 20 90
208 20 90
208 19 90
207 19 90
207 19 89
207 19 89
207 19 89
207 19 89
207 19 89
207 19 88
207 19 88
207 19 88
207 19 88
207 18 88
206 18 87
206 18 87
206 18 87
206 18 87
206 18 87
206 18 86
206 18 86
206 18 86
206 18 86
206 18 86
205 17 85
205 17 85
205 17 85
205 17 85
204 17 85
204 17 85
204 17 85
204 17 85
204 17 85
203 17 85
203 17 85
203 17 85
203 17 85
203 17 84
202 16 84
202 16 84
202 16 84
202 16 84
202 16 84
201 16 84
201 16 84
201 16 84
201 16 84
200 16 84
200 16 84
200 16 84
200 16 84
200 16 83
199 15 83
199 15 83
199 15 83
199 15 83
199 15 83
198 15 83
198 15 83
198 15 83
198 15 83
198 15 83
197 15 83
197 15 83
197 15 82
197 15 82
196 14 82
196 14 82
196 14 82
196 14 82
196 14 82
195 14 82
195 14 82
195 14 82
195 14 82
195 14 82
194 14 82
194 14 82
194 14 81
194 14 81
194 14 81
193 13 81
193 13 81
193 13 81
193 13 81
192 13 81
192 13 81
192 13 81
192 13 81
192 13 81
191 13 81
191 13 80
191 13 80
191 13 80
191 13 80
190 12 80
190 12 80
190 12 80
190 12 80
190 12 80
189 12 80
189 12 80
189 12 80
189 12 80
188 12 80
188 12 79
188 12 79
188 12 79
188 12 79
187 11 79
187 11 79
187 11 79
187 11 79
187 11 79
186 11 79
186 11 79
186 11 79
186 11 79
186 11 78
185 11 78
185 11 78
185 11 78
185 11 78
184 10 78
184 10 78
184 10 78
184 10 78
184 10 78
183 10 78
183 10 78
183 10 78
183 10 77
183 10 77
182 10 77
182 10 77
182 10 77
182 10 77
181 9 77
181 9 77
181 9 77
181 9 77
181 9 77
180 9 77
180 9 77
180 9 77
180 9 76
180 9 76
179 9 76
179 9 76
179 9 76
179 9 76
179 9 76
178 8 76
178 8 76
178 8 76
178 8 76
177 8 76
177 8 76
177 8 75
177 8 75
177 8 75
176 8 75
176 8 75
176 8 75
176 8 75
176 8 75
175 7 75
175 7 75
175 7 75
175 7 75
175 7 75
174 7 75
174 7 74
174 7 74
174 7 74
173 7 74
173 7 74
173 7 74
173 7 74
173 7 74
172 6 74
172 6 74
172 6 74
172 6 74
172 6 74
171 6 73
171 6 73
171 6 73
171 6 73
171 6 73
170 6 73
170 6 73
170 6 73
170 6 73
169 5 73
169 5 73
169 5 73
169 5 73
169 5 73
168 5 72
168 5 72
168 5 72
168 5 72
168 5 72
167 5 72
167 5 72
167 5 72
167 5 72
167 5 72
166 4 72
166 4 72
166 4 72
166 4 71
165 4 71
165 4 71
165 4 71
165 4 71
165 4 71
164 4 71
164 4 71
164 4 71
164 4 71
164 4 71
163 3 71
163 3 71
163 3 71
163 3 70
163 3 70
162 3 70
162 3 70
162 3 70
162 3 70
161 3 70
161 3 70
161 3 70
161 3 70
161 3 70
160 2 70
160 2 70
160 2 69
160 2 69
160 2 69
159 2 69
159 2 69
159 2 69
159 2 69
158 2 69
158 2 69
158 2 69
158 2 69
158 2 69
157 1 69
157 1 69
157 1 68
157 1 68
157 1 68
156 1 68
156 1 68
156 1 68
156 1 68
156 1 68
155 1 68
155 1 68
155 1 68
155 1 68
154 0 68
154 0 67
154 0 67
154 0 67
154 0 67
153 0 67
153 0 67
153 0 67
153 0 67
153 0 67
152 0 67
152 0 67
152 0 67
152 0 67
152 0 67
151 0 66
151 0 66
151 0 66
151 0 66
151 0 66
150 0 66
150 0 66
150 0 65
150 0 65
150 0 65
149 0 65
149 0 65
149 0 65
149 0 65
149 0 64
148 0 64
148 0 64
148 0 64
148 0 64
148 0 64
148 0 64
147 0 63
147 0 63
147 0 63
147 0 63
147 0 63
146 0 63
146 0 63
146 0 62
146 0 62
146 0 62
145 0 62
145 0 62
145 0 62
145 0 62
145 0 61
144 0 61
144 0 61
144 0 61
144 0 61
144 0 61
143 0 61
143 0 60
143 0 60
143 0 60
143 0 60
143 0 60
142 0 60
142 0 60
142 0 59
142 0 59
142 0 59
141 0 59
141 0 59
141 0 59
141 0 59
141 0 58
140 0 58
140 0 58
140 0 58
140 0 58
140 0 58
139 0 58
139 0 58
139 0 57
139 0 57
139 0 57
139 0 57
138 0 57
138 0 57
138 0 57
138 0 56
138 0 56
137 0 56
137 0 56
137 0 56
137 0 56
137 0 56
136 0 55
136 0 55
136 0 55
136 0 55
136 0 55
135 0 55
135 0 55
135 0 54
135 0 54
135 0 54
134 0 54
134 0 54
134 0 54
134 0 54
134 0 53
134 0 53
133 0 53
133 0 53
133 0 53
133 0 53
133 0 53
132 0 52
132 0 52
132 0 52
132 0 52
132 0 52
131 0 52
131 0 52
131 0 51
131 0 51
131 0 51
130 0 51
130 0 51
130 0 51
130 0 51
130 0 50
130 0 50
129 0 50
129 0 50
129 0 50
129 0 50
129 0 50
128 0 49
128 0 49
128 0 49
128 0 49
128 0 49
127 0 49
127 0 49
127 0 49
127 0 48
127 0 48
126 0 48
126 0 48
126 0 48
126 0 48
126 0 48
125 0 47
125 0 47
125 0 47
125 0 47
125 0 47
125 0 47
124 0 47
124 0 46
124 0 46
124 0 46
124 0 46
123 0 46
123 0 46
123 0 46
123 0 45
123 0 45
122 0 45
122 0 45
122 0 45
122 0 45
122 0 45
121 0 44
121 0 44
121 0 44
121 0 44
121 0 44
121 0 44
120 0 44
120 0 43
120 0 43
120 0 43
120 0 43
119 0 43
119 0 43
119 0 43
119 0 42
119 0 42
118 0 42
118 0 42
118 0 42
118 0 42
118 0 42
117 0 41
117 0 41
117 0 41
117 0 41
117 0 41
116 0 41
116 0 41
116 0 40
116 0 40
116 0 40
116 0 40
115 0 40
115 0 40
115 0 40
115 0 40
115 0 39
114 0 39
114 0 39
114 0 39
114 0 39
114 0 39
113 0 39
113 0 38
113 0 38
113 0 38
113 0 38
112 0 38
112 0 38
112 0 38
112 0 37
112 0 37
112 0 37
111 0 37
111 0 37
111 0 37
111 0 37
111 0 36
110 0 36
110 0 36
110 0 36
110 0 36
110 0 36
109 0 36
109 0 35
109 0 35
109 0 35
109 0 35
108 0 35
108 0 35
108 0 35
108 0 34
108 0 34
107 0 34
107 0 34
107 0 34
107 0 34
107 0 34
107 0 33
106 0 33
106 0 33
106 0 33
106 0 33
106 0 33
105 0 33
105 0 32
105 0 32
105 0 32
105 0 32
104 0 32
104 0 32
104 0 32
104 0 31
104 0 31
103 0 31
103 0 31
103 0 31
103 0 31
103 0 31
103 0 31
