252 251 253
251 250 252
251 250 252
251 250 252
251 250 252
251 250 252
251 250 252
251 250 252
251 250 252
251 250 252
251 250 252
251 250 252
251 250 252
251 250 252
251 250 252
251 250 252
251 250 252
251 250 252
251 250 252
251 249 252
250 249 252
250 249 252
250 249 252
250 249 252
250 249 252
250 249 252
250 249 252
250 249 252
250 249 252
250 249 252
250 249 252
250 249 252
250 249 251
250 249 251
250 249 251
250 249 251
250 249 251
250 248 251
250 248 251
250 248 251
249 248 251
249 248 251
249 248 251
249 248 251
249 248 251
249 248 251
249 248 251
249 248 251
249 248 251
249 248 251
249 248 251
249 248 251
249 248 251
249 248 251
249 248 251
249 247 251
249 247 251
249 247 251
249 247 251
249 247 251
248 247 251
248 247 251
248 247 251
248 247 251
248 247 250
248 247 250
248 247 250
248 247 250
248 247 250
248 247 250
248 247 250
248 247 250
248 247 250
248 247 250
248 246 250
248 246 250
248 246 250
248 246 250
248 246 250
247 246 250
247 246 250
247 246 250
247 246 250
247 246 250
247 246 250
247 246 250
247 246 250
247 246 250
247 246 250
247 246 250
247 246 250
247 246 250
247 245 250
247 245 250
247 245 250
247 245 250
247 245 249
247 245 249
247 245 249
246 245 249
246 245 249
246 245 249
246 245 249
246 245 249
246 245 249
246 245 249
246 245 249
246 245 249
246 245 249
246 245 249
246 244 249
246 244 249
246 244 249
246 244 249
246 244 249
246 244 249
246 244 249
246 244 249
246 244 249
245 244 249
245 244 249
245 244 249
245 244 249
245 244 249
245 244 249
245 244 249
245 244 249
245 244 249
245 243 248
245 243 248
245 243 248
245 243 248
245 243 248
245 243 248
245 243 248
245 243 248
245 243 248
245 243 248
244 243 248
244 243 248
244 243 248
244 243 248
244 243 248
244 243 248
244 243 248
244 243 248
244 243 248
244 242 248
244 242 248
244 242 248
244 242 248
244 242 248
244 242 248
244 242 248
244 242 248
244 242 248
244 242 248
244 242 248
243 242 248
243 242 248
243 242 247
243 242 247
243 242 247
243 242 247
243 242 247
243 241 247
243 241 247
243 241 247
243 241 247
243 241 247
243 241 247
243 241 247
243 241 247
243 241 247
243 241 247
243 241 247
243 241 247
243 241 247
242 241 247
242 241 247
242 241 247
242 241 247
242 241 247
242 240 247
242 240 247
242 240 247
242 240 247
242 240 247
242 240 247
242 240 247
242 240 247
242 240 247
242 240 246
242 240 246
242 240 246
242 240 246
242 240 246
241 240 246
241 240 246
241 240 246
241 240 246
241 240 246
241 239 246
241 239 246
241 239 246
241 239 246
241 239 246
241 239 246
241 239 246
241 239 246
241 239 246
241 239 246
241 239 246
241 239 246
241 239 246
241 239 246
241 239 246
240 239 246
240 239 246
240 239 246
240 238 246
240 238 246
240 238 246
240 238 246
240 238 245
240 238 245
240 238 245
240 238 245
240 238 245
240 238 245
240 238 245
240 238 245
240 238 245
240 238 245
240 238 245
240 238 245
240 238 245
239 238 245
239 237 245
239 237 245
239 237 245
239 237 245
239 237 245
239 237 245
239 237 245
239 237 245
239 237 245
239 237 245
239 237 245
239 237 245
239 237 245
239 237 245
239 237 245
239 237 245
239 237 245
239 237 245
238 236 244
238 236 244
238 236 244
238 236 244
238 236 244
238 236 244
238 236 244
238 236 244
238 236 244
238 236 244
238 236 244
238 236 244
238 236 244
237 236 244
237 235 244
237 235 244
237 235 244
237 235 244
237 235 244
237 235 244
237 235 244
237 235 244
237 235 244
237 235 244
237 235 244
236 235 244
236 235 243
236 234 243
236 234 243
236 234 243
236 234 243
236 234 243
236 234 243
236 234 243
236 234 243
236 234 243
236 234 243
235 234 243
235 234 243
235 234 243
235 234 243
235 233 243
235 233 243
235 233 243
235 233 243
235 233 243
235 233 243
235 233 243
235 233 243
234 233 243
234 233 243
234 233 243
234 233 242
234 233 242
234 232 242
234 232 242
234 232 242
234 232 242
234 232 242
234 232 242
234 232 242
233 232 242
233 232 242
233 232 242
233 232 242
233 232 242
233 232 242
233 232 242
233 231 242
233 231 242
233 231 242
233 231 242
233 231 242
232 231 242
232 231 242
232 231 242
232 231 242
232 231 241
232 231 241
232 231 241
232 231 241
232 230 241
232 230 241
232 230 241
232 230 241
232 230 241
231 230 241
231 230 241
231 230 241
231 230 241
231 230 241
231 230 241
231 230 241
231 230 241
231 230 241
231 229 241
231 229 241
231 229 241
230 229 241
230 229 241
230 229 241
230 229 241
230 229 241
230 229 240
230 229 240
230 229 240
230 229 240
230 229 240
230 228 240
230 228 240
229 228 240
229 228 240
229 228 240
229 228 240
229 228 240
229 228 240
229 228 240
229 228 240
229 228 240
229 228 240
229 228 240
229 228 240
228 227 240
228 227 240
228 227 240
228 227 240
228 227 240
228 227 240
228 227 239
228 227 239
228 227 239
228 227 239
228 227 239
228 227 239
227 227 239
227 226 239
227 226 239
227 226 239
227 226 239
227 226 239
227 226 239
227 226 239
227 226 239
227 226 239
227 226 239
227 226 239
227 226 239
226 226 239
226 226 239
226 225 239
226 225 239
226 225 239
226 225 239
226 225 239
226 225 238
226 225 238
226 225 238
226 225 238
226 225 238
225 225 238
225 225 238
225 225 238
225 224 238
225 224 238
225 224 238
225 224 238
225 224 238
225 224 238
225 224 238
225 224 238
225 224 238
224 224 238
224 224 238
224 224 238
224 224 238
224 223 238
224 223 238
224 223 238
224 223 238
224 223 237
224 223 237
224 223 237
224 223 237
223 223 237
223 223 237
223 223 237
223 223 237
223 223 237
223 223 237
223 222 237
223 222 237
223 222 237
223 222 237
223 222 237
223 222 237
222 222 237
222 222 237
222 222 237
222 222 237
222 222 237
222 222 237
222 222 237
222 221 237
222 221 237
222 221 237
222 221 236
222 221 236
222 221 236
221 221 236
221 221 236
221 221 236
221 221 236
221 221 236
221 221 236
221 221 236
221 221 236
221 220 236
221 220 236
221 220 236
221 220 236
220 220 236
220 220 236
220 220 236
220 220 236
220 220 236
220 220 236
220 220 236
220 220 236
220 220 236
220 219 236
220 219 236
220 219 235
219 219 235
219 219 235
219 219 235
219 219 235
219 219 235
219 219 235
219 219 235
219 219 235
219 219 235
219 219 235
219 219 235
219 218 235
218 218 235
218 218 235
218 218 235
218 218 235
218 218 235
218 218 235
218 218 235
218 218 235
218 218 235
218 218 235
218 218 235
218 218 235
217 217 234
217 217 234
217 217 234
217 217 234
217 217 234
217 217 234
217 217 234
217 217 234
217 217 234
216 216 234
216 216 234
216 216 234
216 216 234
216 216 234
216 216 234
216 216 234
216 216 234
215 216 233
215 215 233
215 215 233
215 215 233
215 215 233
215 215 233
215 215 233
215 215 233
215 215 233
214 215 233
214 214 233
214 214 233
214 214 233
214 214 233
214 214 233
214 214 233
214 214 233
213 214 232
213 214 232
213 213 232
213 213 232
213 213 232
213 213 232
213 213 232
213 213 232
213 213 232
212 213 232
212 212 232
212 212 232
212 212 232
212 212 232
212 212 232
212 212 232
212 212 232
211 212 231
211 212 231
211 211 231
211 211 231
211 211 231
211 211 231
211 211 231
211 211 231
211 211 231
210 211 231
210 211 231
210 210 231
210 210 231
210 210 231
210 210 231
210 210 231
210 210 231
209 210 230
209 210 230
209 210 230
209 209 230
209 209 230
209 209 230
209 209 230
209 209 230
209 209 230
208 209 230
208 209 230
208 209 230
208 208 230
208 208 230
208 208 230
208 208 230
208 208 230
208 208 230
207 208 229
207 208 229
207 207 229
207 207 229
207 207 229
207 207 229
207 207 229
207 207 229
206 207 229
206 207 229
206 207 229
206 206 229
206 206 229
206 206 229
206 206 229
206 206 229
206 206 229
205 206 228
205 206 228
205 206 228
205 205 228
205 205 228
205 205 228
205 205 228
205 205 228
204 205 228
204 205 228
204 205 228
204 205 228
204 204 228
204 204 228
204 204 228
204 204 228
204 204 228
203 204 227
203 204 227
203 204 227
203 204 227
203 203 227
203 203 227
203 203 227
203 203 227
202 203 227
202 203 227
202 203 227
202 203 227
202 203 227
202 202 227
202 202 227
202 202 227
202 202 227
201 202 226
201 202 226
201 202 226
201 202 226
201 201 226
201 201 226
201 201 226
201 201 226
200 201 226
200 201 226
200 201 226
200 201 226
200 201 226
200 200 226
200 200 226
200 200 226
200 200 226
199 200 225
199 200 225
199 200 225
199 200 225
199 200 225
199 199 225
199 199 225
199 199 225
198 199 225
198 199 225
198 199 225
198 199 225
198 199 225
198 199 225
198 198 225
198 198 225
198 198 225
197 198 224
197 198 224
197 198 224
197 198 224
197 198 224
197 198 224
197 197 224
197 197 224
196 197 224
196 197 224
196 197 224
196 197 224
196 197 224
196 197 224
196 197 224
196 196 224
196 196 224
195 196 223
195 196 223
195 196 223
195 196 223
195 196 223
195 196 223
195 195 223
195 195 223
194 195 223
194 195 223
194 195 223
194 195 223
194 195 223
194 195 223
194 195 223
194 194 223
194 194 223
193 194 222
193 194 222
193 194 222
193 194 222
193 194 222
193 194 222
193 194 222
193 193 222
192 193 222
192 193 222
192 193 222
192 193 222
192 193 222
192 193 222
192 193 222
192 193 222
192 192 222
191 192 221
191 192 221
191 192 221
191 192 221
191 192 221
191 192 221
191 192 221
191 192 221
191 191 221
190 191 221
190 191 221
190 191 221
190 191 221
190 191 221
190 191 221
190 191 221
190 190 221
189 190 220
189 190 220
189 190 220
189 190 220
189 190 220
189 190 220
189 190 220
189 190 220
189 189 220
188 189 220
188 189 220
188 189 220
188 189 220
188 189 220
188 189 220
188 189 220
188 189 220
187 188 219
187 188 219
187 188 219
187 188 219
187 188 219
187 188 219
187 188 219
187 187 219
187 187 219
186 187 219
186 187 219
186 187 219
186 187 219
186 187 218
186 187 218
186 186 218
186 186 218
185 186 218
185 186 218
185 186 218
185 186 218
185 186 218
185 185 218
185 185 218
185 185 218
185 185 218
184 185 217
184 185 217
184 185 217
184 184 217
184 184 217
184 184 217
184 184 217
184 184 217
183 184 217
183 184 217
183 184 217
183 183 217
183 183 217
183 183 216
183 183 216
183 183 216
183 183 216
182 183 216
182 182 216
182 182 216
182 182 216
182 182 216
182 182 216
182 182 216
182 182 216
181 181 215
181 181 215
181 181 215
181 181 215
181 181 215
181 181 215
181 181 215
181 181 215
181 180 215
180 180 215
180 180 215
180 180 215
180 180 215
180 180 214
180 180 214
180 179 214
180 179 214
179 179 214
179 179 214
179 179 214
179 179 214
179 179 214
179 178 214
179 178 214
179 178 214
179 178 214
178 178 213
178 178 213
178 178 213
178 178 213
178 177 213
178 177 213
178 177 213
178 177 213
177 177 213
177 177 213
177 177 213
177 176 213
177 176 213
177 176 212
177 176 212
177 176 212
177 176 212
176 176 212
176 175 212
176 175 212
176 175 212
176 175 212
176 175 212
176 175 212
176 175 212
175 174 211
175 174 211
175 174 211
175 174 211
175 174 211
175 174 211
175 174 211
175 174 211
175 173 211
174 173 211
174 173 211
174 173 211
174 173 211
174 173 210
174 173 210
174 172 210
174 172 210
174 172 210
173 172 210
173 172 210
173 172 210
173 172 210
173 171 210
173 171 210
173 171 210
173 171 210
172 171 209
172 171 209
172 171 209
172 171 209
172 170 209
172 170 209
172 170 209
172 170 209
172 170 209
171 170 209
171 170 209
171 169 209
171 169 209
171 169 208
171 169 208
171 169 208
171 169 208
170 169 208
170 168 208
170 168 208
170 168 208
170 168 208
170 168 208
170 168 208
170 168 208
170 168 208
169 167 207
169 167 207
169 167 207
169 167 207
169 167 207
169 167 207
169 167 207
169 166 207
168 166 207
168 166 207
168 166 207
168 166 207
168 166 206
168 166 206
168 165 206
168 165 206
168 165 206
167 165 206
167 165 206
167 165 206
167 165 206
167 165 206
167 164 206
167 164 206
167 164 206
166 164 205
166 164 205
166 164 205
166 164 205
166 163 205
166 163 205
166 163 205
166 163 205
166 163 205
165 163 205
165 163 205
165 162 205
165 162 205
165 162 204
165 162 204
165 162 204
165 162 204
164 162 204
164 162 204
164 161 204
164 161 204
164 161 204
164 161 204
164 161 204
164 161 204
164 161 204
163 160 203
163 160 203
163 160 203
163 160 203
163 160 203
163 160 203
163 160 203
163 159 203
162 159 203
162 159 203
162 159 203
162 159 203
162 159 203
162 159 202
162 158 202
162 158 202
162 158 202
161 158 202
161 158 202
161 158 202
161 158 202
161 158 202
161 157 202
161 157 202
161 157 202
160 157 201
160 157 201
160 157 201
160 157 201
160 156 201
160 156 201
160 156 201
160 156 201
160 156 201
159 156 201
159 156 201
159 155 201
159 155 201
159 155 200
159 155 200
159 155 200
159 155 200
158 155 200
158 155 200
158 154 200
158 154 200
158 154 200
158 154 200
158 154 200
158 154 200
158 154 200
157 153 199
157 153 199
157 153 199
157 153 199
157 153 199
157 153 199
157 153 199
157 153 199
157 153 199
156 152 199
156 152 199
156 152 199
156 152 199
156 152 199
156 152 199
156 152 199
156 152 199
155 152 199
155 151 198
155 151 198
155 151 198
155 151 198
155 151 198
155 151 198
155 151 198
155 151 198
154 150 198
154 150 198
154 150 198
154 150 198
154 150 198
154 150 198
154 150 198
154 150 198
153 150 198
153 149 198
153 149 198
153 149 197
153 149 197
153 149 197
153 149 197
153 149 197
153 149 197
152 149 197
152 148 197
152 148 197
152 148 197
152 148 197
152 148 197
152 148 197
152 148 197
151 148 197
151 148 197
151 147 197
151 147 197
151 147 196
151 147 196
151 147 196
151 147 196
151 147 196
150 147 196
150 147 196
150 146 196
150 146 196
150 146 196
150 146 196
150 146 196
150 146 196
149 146 196
149 146 196
149 146 196
149 145 196
149 145 196
149 145 195
149 145 195
149 145 195
149 145 195
148 145 195
148 145 195
148 144 195
148 144 195
148 144 195
148 144 195
148 144 195
148 144 195
147 144 195
147 144 195
147 144 195
147 143 195
147 143 195
147 143 195
147 143 194
147 143 194
147 143 194
146 143 194
146 143 194
146 143 194
146 142 194
146 142 194
146 142 194
146 142 194
146 142 194
145 142 194
145 142 194
145 142 194
145 142 194
145 141 194
145 141 194
145 141 194
145 141 194
145 141 193
144 141 193
144 141 193
144 141 193
144 141 193
144 140 193
144 140 193
144 140 193
144 140 193
143 140 193
143 140 193
143 140 193
143 140 193
143 140 193
143 139 193
143 139 193
143 139 193
143 139 193
142 139 192
142 139 192
142 139 192
142 139 192
142 138 192
142 138 192
142 138 192
142 138 192
141 138 192
141 138 192
141 138 192
141 138 192
141 138 192
141 137 192
141 137 192
141 137 192
141 137 192
140 137 192
140 137 191
140 137 191
140 137 191
140 137 191
140 136 191
140 136 191
140 136 191
140 136 191
139 136 191
139 136 191
139 136 191
139 136 191
139 136 191
139 135 191
139 135 191
139 135 191
138 135 191
138 135 191
138 135 190
138 135 190
138 135 190
138 135 190
138 134 190
138 134 190
138 134 190
137 134 190
137 134 190
137 134 190
137 134 190
137 134 190
137 133 190
137 133 190
137 133 190
136 133 190
136 133 190
136 133 190
136 133 190
136 133 189
136 133 189
136 132 189
136 132 189
136 132 189
135 132 189
135 132 189
135 132 189
135 132 189
135 132 189
135 132 189
135 131 189
135 131 189
134 131 189
134 131 189
134 131 189
134 131 189
134 131 189
134 131 188
134 131 188
134 130 188
134 130 188
133 130 188
133 130 188
133 130 188
133 130 188
133 130 188
133 130 188
133 130 188
133 129 188
132 129 188
132 129 188
132 129 188
132 129 188
132 129 188
132 129 188
132 129 187
132 129 187
132 128 187
131 128 187
131 128 187
131 128 187
131 128 187
131 128 187
131 128 187
131 128 187
131 127 187
130 127 187
130 127 187
130 127 187
130 127 187
130 127 187
130 127 187
130 127 187
130 127 187
130 126 186
129 126 186
129 126 186
129 126 186
129 126 186
129 126 186
129 126 186
129 126 186
129 126 186
128 125 186
128 125 186
128 125 186
128 125 186
128 125 186
128 125 186
128 125 186
128 125 186
128 125 186
127 124 185
127 124 185
127 124 185
127 124 185
127 124 185
127 124 185
127 123 185
127 123 185
127 123 185
127 123 185
127 123 185
127 123 184
126 122 184
126 122 184
126 122 184
126 122 184
126 122 184
126 121 184
126 121 184
126 121 184
126 121 184
126 121 184
126 121 183
125 120 183
125 120 183
125 120 183
125 120 183
125 120 183
125 120 183
125 119 183
125 119 183
125 119 183
125 119 183
125 119 182
125 119 182
124 118 182
124 118 182
124 118 182
124 118 182
124 118 182
124 118 182
124 117 182
124 117 182
124 117 182
124 117 181
124 117 181
123 116 181
123 116 181
123 116 181
123 116 181
123 116 181
123 116 181
123 115 181
123 115 181
123 115 181
123 115 180
123 115 180
123 115 180
122 114 180
122 114 180
122 114 180
122 114 180
122 114 180
122 114 180
122 113 180
122 113 180
122 113 180
122 113 179
122 113 179
122 113 179
121 112 179
121 112 179
121 112 179
121 112 179
121 112 179
121 111 179
121 111 179
121 111 179
121 111 178
121 111 178
121 111 178
120 110 178
120 110 178
120 110 178
120 110 178
120 110 178
120 110 178
120 109 178
120 109 178
120 109 177
120 109 177
120 109 177
120 109 177
119 108 177
119 108 177
119 108 177
119 108 177
119 108 177
119 108 177
119 107 177
119 107 176
119 107 176
119 107 176
119 107 176
119 107 176
118 106 176
118 106 176
118 106 176
118 106 176
118 106 176
118 105 176
118 105 175
118 105 175
118 105 175
118 105 175
118 105 175
117 104 175
117 104 175
117 104 175
117 104 175
117 104 175
117 104 175
117 103 174
117 103 174
117 103 174
117 103 174
117 103 174
117 103 174
116 102 174
116 102 174
116 102 174
116 102 174
116 102 174
116 102 173
116 101 173
116 101 173
116 101 173
116 101 173
116 101 173
115 100 173
115 100 173
115 100 173
115 100 173
115 100 173
115 100 172
115 99 172
115 99 172
115 99 172
115 99 172
115 99 172
115 99 172
114 98 172
114 98 172
114 98 172
114 98 172
114 98 172
114 98 171
114 97 171
114 97 171
114 97 171
114 97 171
114 97 171
114 97 171
113 96 171
113 96 171
113 96 171
113 96 171
113 96 170
113 96 170
113 95 170
113 95 170
113 95 170
113 95 170
113 95 170
112 94 170
112 94 170
112 94 170
112 94 170
112 94 169
112 94 169
112 93 169
112 93 169
112 93 169
112 93 169
112 93 169
112 93 169
111 92 169
111 92 169
111 92 169
111 92 168
111 92 168
111 92 168
111 91 168
111 91 168
111 91 168
111 91 168
111 91 168
111 91 168
110 90 168
110 90 168
110 90 167
110 90 167
110 90 167
110 89 167
110 89 167
110 89 167
110 89 167
110 89 167
110 89 167
109 88 167
109 88 167
109 88 166
109 88 166
109 88 166
109 88 166
109 87 166
109 87 166
109 87 166
109 87 166
109 87 166
109 87 166
108 86 166
108 86 165
108 86 165
108 86 165
108 86 165
108 86 165
108 85 165
108 85 165
108 85 165
108 85 165
108 85 165
107 84 165
107 84 164
107 84 164
107 84 164
107 84 164
107 84 164
107 83 164
107 83 164
107 83 164
107 83 164
107 83 164
107 83 164
106 82 164
106 82 163
106 82 163
106 82 163
106 82 163
106 82 163
106 81 163
106 81 163
106 81 163
106 81 163
106 81 163
106 81 163
105 80 162
105 80 162
105 80 162
105 80 162
105 80 162
105 80 162
105 79 162
105 79 162
105 79 162
105 79 162
105 79 162
104 79 162
104 78 162
104 78 161
104 78 161
104 78 161
104 78 161
104 78 161
104 77 161
104 77 161
104 77 161
104 77 161
104 77 161
103 77 161
103 76 161
103 76 160
103 76 160
103 76 160
103 76 160
103 76 160
103 75 160
103 75 160
103 75 160
103 75 160
103 75 160
102 75 160
102 74 160
102 74 160
102 74 159
102 74 159
102 74 159
102 74 159
102 73 159
102 73 159
102 73 159
102 73 159
101 73 159
101 73 159
101 72 159
101 72 159
101 72 159
101 72 158
101 72 158
101 72 158
101 72 158
101 71 158
101 71 158
101 71 158
100 71 158
100 71 158
100 71 158
100 70 158
100 70 158
100 70 158
100 70 157
100 70 157
100 70 157
100 69 157
100 69 157
100 69 157
99 69 157
99 69 157
99 69 157
99 68 157
99 68 157
99 68 157
99 68 157
99 68 156
99 68 156
99 67 156
99 67 156
98 67 156
98 67 156
98 67 156
98 67 156
98 66 156
98 66 156
98 66 156
98 66 156
98 66 155
98 66 155
98 65 155
98 65 155
97 65 155
97 65 155
97 65 155
97 65 155
97 64 155
97 64 155
97 64 155
97 64 155
97 64 155
97 64 154
97 63 154
96 63 154
96 63 154
96 63 154
96 63 154
96 63 154
96 62 154
96 62 154
96 62 154
96 62 154
96 62 154
96 62 154
96 62 153
95 61 153
95 61 153
95 61 153
95 61 153
95 61 153
95 61 153
95 60 153
95 60 153
95 60 153
95 60 153
95 60 153
95 60 153
94 59 152
94 59 152
94 59 152
94 59 152
94 59 152
94 59 152
94 58 152
94 58 152
94 58 152
94 58 152
94 58 152
93 58 152
93 57 151
93 57 151
93 57 151
93 57 151
93 57 151
93 57 151
93 56 151
93 56 151
93 56 151
93 56 151
93 56 151
92 56 151
92 55 151
92 55 150
92 55 150
92 55 150
92 55 150
92 55 150
92 54 150
92 54 150
92 54 150
92 54 150
92 54 150
91 54 150
91 53 150
91 53 150
91 53 149
91 53 149
91 53 149
91 53 149
91 52 149
91 52 149
91 52 149
91 52 149
90 52 149
90 52 149
90 51 149
90 51 149
90 51 149
90 51 148
90 51 148
90 51 148
90 51 148
90 50 148
90 50 148
90 50 148
89 50 148
89 50 148
89 50 148
89 49 148
89 49 148
89 49 148
89 49 147
89 49 147
89 49 147
89 48 147
89 48 147
88 48 147
88 48 147
88 48 147
88 48 147
88 47 147
88 47 147
88 47 147
88 47 146
88 47 146
88 47 146
88 46 146
88 46 146
87 46 146
87 46 146
87 46 146
87 46 146
87 45 146
87 45 146
87 45 146
87 45 146
87 45 145
87 45 145
87 44 145
87 44 145
86 44 145
86 44 145
86 44 145
86 44 145
86 43 145
86 43 145
86 43 145
86 43 145
86 43 145
86 43 144
86 42 144
85 42 144
85 42 144
85 42 144
85 42 144
85 42 144
85 41 144
85 41 144
85 41 144
85 41 144
85 41 144
85 41 144
85 40 143
84 40 143
84 40 143
84 40 143
84 40 143
84 40 143
84 40 143
84 39 143
84 39 143
84 39 143
84 39 143
84 39 143
84 39 143
83 38 142
83 38 142
83 38 142
83 38 142
83 38 142
83 38 142
83 37 142
83 37 142
83 37 142
83 37 142
83 37 142
83 37 142
82 37 142
82 36 142
82 36 141
82 36 141
82 36 141
82 36 141
82 36 141
82 35 141
82 35 141
82 35 141
82 35 141
82 35 141
81 35 141
81 35 141
81 34 141
81 34 141
81 34 140
81 34 140
81 34 140
81 34 140
81 33 140
81 33 140
81 33 140
81 33 140
80 33 140
80 33 140
80 33 140
80 32 140
80 32 140
80 32 140
80 32 139
80 32 139
80 32 139
80 32 139
80 31 139
80 31 139
79 31 139
79 31 139
79 31 139
79 31 139
79 30 139
79 30 139
79 30 139
79 30 139
79 30 138
79 30 138
79 30 138
79 29 138
79 29 138
78 29 138
78 29 138
78 29 138
78 29 138
78 28 138
78 28 138
78 28 138
78 28 138
78 28 138
78 28 138
78 28 137
78 27 137
77 27 137
77 27 137
77 27 137
77 27 137
77 27 137
77 26 137
77 26 137
77 26 137
77 26 137
77 26 137
77 26 137
77 26 137
76 25 136
76 25 136
76 25 136
76 25 136
76 25 136
76 25 136
76 24 136
76 24 136
76 24 136
76 24 136
76 24 136
76 24 136
75 24 136
75 23 136
75 23 135
75 23 135
75 23 135
75 23 135
75 23 135
75 23 135
75 22 135
75 22 135
75 22 135
75 22 135
74 22 135
74 22 135
74 21 135
74 21 135
74 21 134
74 21 134
74 21 134
74 21 134
74 21 134
74 20 134
74 20 134
74 20 134
73 20 134
73 20 134
73 20 134
73 19 134
73 19 134
73 19 134
73 19 134
73 19 133
73 19 133
73 19 133
73 18 133
73 18 133
73 18 133
72 18 133
72 18 133
72 18 133
72 17 133
72 17 133
72 17 133
72 17 133
72 17 133
72 17 132
72 17 132
72 16 132
72 16 132
71 16 132
71 16 132
71 16 132
71 16 132
71 16 132
71 15 132
71 15 132
71 15 132
71 15 132
71 15 132
71 15 131
71 14 131
70 14 131
70 14 131
70 14 131
70 14 131
70 14 131
70 14 131
70 13 131
70 13 131
70 13 131
70 13 131
70 13 131
70 13 131
69 12 130
69 12 130
69 12 130
69 12 130
69 12 130
69 12 130
69 12 130
69 11 130
69 11 130
69 11 130
69 11 130
69 11 130
68 11 130
68 10 130
68 10 129
68 10 129
68 10 129
68 10 129
68 10 129
68 10 129
68 9 129
68 9 129
68 9 129
68 9 129
68 9 129
67 9 129
67 8 129
67 8 129
67 8 129
67 8 128
67 8 128
67 8 128
67 8 128
67 7 128
67 7 128
67 7 128
67 7 128
66 7 128
66 7 128
66 7 128
66 6 128
66 6 128
66 6 128
66 6 127
66 6 127
66 6 127
66 5 127
66 5 127
66 5 127
65 5 127
65 5 127
65 5 127
65 5 127
65 4 127
65 4 127
65 4 127
65 4 127
65 4 126
65 4 126
65 3 126
65 3 126
64 3 126
64 3 126
64 3 126
64 3 126
64 3 126
64 2 126
64 2 126
64 2 126
64 2 126
64 2 126
64 2 125
64 1 125
63 1 125
63 1 125
63 1 125
63 1 125
63 1 125
63 1 125
63 0 125
63 0 125
63 0 125
63 0 125
63 0 125
63 0 125
63 0 125
