127 0 229
127 0 229
127 0 229
126 1 229
126 1 229
126 1 229
126 2 229
125 2 229
125 2 229
125 3 229
125 3 229
124 3 229
124 4 229
124 4 229
124 4 229
123 5 229
123 5 229
123 5 229
123 6 229
122 6 229
122 7 229
122 7 229
122 7 229
121 8 229
121 8 229
121 8 229
121 9 229
120 9 229
120 9 229
120 10 229
120 10 229
119 10 229
119 11 229
119 11 229
119 11 229
118 12 229
118 12 229
118 13 229
118 13 229
117 13 229
117 14 229
117 14 229
117 14 229
116 15 229
116 15 229
116 15 229
116 16 229
115 16 229
115 16 229
115 17 229
115 17 229
114 17 229
114 18 229
114 18 229
114 18 229
113 19 229
113 19 229
113 20 229
113 20 229
112 20 229
112 21 229
112 21 229
112 21 229
111 22 229
111 22 229
111 22 229
111 23 229
110 23 229
110 23 229
110 24 229
110 24 229
109 24 229
109 25 229
109 25 229
109 26 229
108 26 229
108 26 229
108 27 229
108 27 229
107 27 229
107 28 229
107 28 229
107 28 229
106 29 229
106 29 229
106 29 229
106 30 229
105 30 228
105 30 228
105 31 228
105 31 228
104 31 228
104 32 228
104 32 228
104 32 228
103 33 228
103 33 228
103 34 228
103 34 228
102 34 228
102 35 228
102 35 228
102 35 228
101 36 228
101 36 228
101 36 228
101 37 228
100 37 228
100 37 228
100 38 228
100 38 228
99 38 228
99 39 228
99 39 228
99 39 228
98 40 228
98 40 228
98 40 228
98 41 228
97 41 228
97 42 228
97 42 228
97 42 228
96 43 228
96 43 228
96 43 228
96 44 228
95 44 228
95 44 228
95 45 228
95 45 228
94 45 228
94 46 228
94 46 228
94 46 228
93 47 228
93 47 228
93 47 228
93 48 228
92 48 228
92 48 228
92 49 228
92 49 228
91 49 228
91 50 228
91 50 228
91 50 228
90 51 228
90 51 228
90 52 228
90 52 227
89 52 227
89 53 227
89 53 227
89 53 227
88 54 227
88 54 227
88 54 227
88 55 227
87 55 227
87 55 227
87 56 227
87 56 227
86 56 227
86 57 227
86 57 227
86 57 227
85 58 227
85 58 227
85 58 227
85 59 227
84 59 227
84 59 227
84 60 227
84 60 227
83 60 227
83 61 227
83 61 227
83 61 227
82 62 227
82 62 227
82 62 227
82 63 227
81 63 227
81 63 227
81 64 227
81 64 227
80 64 227
80 65 227
80 65 227
80 65 227
79 66 227
79 66 227
79 66 226
79 67 226
78 67 226
78 67 226
78 68 226
78 68 226
77 69 226
77 69 226
77 69 226
77 70 226
76 70 226
76 70 226
76 71 226
76 71 226
75 71 226
75 72 226
75 72 226
75 72 226
74 73 226
74 73 226
74 73 226
74 74 226
73 74 226
73 74 226
73 75 226
73 75 226
72 75 226
72 76 226
72 76 226
72 76 226
71 77 226
71 77 226
71 77 226
71 78 226
70 78 226
70 78 225
70 79 225
70 79 225
69 79 225
69 79 225
69 80 225
69 80 225
68 80 225
68 81 225
68 81 225
68 81 225
67 82 225
67 82 225
67 82 225
67 83 225
66 83 225
66 83 225
66 84 225
66 84 225
65 84 225
65 85 225
65 85 225
65 85 225
64 86 225
64 86 225
64 86 225
64 87 225
63 87 225
63 87 225
63 88 225
63 88 225
62 88 224
62 89 224
62 89 224
62 89 224
61 90 224
61 90 224
61 90 224
61 91 224
60 91 224
60 91 224
60 92 224
60 92 224
59 92 224
59 93 224
59 93 224
59 93 224
58 94 224
58 94 224
58 94 224
58 94 224
57 95 224
57 95 224
57 95 224
57 96 224
56 96 224
56 96 224
56 97 224
56 97 223
55 97 223
55 98 223
55 98 223
55 98 223
54 99 223
54 99 223
54 99 223
54 100 223
54 100 223
53 100 223
53 101 223
53 101 223
53 101 223
52 101 223
52 102 223
52 102 223
52 102 223
51 103 223
51 103 223
51 103 223
51 104 223
50 104 223
50 104 223
50 105 223
50 105 222
49 105 222
49 106 222
49 106 222
49 106 222
48 106 222
48 107 222
48 107 222
48 107 222
47 108 222
47 108 222
47 108 222
47 109 222
46 109 222
46 109 222
46 110 222
46 110 222
45 110 222
45 111 222
45 111 222
45 111 222
44 111 222
44 112 222
44 112 222
44 112 221
43 113 221
43 113 221
43 113 221
43 114 221
42 114 221
42 114 221
42 115 221
42 115 221
41 115 221
41 115 221
41 116 221
41 116 221
40 116 221
40 117 221
40 117 221
40 117 221
39 118 221
39 118 221
39 118 221
39 118 221
38 119 220
38 119 220
38 119 220
38 120 220
37 120 220
37 120 220
37 121 220
37 121 220
36 121 220
36 121 220
36 122 220
36 122 220
35 122 220
35 123 220
35 123 220
35 123 220
34 124 220
34 124 220
34 124 220
34 124 220
33 125 220
33 125 219
33 125 219
33 126 219
32 126 219
32 126 219
32 126 219
32 127 219
31 127 219
31 127 219
31 128 219
31 128 219
30 128 219
30 129 219
30 129 219
30 129 219
29 129 219
29 130 219
29 130 219
29 130 219
28 131 218
28 131 218
28 131 218
28 131 218
27 132 218
27 132 218
27 132 218
27 133 218
26 133 218
26 133 218
26 133 218
26 134 218
25 134 218
25 134 218
25 135 218
25 135 218
24 135 218
24 135 218
24 136 218
24 136 217
23 136 217
23 137 217
23 137 217
23 137 217
22 137 217
22 138 217
22 138 217
22 138 217
21 139 217
21 139 217
21 139 217
21 139 217
20 140 217
20 140 217
20 140 217
20 140 217
19 141 217
19 141 216
19 141 216
19 142 216
18 142 216
18 142 216
18 142 216
18 143 216
17 143 216
17 143 216
17 144 216
17 144 216
16 144 216
16 144 216
16 145 216
16 145 216
15 145 216
15 145 216
15 146 215
15 146 215
14 146 215
14 147 215
14 147 215
14 147 215
13 147 215
13 148 215
13 148 215
13 148 215
12 148 215
12 149 215
12 149 215
12 149 215
11 149 215
11 150 215
11 150 214
11 150 214
10 151 214
10 151 214
10 151 214
10 151 214
9 152 214
9 152 214
9 152 214
9 152 214
8 153 214
8 153 214
8 153 214
8 153 214
7 154 214
7 154 214
7 154 213
7 154 213
6 155 213
6 155 213
6 155 213
6 156 213
5 156 213
5 156 213
5 156 213
5 157 213
4 157 213
4 157 213
4 157 213
4 158 213
3 158 213
3 158 213
3 158 212
3 159 212
2 159 212
2 159 212
2 159 212
2 160 212
1 160 212
1 160 212
1 160 212
1 161 212
0 161 212
0 161 212
0 161 212
0 162 212
0 162 212
0 162 211
0 162 211
0 163 211
1 163 211
1 163 211
1 163 211
1 164 211
2 164 211
2 164 211
2 164 211
2 165 211
3 165 211
3 165 211
3 165 211
3 166 210
4 166 210
4 166 210
4 166 210
4 167 210
5 167 210
5 167 210
5 167 210
5 167 210
6 168 210
6 168 210
6 168 210
6 168 210
7 169 210
7 169 210
7 169 209
7 169 209
8 170 209
8 170 209
8 170 209
8 170 209
9 171 209
9 171 209
9 171 209
9 171 209
10 171 209
10 172 209
10 172 209
10 172 208
11 172 208
11 173 208
11 173 208
11 173 208
12 173 208
12 174 208
12 174 208
12 174 208
13 174 208
13 174 208
13 175 208
13 175 208
14 175 208
14 175 207
14 176 207
14 176 207
15 176 207
15 176 207
15 177 207
15 177 207
16 177 207
16 177 207
16 177 207
16 178 207
17 178 207
17 178 207
17 178 206
17 179 206
18 179 206
18 179 206
18 179 206
18 179 206
18 180 206
19 180 206
19 180 206
19 180 206
19 180 206
20 181 206
20 181 206
20 181 205
20 181 205
21 182 205
21 182 205
21 182 205
21 182 205
22 182 205
22 183 205
22 183 205
22 183 205
23 183 205
23 183 205
23 184 205
23 184 204
24 184 204
24 184 204
24 185 204
24 185 204
25 185 204
25 185 204
25 185 204
25 186 204
26 186 204
26 186 204
26 186 204
26 186 204
27 187 203
27 187 203
27 187 203
27 187 203
28 187 203
28 188 203
28 188 203
28 188 203
29 188 203
29 188 203
29 189 203
29 189 203
30 189 202
30 189 202
30 189 202
30 190 202
31 190 202
31 190 202
31 190 202
31 190 202
32 191 202
32 191 202
32 191 202
32 191 202
33 191 201
33 192 201
33 192 201
33 192 201
34 192 201
34 192 201
34 193 201
34 193 201
35 193 201
35 193 201
35 193 201
35 193 201
36 194 200
36 194 200
36 194 200
36 194 200
37 194 200
37 195 200
37 195 200
37 195 200
38 195 200
38 195 200
38 195 200
38 196 200
39 196 199
39 196 199
39 196 199
39 196 199
40 197 199
40 197 199
40 197 199
40 197 199
41 197 199
41 197 199
41 198 199
41 198 198
42 198 198
42 198 198
42 198 198
42 199 198
43 199 198
43 199 198
43 199 198
43 199 198
44 199 198
44 200 198
44 200 197
44 200 197
45 200 197
45 200 197
45 200 197
45 201 197
46 201 197
46 201 197
46 201 197
46 201 197
47 201 197
47 202 196
47 202 196
47 202 196
48 202 196
48 202 196
48 202 196
48 203 196
49 203 196
49 203 196
49 203 196
49 203 196
50 203 195
50 204 195
50 204 195
50 204 195
51 204 195
51 204 195
51 204 195
51 205 195
52 205 195
52 205 195
52 205 195
52 205 194
53 205 194
53 205 194
53 206 194
53 206 194
54 206 194
54 206 194
54 206 194
54 206 194
55 207 194
55 207 194
55 207 193
55 207 193
56 207 193
56 207 193
56 207 193
56 208 193
57 208 193
57 208 193
57 208 193
57 208 193
58 208 193
58 208 192
58 209 192
58 209 192
59 209 192
59 209 192
59 209 192
59 209 192
60 210 192
60 210 192
60 210 192
60 210 191
61 210 191
61 210 191
61 210 191
61 210 191
62 211 191
62 211 191
62 211 191
62 211 191
63 211 191
63 211 190
63 211 190
63 212 190
64 212 190
64 212 190
64 212 190
64 212 190
65 212 190
65 212 190
65 213 190
65 213 189
66 213 189
66 213 189
66 213 189
66 213 189
67 213 189
67 213 189
67 214 189
67 214 189
68 214 189
68 214 189
68 214 188
68 214 188
69 214 188
69 214 188
69 215 188
69 215 188
70 215 188
70 215 188
70 215 188
70 215 188
71 215 187
71 215 187
71 216 187
71 216 187
72 216 187
72 216 187
72 216 187
72 216 187
73 216 187
73 216 186
73 216 186
73 217 186
74 217 186
74 217 186
74 217 186
74 217 186
75 217 186
75 217 186
75 217 186
75 217 185
76 218 185
76 218 185
76 218 185
76 218 185
77 218 185
77 218 185
77 218 185
77 218 185
78 218 185
78 219 184
78 219 184
78 219 184
79 219 184
79 219 184
79 219 184
79 219 184
80 219 184
80 219 184
80 219 183
80 220 183
81 220 183
81 220 183
81 220 183
81 220 183
82 220 183
82 220 183
82 220 183
82 220 183
83 220 182
83 221 182
83 221 182
83 221 182
84 221 182
84 221 182
84 221 182
84 221 182
85 221 182
85 221 181
85 221 181
85 221 181
86 222 181
86 222 181
86 222 181
86 222 181
87 222 181
87 222 181
87 222 180
87 222 180
88 222 180
88 222 180
88 222 180
88 222 180
89 223 180
89 223 180
89 223 180
89 223 180
90 223 179
90 223 179
90 223 179
90 223 179
91 223 179
91 223 179
91 223 179
91 223 179
91 224 179
92 224 178
92 224 178
92 224 178
92 224 178
93 224 178
93 224 178
93 224 178
93 224 178
94 224 178
94 224 177
94 224 177
94 224 177
95 224 177
95 225 177
95 225 177
95 225 177
96 225 177
96 225 177
96 225 176
96 225 176
97 225 176
97 225 176
97 225 176
97 225 176
98 225 176
98 225 176
98 225 176
98 225 175
99 226 175
99 226 175
99 226 175
99 226 175
100 226 175
100 226 175
100 226 175
100 226 174
101 226 174
101 226 174
101 226 174
101 226 174
102 226 174
102 226 174
102 226 174
102 226 174
103 226 173
103 226 173
103 227 173
103 227 173
104 227 173
104 227 173
104 227 173
104 227 173
105 227 173
105 227 172
105 227 172
105 227 172
106 227 172
106 227 172
106 227 172
106 227 172
107 227 172
107 227 171
107 227 171
107 227 171
108 227 171
108 227 171
108 227 171
108 228 171
109 228 171
109 228 171
109 228 170
109 228 170
110 228 170
110 228 170
110 228 170
110 228 170
111 228 170
111 228 170
111 228 169
111 228 169
112 228 169
112 228 169
112 228 169
112 228 169
113 228 169
113 228 169
113 228 169
113 228 168
114 228 168
114 228 168
114 228 168
114 228 168
115 228 168
115 228 168
115 228 168
115 228 167
116 228 167
116 228 167
116 228 167
116 229 167
117 229 167
117 229 167
117 229 167
117 229 167
118 229 166
118 229 166
118 229 166
118 229 166
119 229 166
119 229 166
119 229 166
119 229 166
120 229 165
120 229 165
120 229 165
120 229 165
121 229 165
121 229 165
121 229 165
121 229 165
122 229 164
122 229 164
122 229 164
122 229 164
123 229 164
123 229 164
123 229 164
123 229 164
124 229 163
124 229 163
124 229 163
124 229 163
125 229 163
125 229 163
125 229 163
125 229 163
126 229 162
126 229 162
126 229 162
126 229 162
127 229 162
127 229 162
127 229 162
127 229 162
128 229 161
128 229 161
128 229 161
128 229 161
129 229 161
129 229 161
129 229 161
129 229 161
130 229 160
130 229 160
130 229 160
130 229 160
131 229 160
131 229 160
131 229 160
131 229 160
132 229 159
132 229 159
132 229 159
132 229 159
133 229 159
133 229 159
133 229 159
133 229 159
134 229 158
134 229 158
134 229 158
134 229 158
135 229 158
135 229 158
135 229 158
135 229 158
136 229 157
136 229 157
136 229 157
136 229 157
137 229 157
137 229 157
137 229 157
137 229 157
138 229 156
138 228 156
138 228 156
138 228 156
139 228 156
139 228 156
139 228 156
139 228 156
140 228 155
140 228 155
140 228 155
140 228 155
141 228 155
141 228 155
141 228 155
141 228 154
142 228 154
142 228 154
142 228 154
142 228 154
143 228 154
143 228 154
143 228 154
143 228 153
144 228 153
144 228 153
144 228 153
144 228 153
145 228 153
145 228 153
145 228 153
145 228 152
146 228 152
146 227 152
146 227 152
146 227 152
147 227 152
147 227 152
147 227 151
147 227 151
148 227 151
148 227 151
148 227 151
148 227 151
149 227 151
149 227 151
149 227 150
149 227 150
150 227 150
150 227 150
150 227 150
150 227 150
151 227 150
151 227 149
151 226 149
151 226 149
152 226 149
152 226 149
152 226 149
152 226 149
153 226 149
153 226 148
153 226 148
153 226 148
154 226 148
154 226 148
154 226 148
154 226 148
155 226 147
155 226 147
155 226 147
155 226 147
156 225 147
156 225 147
156 225 147
156 225 147
157 225 146
157 225 146
157 225 146
157 225 146
158 225 146
158 225 146
158 225 146
158 225 145
159 225 145
159 225 145
159 225 145
159 224 145
160 224 145
160 224 145
160 224 144
160 224 144
161 224 144
161 224 144
161 224 144
161 224 144
162 224 144
162 224 144
162 224 143
162 224 143
163 224 143
163 223 143
163 223 143
163 223 143
163 223 143
164 223 142
164 223 142
164 223 142
164 223 142
165 223 142
165 223 142
165 223 142
165 223 141
166 222 141
166 222 141
166 222 141
166 222 141
167 222 141
167 222 141
167 222 140
167 222 140
168 222 140
168 222 140
168 222 140
168 222 140
169 221 140
169 221 140
169 221 139
169 221 139
170 221 139
170 221 139
170 221 139
170 221 139
171 221 139
171 221 138
171 221 138
171 220 138
172 220 138
172 220 138
172 220 138
172 220 138
173 220 137
173 220 137
173 220 137
173 220 137
174 220 137
174 219 137
174 219 137
174 219 136
175 219 136
175 219 136
175 219 136
175 219 136
176 219 136
176 219 136
176 219 135
176 218 135
177 218 135
177 218 135
177 218 135
177 218 135
178 218 135
178 218 134
178 218 134
178 218 134
179 217 134
179 217 134
179 217 134
179 217 134
180 217 133
180 217 133
180 217 133
180 217 133
181 217 133
181 216 133
181 216 133
181 216 132
182 216 132
182 216 132
182 216 132
182 216 132
183 216 132
183 216 132
183 215 131
183 215 131
184 215 131
184 215 131
184 215 131
184 215 131
185 215 131
185 215 130
185 214 130
185 214 130
186 214 130
186 214 130
186 214 130
186 214 130
187 214 129
187 214 129
187 213 129
187 213 129
188 213 129
188 213 129
188 213 129
188 213 128
189 213 128
189 213 128
189 212 128
189 212 128
190 212 128
190 212 127
190 212 127
190 212 127
191 212 127
191 211 127
191 211 127
191 211 127
192 211 126
192 211 126
192 211 126
192 211 126
193 210 126
193 210 126
193 210 126
193 210 125
194 210 125
194 210 125
194 210 125
194 210 125
195 209 125
195 209 125
195 209 124
195 209 124
196 209 124
196 209 124
196 208 124
196 208 124
197 208 124
197 208 123
197 208 123
197 208 123
198 208 123
198 207 123
198 207 123
198 207 122
199 207 122
199 207 122
199 207 122
199 207 122
200 206 122
200 206 122
200 206 121
200 206 121
201 206 121
201 206 121
201 205 121
201 205 121
202 205 121
202 205 120
202 205 120
202 205 120
203 205 120
203 204 120
203 204 120
203 204 119
204 204 119
204 204 119
204 204 119
204 203 119
205 203 119
205 203 119
205 203 118
205 203 118
206 203 118
206 202 118
206 202 118
206 202 118
207 202 118
207 202 117
207 202 117
207 201 117
208 201 117
208 201 117
208 201 117
208 201 116
209 201 116
209 200 116
209 200 116
209 200 116
210 200 116
210 200 116
210 200 115
210 199 115
211 199 115
211 199 115
211 199 115
211 199 115
212 199 115
212 198 114
212 198 114
212 198 114
213 198 114
213 198 114
213 197 114
213 197 113
214 197 113
214 197 113
214 197 113
214 197 113
215 196 113
215 196 113
215 196 112
215 196 112
216 196 112
216 195 112
216 195 112
216 195 112
217 195 111
217 195 111
217 195 111
217 194 111
218 194 111
218 194 111
218 194 111
218 194 110
219 193 110
219 193 110
219 193 110
219 193 110
220 193 110
220 193 109
220 192 109
220 192 109
221 192 109
221 192 109
221 192 109
221 191 109
222 191 108
222 191 108
222 191 108
222 191 108
223 190 108
223 190 108
223 190 107
223 190 107
224 190 107
224 189 107
224 189 107
224 189 107
225 189 106
225 189 106
225 188 106
225 188 106
226 188 106
226 188 106
226 188 106
226 187 105
227 187 105
227 187 105
227 187 105
227 187 105
228 186 105
228 186 104
228 186 104
228 186 104
229 186 104
229 185 104
229 185 104
229 185 104
230 185 103
230 185 103
230 184 103
230 184 103
231 184 103
231 184 103
231 183 102
231 183 102
232 183 102
232 183 102
232 183 102
232 182 102
233 182 101
233 182 101
233 182 101
233 182 101
234 181 101
234 181 101
234 181 101
234 181 100
235 180 100
235 180 100
235 180 100
235 180 100
236 180 100
236 179 99
236 179 99
236 179 99
236 179 99
237 179 99
237 178 99
237 178 98
237 178 98
238 178 98
238 177 98
238 177 98
238 177 98
239 177 98
239 177 97
239 176 97
239 176 97
240 176 97
240 176 97
240 175 97
240 175 96
241 175 96
241 175 96
241 174 96
241 174 96
242 174 96
242 174 95
242 174 95
242 173 95
243 173 95
243 173 95
243 173 95
243 172 94
244 172 94
244 172 94
244 172 94
244 171 94
245 171 94
245 171 94
245 171 93
245 171 93
246 170 93
246 170 93
246 170 93
246 170 93
247 169 92
247 169 92
247 169 92
247 169 92
248 168 92
248 168 92
248 168 91
248 168 91
249 167 91
249 167 91
249 167 91
249 167 91
250 167 90
250 166 90
250 166 90
250 166 90
251 166 90
251 165 90
251 165 89
251 165 89
252 165 89
252 164 89
252 164 89
252 164 89
253 164 89
253 163 88
253 163 88
253 163 88
254 163 88
254 162 88
254 162 88
254 162 87
255 162 87
255 161 87
255 161 87
255 161 87
255 161 87
255 160 86
255 160 86
255 160 86
255 160 86
255 159 86
255 159 86
255 159 85
255 159 85
255 158 85
255 158 85
255 158 85
255 158 85
255 157 84
255 157 84
255 157 84
255 157 84
255 156 84
255 156 84
255 156 83
255 156 83
255 155 83
255 155 83
255 155 83
255 154 83
255 154 82
255 154 82
255 154 82
255 153 82
255 153 82
255 153 82
255 153 81
255 152 81
255 152 81
255 152 81
255 152 81
255 151 81
255 151 80
255 151 80
255 151 80
255 150 80
255 150 80
255 150 80
255 149 79
255 149 79
255 149 79
255 149 79
255 148 79
255 148 79
255 148 79
255 148 78
255 147 78
255 147 78
255 147 78
255 147 78
255 146 78
255 146 77
255 146 77
255 145 77
255 145 77
255 145 77
255 145 77
255 144 76
255 144 76
255 144 76
255 144 76
255 143 76
255 143 76
255 143 75
255 142 75
255 142 75
255 142 75
255 142 75
255 141 75
255 141 74
255 141 74
255 140 74
255 140 74
255 140 74
255 140 74
255 139 73
255 139 73
255 139 73
255 139 73
255 138 73
255 138 73
255 138 72
255 137 72
255 137 72
255 137 72
255 137 72
255 136 72
255 136 71
255 136 71
255 135 71
255 135 71
255 135 71
255 135 71
255 134 70
255 134 70
255 134 70
255 133 70
255 133 70
255 133 70
255 133 69
255 132 69
255 132 69
255 132 69
255 131 69
255 131 69
255 131 68
255 131 68
255 130 68
255 130 68
255 130 68
255 129 67
255 129 67
255 129 67
255 129 67
255 128 67
255 128 67
255 128 66
255 127 66
255 127 66
255 127 66
255 126 66
255 126 66
255 126 65
255 126 65
255 125 65
255 125 65
255 125 65
255 124 65
255 124 64
255 124 64
255 124 64
255 123 64
255 123 64
255 123 64
255 122 63
255 122 63
255 122 63
255 121 63
255 121 63
255 121 63
255 121 62
255 120 62
255 120 62
255 120 62
255 119 62
255 119 62
255 119 61
255 118 61
255 118 61
255 118 61
255 118 61
255 117 61
255 117 60
255 117 60
255 116 60
255 116 60
255 116 60
255 115 60
255 115 59
255 115 59
255 115 59
255 114 59
255 114 59
255 114 59
255 113 58
255 113 58
255 113 58
255 112 58
255 112 58
255 112 58
255 111 57
255 111 57
255 111 57
255 111 57
255 110 57
255 110 56
255 110 56
255 109 56
255 109 56
255 109 56
255 108 56
255 108 55
255 108 55
255 107 55
255 107 55
255 107 55
255 106 55
255 106 54
255 106 54
255 106 54
255 105 54
255 105 54
255 105 54
255 104 53
255 104 53
255 104 53
255 103 53
255 103 53
255 103 53
255 102 52
255 102 52
255 102 52
255 101 52
255 101 52
255 101 52
255 101 51
255 100 51
255 100 51
255 100 51
255 99 51
255 99 50
255 99 50
255 98 50
255 98 50
255 98 50
255 97 50
255 97 49
255 97 49
255 96 49
255 96 49
255 96 49
255 95 49
255 95 48
255 95 48
255 94 48
255 94 48
255 94 48
255 94 48
255 93 47
255 93 47
255 93 47
255 92 47
255 92 47
255 92 47
255 91 46
255 91 46
255 91 46
255 90 46
255 90 46
255 90 46
255 89 45
255 89 45
255 89 45
255 88 45
255 88 45
255 88 44
255 87 44
255 87 44
255 87 44
255 86 44
255 86 44
255 86 43
255 85 43
255 85 43
255 85 43
255 84 43
255 84 43
255 84 42
255 83 42
255 83 42
255 83 42
255 82 42
255 82 42
255 82 41
255 81 41
255 81 41
255 81 41
255 80 41
255 80 40
255 80 40
255 79 40
255 79 40
255 79 40
255 79 40
255 78 39
255 78 39
255 78 39
255 77 39
255 77 39
255 77 39
255 76 38
255 76 38
255 76 38
255 75 38
255 75 38
255 75 38
255 74 37
255 74 37
255 74 37
255 73 37
255 73 37
255 73 36
255 72 36
255 72 36
255 72 36
255 71 36
255 71 36
255 71 35
255 70 35
255 70 35
255 70 35
255 69 35
255 69 35
255 69 34
255 68 34
255 68 34
255 67 34
255 67 34
255 67 34
255 66 33
255 66 33
255 66 33
255 65 33
255 65 33
255 65 32
255 64 32
255 64 32
255 64 32
255 63 32
255 63 32
255 63 31
255 62 31
255 62 31
255 62 31
255 61 31
255 61 31
255 61 30
255 60 30
255 60 30
255 60 30
255 59 30
255 59 30
255 59 29
255 58 29
255 58 29
255 58 29
255 57 29
255 57 28
255 57 28
255 56 28
255 56 28
255 56 28
255 55 28
255 55 27
255 55 27
255 54 27
255 54 27
255 54 27
255 53 27
255 53 26
255 53 26
255 52 26
255 52 26
255 52 26
255 51 26
255 51 25
255 50 25
255 50 25
255 50 25
255 49 25
255 49 24
255 49 24
255 48 24
255 48 24
255 48 24
255 47 24
255 47 23
255 47 23
255 46 23
255 46 23
255 46 23
255 45 23
255 45 22
255 45 22
255 44 22
255 44 22
255 44 22
255 43 21
255 43 21
255 43 21
255 42 21
255 42 21
255 42 21
255 41 20
255 41 20
255 40 20
255 40 20
255 40 20
255 39 20
255 39 19
255 39 19
255 38 19
255 38 19
255 38 19
255 37 18
255 37 18
255 37 18
255 36 18
255 36 18
255 36 18
255 35 17
255 35 17
255 35 17
255 34 17
255 34 17
255 34 17
255 33 16
255 33 16
255 32 16
255 32 16
255 32 16
255 31 16
255 31 15
255 31 15
255 30 15
255 30 15
255 30 15
255 29 14
255 29 14
255 29 14
255 28 14
255 28 14
255 28 14
255 27 13
255 27 13
255 27 13
255 26 13
255 26 13
255 26 13
255 25 12
255 25 12
255 24 12
255 24 12
255 24 12
255 23 11
255 23 11
255 23 11
255 22 11
255 22 11
255 22 11
255 21 10
255 21 10
255 21 10
255 20 10
255 20 10
255 20 10
255 19 9
255 19 9
255 18 9
255 18 9
255 18 9
255 17 8
255 17 8
255 17 8
255 16 8
255 16 8
255 16 8
255 15 7
255 15 7
255 15 7
255 14 7
255 14 7
255 14 7
255 13 6
255 13 6
255 13 6
255 12 6
255 12 6
255 11 5
255 11 5
255 11 5
255 10 5
255 10 5
255 10 5
255 9 4
255 9 4
255 9 4
255 8 4
255 8 4
255 8 4
255 7 3
255 7 3
255 7 3
255 6 3
255 6 3
255 5 2
255 5 2
255 5 2
255 4 2
255 4 2
255 4 2
255 3 1
255 3 1
255 3 1
255 2 1
255 2 1
255 2 1
255 1 0
255 1 0
255 1 0
255 0 0
255 0 0
255 0 0
