103 0 27
103 0 27
103 0 28
104 0 28
104 0 28
104 0 28
105 0 28
105 0 28
105 0 28
106 0 28
106 1 28
107 1 28
107 1 28
107 1 28
108 1 28
108 1 28
108 1 28
109 1 28
109 1 28
109 2 28
110 2 28
110 2 29
111 2 29
111 2 29
111 2 29
112 2 29
112 2 29
112 2 29
113 2 29
113 3 29
113 3 29
114 3 29
114 3 29
115 3 29
115 3 29
115 3 29
116 3 29
116 3 29
116 4 29
117 4 29
117 4 30
118 4 30
118 4 30
118 4 30
119 4 30
119 4 30
119 4 30
120 4 30
120 5 30
120 5 30
121 5 30
121 5 30
122 5 30
122 5 30
122 5 30
123 5 30
123 5 30
123 6 30
124 6 30
124 6 31
124 6 31
125 6 31
125 6 31
126 6 31
126 6 31
126 6 31
127 6 31
127 7 31
127 7 31
128 7 31
128 7 31
129 7 31
129 7 31
129 7 31
130 7 31
130 7 31
130 8 31
131 8 31
131 8 32
131 8 32
132 8 32
132 8 32
133 8 32
133 8 32
133 8 32
134 8 32
134 9 32
134 9 32
135 9 32
135 9 32
135 9 32
136 9 32
136 9 32
137 9 32
137 9 32
137 10 32
138 10 32
138 10 33
138 10 33
139 10 33
139 10 33
140 10 33
140 10 33
140 10 33
141 10 33
141 11 33
141 11 33
142 11 33
142 11 33
142 11 33
143 11 33
143 11 33
144 11 33
144 11 33
144 12 33
145 12 33
145 12 34
145 12 34
146 12 34
146 12 34
146 12 34
147 12 34
147 12 34
148 12 34
148 13 34
148 13 34
149 13 34
149 13 34
149 13 34
150 13 34
150 13 34
150 13 34
151 13 34
151 14 34
152 14 34
152 14 35
152 14 35
153 14 35
153 14 35
153 14 35
154 14 35
154 14 35
155 14 35
155 15 35
155 15 35
156 15 35
156 15 35
156 15 35
157 15 35
157 15 35
157 15 35
158 15 35
158 16 35
159 16 35
159 16 36
159 16 36
160 16 36
160 16 36
160 16 36
161 16 36
161 16 36
161 16 36
162 17 36
162 17 36
163 17 36
163 17 36
163 17 36
164 17 36
164 17 36
164 17 36
165 17 36
165 18 36
166 18 36
166 18 37
166 18 37
167 18 37
167 18 37
167 18 37
168 18 37
168 18 37
168 18 37
169 19 37
169 19 37
170 19 37
170 19 37
170 19 37
171 19 37
171 19 37
171 19 37
172 19 37
172 20 37
172 20 37
173 20 38
173 20 38
174 20 38
174 20 38
174 20 38
175 20 38
175 20 38
175 20 38
176 21 38
176 21 38
177 21 38
177 21 38
177 21 38
178 21 38
178 22 38
178 22 39
178 22 39
178 22 39
178 23 39
179 23 39
179 23 39
179 24 39
179 24 40
179 24 40
179 25 40
180 25 40
180 25 40
180 26 40
180 26 40
180 26 41
181 27 41
181 27 41
181 27 41
181 28 41
181 28 41
181 28 42
182 28 42
182 29 42
182 29 42
182 29 42
182 30 42
182 30 42
183 30 43
183 31 43
183 31 43
183 31 43
183 32 43
184 32 43
184 32 43
184 33 44
184 33 44
184 33 44
184 34 44
185 34 44
185 34 44
185 34 45
185 35 45
185 35 45
185 35 45
186 36 45
186 36 45
186 36 45
186 37 46
186 37 46
187 37 46
187 38 46
187 38 46
187 38 46
187 39 46
187 39 47
188 39 47
188 40 47
188 40 47
188 40 47
188 41 47
188 41 48
189 41 48
189 41 48
189 42 48
189 42 48
189 42 48
190 43 48
190 43 49
190 43 49
190 44 49
190 44 49
190 44 49
191 45 49
191 45 49
191 45 50
191 46 50
191 46 50
191 46 50
192 47 50
192 47 50
192 47 51
192 47 51
192 48 51
193 48 51
193 48 51
193 49 51
193 49 51
193 49 52
193 50 52
194 50 52
194 50 52
194 51 52
194 51 52
194 51 52
194 52 53
195 52 53
195 52 53
195 53 53
195 53 53
195 53 53
195 53 53
196 54 54
196 54 54
196 54 54
196 55 54
196 55 54
197 55 54
197 56 55
197 56 55
197 56 55
197 57 55
197 57 55
198 57 55
198 58 55
198 58 56
198 58 56
198 59 56
198 59 56
199 59 56
199 59 56
199 60 56
199 60 57
199 60 57
200 61 57
200 61 57
200 61 57
200 62 57
200 62 58
200 62 58
201 63 58
201 63 58
201 63 58
201 64 58
201 64 58
201 64 59
202 65 59
202 65 59
202 65 59
202 66 59
202 66 59
203 66 59
203 66 60
203 67 60
203 67 60
203 67 60
203 68 60
204 68 60
204 68 61
204 69 61
204 69 61
204 69 61
204 70 61
205 70 61
205 70 61
205 71 62
205 71 62
205 71 62
206 72 62
206 72 62
206 72 62
206 72 62
206 73 63
206 73 63
207 73 63
207 74 63
207 74 63
207 74 63
207 75 64
207 75 64
208 75 64
208 76 64
208 76 64
208 76 64
208 77 64
209 77 65
209 77 65
209 78 65
209 78 65
209 78 65
209 78 65
210 79 65
210 79 66
210 79 66
210 80 66
210 80 66
210 80 66
211 81 66
211 81 66
211 81 67
211 82 67
211 82 67
211 82 67
212 83 67
212 83 67
212 83 68
212 84 68
212 84 68
213 84 68
213 85 68
213 85 68
213 85 68
213 85 69
213 86 69
214 86 69
214 86 69
214 87 69
214 87 70
214 87 70
214 88 70
214 88 70
215 88 71
215 89 71
215 89 71
215 89 71
215 89 72
215 90 72
215 90 72
216 90 72
216 91 72
216 91 73
216 91 73
216 92 73
216 92 73
217 92 74
217 92 74
217 93 74
217 93 74
217 93 75
217 94 75
217 94 75
218 94 75
218 95 75
218 95 76
218 95 76
218 95 76
218 96 76
218 96 77
219 96 77
219 97 77
219 97 77
219 97 78
219 98 78
219 98 78
219 98 78
220 99 78
220 99 79
220 99 79
220 99 79
220 100 79
220 100 80
220 100 80
221 101 80
221 101 80
221 101 81
221 102 81
221 102 81
221 102 81
222 102 82
222 103 82
222 103 82
222 103 82
222 104 82
222 104 83
222 104 83
223 105 83
223 105 83
223 105 84
223 105 84
223 106 84
223 106 84
223 106 85
224 107 85
224 107 85
224 107 85
224 108 85
224 108 86
224 108 86
224 109 86
225 109 86
225 109 87
225 109 87
225 110 87
225 110 87
225 110 88
225 111 88
226 111 88
226 111 88
226 112 89
226 112 89
226 112 89
226 112 89
226 113 89
227 113 90
227 113 90
227 114 90
227 114 90
227 114 91
227 115 91
228 115 91
228 115 91
228 116 92
228 116 92
228 116 92
228 116 92
228 117 92
229 117 93
229 117 93
229 118 93
229 118 93
229 118 94
229 119 94
229 119 94
230 119 94
230 119 95
230 120 95
230 120 95
230 120 95
230 121 96
230 121 96
231 121 96
231 122 96
231 122 96
231 122 97
231 122 97
231 123 97
231 123 97
232 123 98
232 124 98
232 124 98
232 124 98
232 125 99
232 125 99
232 125 99
233 126 99
233 126 99
233 126 100
233 126 100
233 127 100
233 127 100
234 127 101
234 128 101
234 128 101
234 128 101
234 129 102
234 129 102
234 129 102
235 129 102
235 130 102
235 130 103
235 130 103
235 131 103
235 131 103
235 131 104
236 132 104
236 132 104
236 132 104
236 132 105
236 133 105
236 133 105
236 133 105
237 134 106
237 134 106
237 134 106
237 135 106
237 135 106
237 135 107
237 136 107
238 136 107
238 136 107
238 136 108
238 137 108
238 137 108
238 137 108
239 138 109
239 138 109
239 138 109
239 139 109
239 139 109
239 139 110
239 139 110
240 140 110
240 140 110
240 140 111
240 141 111
240 141 111
240 141 111
240 142 112
241 142 112
241 142 112
241 143 112
241 143 113
241 143 113
241 143 113
241 144 113
242 144 113
242 144 114
242 145 114
242 145 114
242 145 114
242 146 115
242 146 115
243 146 115
243 146 115
243 147 116
243 147 116
243 147 116
243 148 116
243 148 116
244 148 117
244 148 117
244 149 117
244 149 118
244 149 118
244 149 118
244 150 119
244 150 119
244 150 119
244 150 120
244 151 120
244 151 120
244 151 120
244 151 121
244 152 121
244 152 121
244 152 122
244 152 122
244 152 122
244 153 123
244 153 123
244 153 123
245 153 123
245 154 124
245 154 124
245 154 124
245 154 125
245 155 125
245 155 125
245 155 126
245 155 126
245 156 126
245 156 126
245 156 127
245 156 127
245 157 127
245 157 128
245 157 128
245 157 128
245 157 129
245 158 129
245 158 129
245 158 130
245 158 130
245 159 130
246 159 130
246 159 131
246 159 131
246 160 131
246 160 132
246 160 132
246 160 132
246 161 133
246 161 133
246 161 133
246 161 133
246 162 134
246 162 134
246 162 134
246 162 135
246 162 135
246 163 135
246 163 136
246 163 136
246 163 136
246 164 136
246 164 137
246 164 137
247 164 137
247 165 138
247 165 138
247 165 138
247 165 139
247 166 139
247 166 139
247 166 140
247 166 140
247 166 140
247 167 140
247 167 141
247 167 141
247 167 141
247 168 142
247 168 142
247 168 142
247 168 143
247 169 143
247 169 143
247 169 143
247 169 144
247 170 144
248 170 144
248 170 145
248 170 145
248 171 145
248 171 146
248 171 146
248 171 146
248 171 147
248 172 147
248 172 147
248 172 147
248 172 148
248 173 148
248 173 148
248 173 149
248 173 149
248 174 149
248 174 150
248 174 150
248 174 150
248 175 150
248 175 151
249 175 151
249 175 151
249 176 152
249 176 152
249 176 152
249 176 153
249 176 153
249 177 153
249 177 153
249 177 154
249 177 154
249 178 154
249 178 155
249 178 155
249 178 155
249 179 156
249 179 156
249 179 156
249 179 157
249 180 157
249 180 157
249 180 157
249 180 158
250 181 158
250 181 158
250 181 159
250 181 159
250 181 159
250 182 160
250 182 160
250 182 160
250 182 160
250 183 161
250 183 161
250 183 161
250 183 162
250 184 162
250 184 162
250 184 163
250 184 163
250 185 163
250 185 163
250 185 164
250 185 164
250 185 164
250 186 165
251 186 165
251 186 165
251 186 166
251 187 166
251 187 166
251 187 167
251 187 167
251 188 167
251 188 167
251 188 168
251 188 168
251 189 168
251 189 169
251 189 169
251 189 169
251 190 170
251 190 170
251 190 170
251 190 170
251 190 171
251 191 171
251 191 171
251 191 172
252 191 172
252 192 172
252 192 173
252 192 173
252 192 173
252 193 174
252 193 174
252 193 174
252 193 174
252 194 175
252 194 175
252 194 175
252 194 176
252 195 176
252 195 176
252 195 177
252 195 177
252 195 177
252 196 177
252 196 178
252 196 178
252 196 178
252 197 179
252 197 179
252 197 179
252 197 179
252 197 179
252 197 180
252 197 180
252 197 180
252 198 180
252 198 181
252 198 181
252 198 181
252 198 181
252 198 181
252 198 182
252 198 182
252 199 182
252 199 182
252 199 182
252 199 183
252 199 183
252 199 183
252 199 183
252 199 183
252 200 184
252 200 184
252 200 184
252 200 184
252 200 185
252 200 185
252 200 185
252 200 185
252 201 185
252 201 186
251 201 186
251 201 186
251 201 186
251 201 186
251 201 187
251 201 187
251 202 187
251 202 187
251 202 188
251 202 188
251 202 188
251 202 188
251 202 188
251 202 189
251 203 189
251 203 189
251 203 189
251 203 189
251 203 190
251 203 190
251 203 190
251 203 190
251 204 190
251 204 191
251 204 191
251 204 191
251 204 191
251 204 192
251 204 192
251 204 192
251 205 192
251 205 192
251 205 193
251 205 193
251 205 193
250 205 193
250 205 193
250 205 194
250 205 194
250 206 194
250 206 194
250 206 194
250 206 195
250 206 195
250 206 195
250 206 195
250 206 196
250 207 196
250 207 196
250 207 196
250 207 196
250 207 197
250 207 197
250 207 197
250 207 197
250 208 197
250 208 198
250 208 198
250 208 198
250 208 198
250 208 198
250 208 199
250 208 199
250 209 199
250 209 199
250 209 200
250 209 200
250 209 200
250 209 200
249 209 200
249 209 201
249 210 201
249 210 201
249 210 201
249 210 201
249 210 202
249 210 202
249 210 202
249 210 202
249 211 202
249 211 203
249 211 203
249 211 203
249 211 203
249 211 204
249 211 204
249 211 204
249 212 204
249 212 204
249 212 205
249 212 205
249 212 205
249 212 205
249 212 205
249 212 206
249 213 206
249 213 206
249 213 206
249 213 206
249 213 207
249 213 207
249 213 207
249 213 207
248 213 208
248 214 208
248 214 208
248 214 208
248 214 208
248 214 209
248 214 209
248 214 209
248 214 209
248 215 209
248 215 210
248 215 210
248 215 210
248 215 210
248 215 211
248 215 211
248 215 211
248 216 211
248 216 211
248 216 212
248 216 212
248 216 212
248 216 212
248 216 212
248 216 213
248 217 213
248 217 213
248 217 213
248 217 213
248 217 214
248 217 214
248 217 214
248 217 214
248 218 215
247 218 215
247 218 215
247 218 215
247 218 215
247 218 216
247 218 216
247 218 216
247 219 216
247 219 216
247 219 217
247 219 217
247 219 217
247 219 217
247 219 217
247 219 218
247 220 218
247 220 218
247 220 218
247 220 219
247 220 219
247 220 219
247 220 219
247 220 219
247 221 220
247 221 220
247 221 220
247 221 220
247 221 220
247 221 221
247 221 221
247 221 221
247 221 221
247 222 221
247 222 222
246 222 222
246 222 222
246 222 222
246 222 222
246 221 222
245 221 222
245 221 222
245 221 222
245 221 222
245 221 222
245 221 221
244 221 221
244 221 221
244 221 221
244 221 221
244 221 221
243 220 221
243 220 221
243 220 221
243 220 221
243 220 221
243 220 221
242 220 221
242 220 221
242 220 221
242 220 221
242 220 221
241 220 221
241 220 221
241 219 221
241 219 221
241 219 221
240 219 221
240 219 221
240 219 221
240 219 221
240 219 221
240 219 221
239 219 221
239 219 221
239 219 221
239 219 221
239 218 220
238 218 220
238 218 220
238 218 220
238 218 220
238 218 220
237 218 220
237 218 220
237 218 220
237 218 220
237 218 220
237 218 220
236 217 220
236 217 220
236 217 220
236 217 220
236 217 220
235 217 220
235 217 220
235 217 220
235 217 220
235 217 220
235 217 220
234 217 220
234 217 220
234 216 220
234 216 220
234 216 220
233 216 220
233 216 220
233 216 220
233 216 220
233 216 220
232 216 219
232 216 219
232 216 219
232 216 219
232 216 219
232 215 219
231 215 219
231 215 219
231 215 219
231 215 219
231 215 219
230 215 219
230 215 219
230 215 219
230 215 219
230 215 219
230 215 219
229 214 219
229 214 219
229 214 219
229 214 219
229 214 219
228 214 219
228 214 219
228 214 219
228 214 219
228 214 219
227 214 219
227 214 219
227 214 219
227 213 219
227 213 219
227 213 218
226 213 218
226 213 218
226 213 218
226 213 218
226 213 218
225 213 218
225 213 218
225 213 218
225 213 218
225 213 218
225 212 218
224 212 218
224 212 218
224 212 218
224 212 218
224 212 218
223 212 218
223 212 218
223 212 218
223 212 218
223 212 218
222 212 218
222 211 218
222 211 218
222 211 218
222 211 218
222 211 218
221 211 218
221 211 218
221 211 218
221 211 218
221 211 218
220 211 217
220 211 217
220 211 217
220 210 217
220 210 217
219 210 217
219 210 217
219 210 217
219 210 217
219 210 217
219 210 217
218 210 217
218 210 217
218 210 217
218 210 217
218 209 217
217 209 217
217 209 217
217 209 217
217 209 217
217 209 217
217 209 217
216 209 217
216 209 217
216 209 217
216 209 217
216 209 217
215 209 217
215 208 217
215 208 217
215 208 217
215 208 217
214 208 216
214 208 216
214 208 216
214 208 216
214 208 216
214 208 216
213 208 216
213 208 216
213 208 216
213 207 216
213 207 216
212 207 216
212 207 216
212 207 216
212 207 216
212 207 216
212 207 216
211 207 216
211 207 216
211 207 216
211 207 216
211 206 216
210 206 216
210 206 216
210 206 216
210 206 216
210 206 216
209 206 216
209 206 216
209 206 216
209 206 216
209 206 216
209 206 216
208 205 215
208 205 215
208 205 215
207 205 215
207 205 215
207 205 215
206 205 215
206 205 215
206 204 215
205 204 215
205 204 215
205 204 215
205 204 214
204 204 214
204 204 214
204 203 214
203 203 214
203 203 214
203 203 214
202 203 214
202 203 214
202 203 214
201 202 214
201 202 214
201 202 214
201 202 213
200 202 213
200 202 213
200 202 213
199 201 213
199 201 213
199 201 213
198 201 213
198 201 213
198 201 213
197 201 213
197 200 213
197 200 213
197 200 212
196 200 212
196 200 212
196 200 212
195 200 212
195 199 212
195 199 212
194 199 212
194 199 212
194 199 212
193 199 212
193 199 212
193 198 211
193 198 211
192 198 211
192 198 211
192 198 211
191 198 211
191 198 211
191 197 211
190 197 211
190 197 211
190 197 211
189 197 211
189 197 211
189 197 210
189 196 210
188 196 210
188 196 210
188 196 210
187 196 210
187 196 210
187 196 210
186 195 210
186 195 210
186 195 210
185 195 210
185 195 210
185 195 209
185 195 209
184 195 209
184 194 209
184 194 209
183 194 209
183 194 209
183 194 209
182 194 209
182 194 209
182 193 209
181 193 209
181 193 208
181 193 208
181 193 208
180 193 208
180 193 208
180 192 208
179 192 208
179 192 208
179 192 208
178 192 208
178 192 208
178 192 208
177 191 208
177 191 207
177 191 207
177 191 207
176 191 207
176 191 207
176 191 207
175 190 207
175 190 207
175 190 207
174 190 207
174 190 207
174 190 207
173 190 206
173 189 206
173 189 206
173 189 206
172 189 206
172 189 206
172 189 206
171 189 206
171 188 206
171 188 206
170 188 206
170 188 206
170 188 206
169 188 205
169 188 205
169 187 205
169 187 205
168 187 205
168 187 205
168 187 205
167 187 205
167 187 205
167 186 205
166 186 205
166 186 205
166 186 205
165 186 204
165 186 204
165 186 204
165 186 204
164 185 204
164 185 204
164 185 204
163 185 204
163 185 204
163 185 204
162 185 204
162 184 204
162 184 203
161 184 203
161 184 203
161 184 203
161 184 203
160 184 203
160 183 203
160 183 203
159 183 203
159 183 203
159 183 203
158 183 203
158 183 203
158 182 202
157 182 202
157 182 202
157 182 202
157 182 202
156 182 202
156 182 202
156 181 202
155 181 202
155 181 202
155 181 202
154 181 202
154 181 202
154 181 201
153 180 201
153 180 201
153 180 201
153 180 201
152 180 201
152 180 201
152 180 201
151 179 201
151 179 201
151 179 201
150 179 201
150 179 200
150 179 200
149 179 200
149 178 200
149 178 200
149 178 200
148 178 200
148 178 200
148 178 200
147 178 200
147 177 200
147 177 200
146 177 200
146 177 199
146 177 199
145 177 199
145 177 199
145 176 199
144 176 199
144 176 199
144 176 199
143 175 199
143 175 198
142 175 198
142 175 198
142 175 198
141 174 198
141 174 198
140 174 198
140 174 198
140 173 198
139 173 197
139 173 197
139 173 197
138 173 197
138 172 197
137 172 197
137 172 197
137 172 197
136 172 196
136 171 196
135 171 196
135 171 196
135 171 196
134 170 196
134 170 196
133 170 196
133 170 195
133 170 195
132 169 195
132 169 195
132 169 195
131 169 195
131 168 195
130 168 195
130 168 195
130 168 194
129 168 194
129 167 194
128 167 194
128 167 194
128 167 194
127 166 194
127 166 194
127 166 193
126 166 193
126 166 193
125 165 193
125 165 193
125 165 193
124 165 193
124 164 193
123 164 193
123 164 192
123 164 192
122 164 192
122 163 192
122 163 192
121 163 192
121 163 192
120 162 192
120 162 191
120 162 191
119 162 191
119 162 191
118 161 191
118 161 191
118 161 191
117 161 191
117 161 191
117 160 190
116 160 190
116 160 190
115 160 190
115 159 190
115 159 190
114 159 190
114 159 190
113 159 189
113 158 189
113 158 189
112 158 189
112 158 189
111 157 189
111 157 189
111 157 189
110 157 188
110 157 188
110 156 188
109 156 188
109 156 188
108 156 188
108 155 188
108 155 188
107 155 188
107 155 187
106 155 187
106 154 187
106 154 187
105 154 187
105 154 187
105 153 187
104 153 187
104 153 186
103 153 186
103 153 186
103 152 186
102 152 186
102 152 186
101 152 186
101 151 186
101 151 186
100 151 185
100 151 185
100 151 185
99 150 185
99 150 185
98 150 185
98 150 185
98 150 185
97 149 184
97 149 184
96 149 184
96 149 184
96 148 184
95 148 184
95 148 184
95 148 184
94 148 183
94 147 183
93 147 183
93 147 183
93 147 183
92 146 183
92 146 183
91 146 183
91 146 183
91 146 182
90 145 182
90 145 182
90 145 182
89 145 182
89 144 182
88 144 182
88 144 182
88 144 181
87 144 181
87 143 181
86 143 181
86 143 181
86 143 181
85 142 181
85 142 181
84 142 181
84 142 180
84 142 180
83 141 180
83 141 180
83 141 180
82 141 180
82 141 180
81 140 180
81 140 179
81 140 179
80 140 179
80 139 179
79 139 179
79 139 179
79 139 179
78 139 179
78 138 179
78 138 178
77 138 178
77 138 178
76 137 178
76 137 178
76 137 178
75 137 178
75 137 178
74 136 177
74 136 177
74 136 177
73 136 177
73 135 177
73 135 177
72 135 177
72 135 177
71 135 176
71 134 176
71 134 176
70 134 176
70 134 176
69 133 176
69 133 176
69 133 176
68 133 176
68 133 175
68 132 175
67 132 175
67 132 175
66 132 175
66 132 175
66 131 175
66 131 175
66 131 175
66 131 174
65 131 174
65 130 174
65 130 174
65 130 174
65 130 174
65 130 174
64 129 174
64 129 174
64 129 174
64 129 173
64 129 173
64 128 173
63 128 173
63 128 173
63 128 173
63 128 173
63 127 173
63 127 173
62 127 173
62 127 172
62 127 172
62 126 172
62 126 172
62 126 172
61 126 172
61 126 172
61 125 172
61 125 172
61 125 172
61 125 171
60 125 171
60 124 171
60 124 171
60 124 171
60 124 171
60 124 171
59 123 171
59 123 171
59 123 171
59 123 170
59 123 170
59 122 170
58 122 170
58 122 170
58 122 170
58 122 170
58 121 170
58 121 170
57 121 169
57 121 169
57 121 169
57 120 169
57 120 169
57 120 169
56 120 169
56 120 169
56 119 169
56 119 169
56 119 168
56 119 168
55 119 168
55 118 168
55 118 168
55 118 168
55 118 168
55 118 168
54 117 168
54 117 168
54 117 167
54 117 167
54 117 167
54 116 167
53 116 167
53 116 167
53 116 167
53 116 167
53 115 167
53 115 167
52 115 166
52 115 166
52 115 166
52 115 166
52 114 166
52 114 166
51 114 166
51 114 166
51 114 166
51 113 166
51 113 165
51 113 165
50 113 165
50 113 165
50 112 165
50 112 165
50 112 165
50 112 165
49 112 165
49 111 165
49 111 164
49 111 164
49 111 164
49 111 164
48 110 164
48 110 164
48 110 164
48 110 164
48 110 164
48 109 164
47 109 163
47 109 163
47 109 163
47 109 163
47 108 163
47 108 163
47 108 163
46 108 163
46 108 163
46 107 163
46 107 162
46 107 162
46 107 162
45 107 162
45 106 162
45 106 162
45 106 162
45 106 162
45 106 162
44 105 162
44 105 161
44 105 161
44 105 161
44 105 161
44 104 161
43 104 161
43 104 161
43 104 161
43 104 161
43 103 160
43 103 160
42 103 160
42 103 160
42 103 160
42 102 160
42 102 160
42 102 160
41 102 160
41 102 160
41 101 159
41 101 159
41 101 159
41 101 159
40 101 159
40 100 159
40 100 159
40 100 159
40 100 159
40 100 159
39 99 158
39 99 158
39 99 158
39 99 158
39 99 158
39 98 158
38 98 158
38 98 158
38 98 158
38 98 158
38 97 157
38 97 157
37 97 157
37 97 157
37 97 157
37 97 157
37 96 157
37 96 157
36 96 157
36 96 157
36 96 156
36 95 156
36 95 156
36 95 156
35 95 156
35 95 156
35 94 156
35 94 156
35 94 156
35 94 156
34 94 155
34 93 155
34 93 155
34 93 155
34 93 155
34 93 155
33 92 155
33 92 155
33 92 155
33 92 155
33 92 154
33 91 154
32 91 154
32 91 154
32 91 153
32 90 153
32 90 153
32 90 152
32 90 152
31 89 152
31 89 151
31 89 151
31 89 151
31 89 150
31 88 150
31 88 150
30 88 149
30 88 149
30 87 149
30 87 148
30 87 148
30 87 148
30 86 147
30 86 147
29 86 147
29 86 146
29 85 146
29 85 146
29 85 145
29 85 145
29 84 145
28 84 145
28 84 144
28 84 144
28 84 144
28 83 143
28 83 143
28 83 143
27 83 142
27 82 142
27 82 142
27 82 141
27 82 141
27 81 141
27 81 140
27 81 140
26 81 140
26 80 139
26 80 139
26 80 139
26 80 138
26 80 138
26 79 138
25 79 137
25 79 137
25 79 137
25 78 136
25 78 136
25 78 136
25 78 135
24 77 135
24 77 135
24 77 134
24 77 134
24 76 134
24 76 133
24 76 133
24 76 133
23 75 132
23 75 132
23 75 132
23 75 131
23 75 131
23 74 131
23 74 130
22 74 130
22 74 130
22 73 129
22 73 129
22 73 129
22 73 128
22 72 128
21 72 128
21 72 127
21 72 127
21 71 127
21 71 126
21 71 126
21 71 126
21 70 125
20 70 125
20 70 125
20 70 124
20 70 124
20 69 124
20 69 123
20 69 123
19 69 123
19 68 122
19 68 122
19 68 122
19 68 121
19 67 121
19 67 121
18 67 120
18 67 120
18 66 120
18 66 119
18 66 119
18 66 119
18 65 118
17 65 118
17 65 118
17 65 117
17 65 117
17 64 117
17 64 116
17 64 116
17 64 116
16 63 115
16 63 115
16 63 115
16 63 114
16 62 114
16 62 114
16 62 114
15 62 113
15 61 113
15 61 113
15 61 112
15 61 112
15 61 112
15 60 111
14 60 111
14 60 111
14 60 110
14 59 110
14 59 110
14 59 109
14 59 109
14 58 109
13 58 108
13 58 108
13 58 108
13 57 107
13 57 107
13 57 107
13 57 106
12 56 106
12 56 106
12 56 105
12 56 105
12 56 105
12 55 104
12 55 104
11 55 104
11 55 103
11 54 103
11 54 103
11 54 102
11 54 102
11 53 102
11 53 101
10 53 101
10 53 101
10 52 100
10 52 100
10 52 100
10 52 99
10 51 99
9 51 99
9 51 98
9 51 98
9 51 98
9 50 97
9 50 97
9 50 97
8 50 96
8 49 96
8 49 96
8 49 95
8 49 95
8 48 95
8 48 94
8 48 94
7 48 94
7 47 93
7 47 93
7 47 93
7 47 92
7 46 92
7 46 92
6 46 91
6 46 91
6 46 91
6 45 90
6 45 90
6 45 90
6 45 89
5 44 89
5 44 89
5 44 88
5 44 88
5 43 88
5 43 87
5 43 87
5 43 87
