103 0 27
103 0 27
103 0 28
104 0 28
104 0 28
104 0 28
105 0 28
105 0 28
105 0 28
106 0 28
106 1 28
107 1 28
107 1 28
107 1 28
108 1 28
108 1 28
108 1 28
109 1 28
109 1 28
109 2 28
110 2 28
110 2 29
111 2 29
111 2 29
111 2 29
112 2 29
112 2 29
112 2 29
113 2 29
113 3 29
113 3 29
114 3 29
114 3 29
115 3 29
115 3 29
115 3 29
116 3 29
116 3 29
116 4 29
117 4 29
117 4 30
118 4 30
118 4 30
118 4 30
119 4 30
119 4 30
119 4 30
120 4 30
120 5 30
120 5 30
121 5 30
121 5 30
122 5 30
122 5 30
122 5 30
123 5 30
123 5 30
123 6 30
124 6 30
124 6 31
124 6 31
125 6 31
125 6 31
126 6 31
126 6 31
126 6 31
127 6 31
127 7 31
127 7 31
128 7 31
128 7 31
129 7 31
129 7 31
129 7 31
130 7 31
130 7 31
130 8 31
131 8 31
131 8 32
131 8 32
132 8 32
132 8 32
133 8 32
133 8 32
133 8 32
134 8 32
134 9 32
134 9 32
135 9 32
135 9 32
135 9 32
136 9 32
136 9 32
137 9 32
137 9 32
137 10 32
138 10 32
138 10 33
138 10 33
139 10 33
139 10 33
140 10 33
140 10 33
140 10 33
141 10 33
141 11 33
141 11 33
142 11 33
142 11 33
142 11 33
143 11 33
143 11 33
144 11 33
144 11 33
144 12 33
145 12 33
145 12 34
145 12 34
146 12 34
146 12 34
146 12 34
147 12 34
147 12 34
148 12 34
148 13 34
148 13 34
149 13 34
149 13 34
149 13 34
150 13 34
150 13 34
150 13 34
151 13 34
151 14 34
152 14 34
152 14 35
152 14 35
153 14 35
153 14 35
153 14 35
154 14 35
154 14 35
155 14 35
155 15 35
155 15 35
156 15 35
156 15 35
156 15 35
157 15 35
157 15 35
157 15 35
158 15 35
158 16 35
159 16 35
159 16 36
159 16 36
160 16 36
160 16 36
160 16 36
161 16 36
161 16 36
161 16 36
162 17 36
162 17 36
163 17 36
163 17 36
163 17 36
164 17 36
164 17 36
164 17 36
165 17 36
165 18 36
166 18 36
166 18 37
166 18 37
167 18 37
167 18 37
167 18 37
168 18 37
168 18 37
168 18 37
169 19 37
169 19 37
170 19 37
170 19 37
170 19 37
171 19 37
171 19 37
171 19 37
172 19 37
172 20 37
172 20 37
173 20 38
173 20 38
174 20 38
174 20 38
174 20 38
175 20 38
175 20 38
175 20 38
176 21 38
176 21 38
177 21 38
177 21 38
177 21 38
178 21 38
178 22 38
178 22 39
178 22 39
178 22 39
178 23 39
179 23 39
179 23 39
179 24 39
179 24 40
179 24 40
179 25 40
180 25 40
180 25 40
180 26 40
180 26 40
180 26 41
181 27 41
181 27 41
181 27 41
181 28 41
181 28 41
181 28 42
182 28 42
182 29 42
182 29 42
182 29 42
182 30 42
182 30 42
183 30 43
183 31 43
183 31 43
183 31 43
183 32 43
184 32 43
184 32 43
184 33 44
184 33 44
184 33 44
184 34 44
185 34 44
185 34 44
185 34 45
185 35 45
185 35 45
185 35 45
186 36 45
186 36 45
186 36 45
186 37 46
186 37 46
187 37 46
187 38 46
187 38 46
187 38 46
187 39 46
187 39 47
188 39 47
188 40 47
188 40 47
188 40 47
188 41 47
188 41 48
189 41 48
189 41 48
189 42 48
189 42 48
189 42 48
190 43 48
190 43 49
190 43 49
190 44 49
190 44 49
190 44 49
191 45 49
191 45 49
191 45 50
191 46 50
191 46 50
191 46 50
192 47 50
192 47 50
192 47 51
192 47 51
192 48 51
193 48 51
193 48 51
193 49 51
193 49 51
193 49 52
193 50 52
194 50 52
194 50 52
194 51 52
194 51 52
194 51 52
194 52 53
195 52 53
195 52 53
195 53 53
195 53 53
195 53 53
195 53 53
196 54 54
196 54 54
196 54 54
196 55 54
196 55 54
197 55 54
197 56 55
197 56 55
197 56 55
197 57 55
197 57 55
198 57 55
198 58 55
198 58 56
198 58 56
198 59 56
198 59 56
199 59 56
199 59 56
199 60 56
199 60 57
199 60 57
200 61 57
200 61 57
200 61 57
200 62 57
200 62 58
200 62 58
201 63 58
201 63 58
201 63 58
201 64 58
201 64 58
201 64 59
202 65 59
202 65 59
202 65 59
202 66 59
202 66 59
203 66 59
203 66 60
203 67 60
203 67 60
203 67 60
203 68 60
204 68 60
204 68 61
204 69 61
204 69 61
204 69 61
204 70 61
205 70 61
205 70 61
205 71 62
205 71 62
205 71 62
206 72 62
206 72 62
206 72 62
206 72 62
206 73 63
206 73 63
207 73 63
207 74 63
207 74 63
207 74 63
207 75 64
207 75 64
208 75 64
208 76 64
208 76 64
208 76 64
208 77 64
209 77 65
209 77 65
209 78 65
209 78 65
209 78 65
209 78 65
210 79 65
210 79 66
210 79 66
210 80 66
210 80 66
210 80 66
211 81 66
211 81 66
211 81 67
211 82 67
211 82 67
211 82 67
212 83 67
212 83 67
212 83 68
212 84 68
212 84 68
213 84 68
213 85 68
213 85 68
213 85 68
213 85 69
213 86 69
214 86 69
214 86 69
214 87 69
214 87 70
214 87 70
214 88 70
214 88 70
215 88 71
215 89 71
215 89 71
215 89 71
215 89 72
215 90 72
215 90 72
216 90 72
216 91 72
216 91 73
216 91 73
216 92 73
216 92 73
217 92 74
217 92 74
217 93 74
217 93 74
217 93 75
217 94 75
217 94 75
218 94 75
218 95 75
218 95 76
218 95 76
218 95 76
218 96 76
218 96 77
219 96 77
219 97 77
219 97 77
219 97 78
219 98 78
219 98 78
219 98 78
220 99 78
220 99 79
220 99 79
220 99 79
220 100 79
220 100 80
220 100 80
221 101 80
221 101 80
221 101 81
221 102 81
221 102 81
221 102 81
222 102 82
222 103 82
222 103 82
222 103 82
222 104 82
222 104 83
222 104 83
223 105 83
223 105 83
223 105 84
223 105 84
223 106 84
223 106 84
223 106 85
224 107 85
224 107 85
224 107 85
224 108 85
224 108 86
224 108 86
224 109 86
225 109 86
225 109 87
225 109 87
225 110 87
225 110 87
225 110 88
225 111 88
226 111 88
226 111 88
226 112 89
226 112 89
226 112 89
226 112 89
226 113 89
227 113 90
227 113 90
227 114 90
227 114 90
227 114 91
227 115 91
228 115 91
228 115 91
228 116 92
228 116 92
228 116 92
228 116 92
228 117 92
229 117 93
229 117 93
229 118 93
229 118 93
229 118 94
229 119 94
229 119 94
230 119 94
230 119 95
230 120 95
230 120 95
230 120 95
230 121 96
230 121 96
231 121 96
231 122 96
231 122 96
231 122 97
231 122 97
231 123 97
231 123 97
232 123 98
232 124 98
232 124 98
232 124 98
232 125 99
232 125 99
232 125 99
233 126 99
233 126 99
233 126 100
233 126 100
233 127 100
233 127 100
234 127 101
234 128 101
234 128 101
234 128 101
234 129 102
234 129 102
234 129 102
235 129 102
235 130 102
235 130 103
235 130 103
235 131 103
235 131 103
235 131 104
236 132 104
236 132 104
236 132 104
236 132 105
236 133 105
236 133 105
236 133 105
237 134 106
237 134 106
237 134 106
237 135 106
237 135 106
237 135 107
237 136 107
238 136 107
238 136 107
238 136 108
238 137 108
238 137 108
238 137 108
239 138 109
239 138 109
239 138 109
239 139 109
239 139 109
239 139 110
239 139 110
240 140 110
240 140 110
240 140 111
240 141 111
240 141 111
240 141 111
240 142 112
241 142 112
241 142 112
241 143 112
241 143 113
241 143 113
241 143 113
241 144 113
242 144 113
242 144 114
242 145 114
242 145 114
242 145 114
242 146 115
242 146 115
243 146 115
243 146 115
243 147 116
243 147 116
243 147 116
243 148 116
243 148 116
244 148 117
244 148 117
244 149 117
244 149 118
244 149 118
244 149 118
244 150 119
244 150 119
244 150 119
244 150 120
244 151 120
244 151 120
244 151 120
244 151 121
244 152 121
244 152 121
244 152 122
244 152 122
244 152 122
244 153 123
244 153 123
244 153 123
245 153 123
245 154 124
245 154 124
245 154 124
245 154 125
245 155 125
245 155 125
245 155 126
245 155 126
245 156 126
245 156 126
245 156 127
245 156 127
245 157 127
245 157 128
245 157 128
245 157 128
245 157 129
245 158 129
245 158 129
245 158 130
245 158 130
245 159 130
246 159 130
246 159 131
246 159 131
246 160 131
246 160 132
246 160 132
246 160 132
246 161 133
246 161 133
246 161 133
246 161 133
246 162 134
246 162 134
246 162 134
246 162 135
246 162 135
246 163 135
246 163 136
246 163 136
246 163 136
246 164 136
246 164 137
246 164 137
247 164 137
247 165 138
247 165 138
247 165 138
247 165 139
247 166 139
247 166 139
247 166 140
247 166 140
247 166 140
247 167 140
247 167 141
247 167 141
247 167 141
247 168 142
247 168 142
247 168 142
247 168 143
247 169 143
247 169 143
247 169 143
247 169 144
247 170 144
248 170 144
248 170 145
248 170 145
248 171 145
248 171 146
248 171 146
248 171 146
248 171 147
248 172 147
248 172 147
248 172 147
248 172 148
248 173 148
248 173 148
248 173 149
248 173 149
248 174 149
248 174 150
248 174 150
248 174 150
248 175 150
248 175 151
249 175 151
249 175 151
249 176 152
249 176 152
249 176 152
249 176 153
249 176 153
249 177 153
249 177 153
249 177 154
249 177 154
249 178 154
249 178 155
249 178 155
249 178 155
249 179 156
249 179 156
249 179 156
249 179 157
249 180 157
249 180 157
249 180 157
249 180 158
250 181 158
250 181 158
250 181 159
250 181 159
250 181 159
250 182 160
250 182 160
250 182 160
250 182 160
250 183 161
250 183 161
250 183 161
250 183 162
250 184 162
250 184 162
250 184 163
250 184 163
250 185 163
250 185 163
250 185 164
250 185 164
250 185 164
250 186 165
251 186 165
251 186 165
251 186 166
251 187 166
251 187 166
251 187 167
251 187 167
251 188 167
251 188 167
251 188 168
251 188 168
251 189 168
251 189 169
251 189 169
251 189 169
251 190 170
251 190 170
251 190 170
251 190 170
251 190 171
251 191 171
251 191 171
251 191 172
252 191 172
252 192 172
252 192 173
252 192 173
252 192 173
252 193 174
252 193 174
252 193 174
252 193 174
252 194 175
252 194 175
252 194 175
252 194 176
252 195 176
252 195 176
252 195 177
252 195 177
252 195 177
252 196 177
252 196 178
252 196 178
252 196 178
253 197 179
253 197 179
253 197 179
253 197 179
253 197 180
253 197 180
253 198 180
253 198 180
253 198 181
253 198 181
253 198 181
253 198 181
253 199 182
253 199 182
253 199 182
253 199 182
253 199 183
253 199 183
253 199 183
253 200 183
253 200 184
253 200 184
253 200 184
253 200 184
253 200 185
253 201 185
253 201 185
253 201 185
253 201 186
253 201 186
253 201 186
253 202 186
253 202 187
253 202 187
253 202 187
253 202 187
253 202 188
253 202 188
253 203 188
253 203 188
253 203 188
253 203 189
253 203 189
253 203 189
253 204 189
253 204 190
253 204 190
253 204 190
253 204 190
253 204 191
253 205 191
253 205 191
253 205 191
253 205 192
253 205 192
253 205 192
253 205 192
253 206 193
253 206 193
253 206 193
253 206 193
253 206 194
253 206 194
253 207 194
253 207 194
253 207 195
253 207 195
253 207 195
253 207 195
253 208 196
253 208 196
253 208 196
253 208 196
253 208 197
253 208 197
253 209 197
253 209 197
253 209 198
253 209 198
253 209 198
253 209 198
253 209 199
253 210 199
253 210 199
253 210 199
253 210 200
253 210 200
253 210 200
253 211 200
253 211 201
253 211 201
253 211 201
253 211 201
253 211 202
253 212 202
253 212 202
253 212 202
253 212 203
253 212 203
253 212 203
253 212 203
253 213 204
253 213 204
254 213 204
254 213 204
254 213 205
254 213 205
254 214 205
254 214 205
254 214 205
254 214 206
254 214 206
254 214 206
254 215 206
254 215 207
254 215 207
254 215 207
254 215 207
254 215 208
254 215 208
254 216 208
254 216 208
254 216 209
254 216 209
254 216 209
254 216 209
254 217 210
254 217 210
254 217 210
254 217 210
254 217 211
254 217 211
254 218 211
254 218 211
254 218 212
254 218 212
254 218 212
254 218 212
254 218 213
254 219 213
254 219 213
254 219 213
254 219 214
254 219 214
254 219 214
254 220 214
254 220 215
254 220 215
254 220 215
254 220 215
254 220 216
254 221 216
254 221 216
254 221 216
254 221 217
254 221 217
254 221 217
254 221 217
254 222 218
254 222 218
254 222 218
254 222 218
254 222 219
254 222 219
254 223 219
254 223 219
254 223 220
254 223 220
254 223 220
254 223 220
254 224 221
254 224 221
254 224 221
254 224 221
254 224 221
254 224 222
254 224 222
254 225 222
254 225 222
254 225 223
254 225 223
254 225 223
254 225 223
254 226 224
254 226 224
254 226 224
254 226 224
254 226 225
254 226 225
254 227 225
254 227 225
254 227 226
254 227 226
254 227 226
254 227 226
254 227 227
254 228 227
254 228 227
254 228 227
254 228 228
254 228 228
254 228 228
254 229 228
254 229 229
254 229 229
254 229 229
254 229 229
254 229 229
254 229 229
254 228 228
254 228 228
254 228 228
253 228 228
253 228 228
253 228 228
253 228 228
253 227 227
253 227 227
252 227 227
252 227 227
252 227 227
252 227 227
252 227 227
252 226 226
252 226 226
251 226 226
251 226 226
251 226 226
251 226 226
251 226 226
251 226 226
250 225 225
250 225 225
250 225 225
250 225 225
250 225 225
250 225 225
250 225 225
249 224 224
249 224 224
249 224 224
249 224 224
249 224 224
249 224 224
249 224 224
248 223 223
248 223 223
248 223 223
248 223 223
248 223 223
248 223 223
247 223 223
247 223 223
247 222 222
247 222 222
247 222 222
247 222 222
247 222 222
246 222 222
246 222 222
246 221 221
246 221 221
246 221 221
246 221 221
245 221 221
245 221 221
245 221 221
245 220 220
245 220 220
245 220 220
245 220 220
244 220 220
244 220 220
244 220 220
244 220 220
244 219 219
244 219 219
244 219 219
243 219 219
243 219 219
243 219 219
243 219 219
243 218 218
243 218 218
242 218 218
242 218 218
242 218 218
242 218 218
242 218 218
242 217 217
242 217 217
241 217 217
241 217 217
241 217 217
241 217 217
241 217 217
241 217 217
240 216 216
240 216 216
240 216 216
240 216 216
240 216 216
240 216 216
240 216 216
239 215 215
239 215 215
239 215 215
239 215 215
239 215 215
239 215 215
239 215 215
238 214 214
238 214 214
238 214 214
238 214 214
238 214 214
238 214 214
237 214 214
237 214 214
237 213 213
237 213 213
237 213 213
237 213 213
237 213 213
236 213 213
236 213 213
236 212 212
236 212 212
236 212 212
236 212 212
235 212 212
235 212 212
235 212 212
235 211 211
235 211 211
235 211 211
235 211 211
234 211 211
234 211 211
234 211 211
234 211 211
234 210 210
234 210 210
234 210 210
233 210 210
233 210 210
233 210 210
233 210 210
233 209 209
233 209 209
232 209 209
232 209 209
232 209 209
232 209 209
232 209 209
232 208 208
232 208 208
231 208 208
231 208 208
231 208 208
231 208 208
231 208 208
231 208 208
230 207 207
230 207 207
230 207 207
230 207 207
230 207 207
230 207 207
230 207 207
229 206 206
229 206 206
229 206 206
229 206 206
229 206 206
229 206 206
229 206 206
228 205 205
228 205 205
228 205 205
228 205 205
228 205 205
228 205 205
227 205 205
227 205 205
227 204 204
227 204 204
227 204 204
227 204 204
227 204 204
226 204 204
226 204 204
226 203 203
226 203 203
226 203 203
226 203 203
225 203 203
225 203 203
225 203 203
225 202 202
225 202 202
225 202 202
225 202 202
224 202 202
224 202 202
224 202 202
224 202 202
224 201 201
224 201 201
224 201 201
223 201 201
223 201 201
223 201 201
223 200 200
223 200 200
222 200 200
222 200 200
222 200 200
222 200 200
222 199 199
221 199 199
221 199 199
221 199 199
221 199 199
221 199 199
221 198 198
220 198 198
220 198 198
220 198 198
220 198 198
220 198 198
219 197 197
219 197 197
219 197 197
219 197 197
219 197 197
219 197 197
218 196 196
218 196 196
218 196 196
218 196 196
218 196 196
217 196 196
217 195 195
217 195 195
217 195 195
217 195 195
216 195 195
216 195 195
216 194 194
216 194 194
216 194 194
216 194 194
215 194 194
215 194 194
215 193 193
215 193 193
215 193 193
214 193 193
214 193 193
214 193 193
214 192 192
214 192 192
214 192 192
213 192 192
213 192 192
213 192 192
213 191 191
213 191 191
212 191 191
212 191 191
212 191 191
212 191 191
212 190 190
211 190 190
211 190 190
211 190 190
211 190 190
211 190 190
211 189 189
210 189 189
210 189 189
210 189 189
210 189 189
210 189 189
209 188 188
209 188 188
209 188 188
209 188 188
209 188 188
209 188 188
208 187 187
208 187 187
208 187 187
208 187 187
208 187 187
207 187 187
207 186 186
207 186 186
207 186 186
207 186 186
206 186 186
206 186 186
206 185 185
206 185 185
206 185 185
206 185 185
205 185 185
205 185 185
205 184 184
205 184 184
205 184 184
204 184 184
204 184 184
204 184 184
204 183 183
204 183 183
203 183 183
203 183 183
203 183 183
203 183 183
203 182 182
203 182 182
202 182 182
202 182 182
202 182 182
202 182 182
202 181 181
201 181 181
201 181 181
201 181 181
201 181 181
201 181 181
201 180 180
200 180 180
200 180 180
200 180 180
200 180 180
200 180 180
199 179 179
199 179 179
199 179 179
199 179 179
199 179 179
198 179 179
198 178 178
198 178 178
198 178 178
198 178 178
198 178 178
197 178 178
197 177 177
197 177 177
197 177 177
197 177 177
196 177 177
196 177 177
196 176 176
196 176 176
196 176 176
196 176 176
195 176 176
195 176 176
195 175 175
195 175 175
195 175 175
194 175 175
194 175 175
194 175 175
194 174 174
194 174 174
193 174 174
193 174 174
193 174 174
193 174 174
193 173 173
193 173 173
192 173 173
192 173 173
192 173 173
192 173 173
192 172 172
191 172 172
191 172 172
191 172 172
191 172 172
191 172 172
190 171 171
190 171 171
190 171 171
190 171 171
190 171 171
190 171 171
189 170 170
189 170 170
189 170 170
189 170 170
189 170 170
188 170 170
188 169 169
188 169 169
188 169 169
188 169 169
188 169 169
187 169 169
187 168 168
187 168 168
187 168 168
187 168 168
186 168 168
186 168 168
186 167 167
186 167 167
186 167 167
185 167 167
185 167 167
185 166 166
185 166 166
184 166 166
184 166 166
184 166 166
184 165 165
183 165 165
183 165 165
183 165 165
183 164 164
182 164 164
182 164 164
182 164 164
182 164 164
181 163 163
181 163 163
181 163 163
181 163 163
180 162 162
180 162 162
180 162 162
180 162 162
179 161 161
179 161 161
179 161 161
179 161 161
178 161 161
178 160 160
178 160 160
178 160 160
178 160 160
177 159 159
177 159 159
177 159 159
177 159 159
176 159 159
176 158 158
176 158 158
176 158 158
175 158 158
175 157 157
175 157 157
175 157 157
174 157 157
174 157 157
174 156 156
174 156 156
173 156 156
173 156 156
173 155 155
173 155 155
172 155 155
172 155 155
172 155 155
172 154 154
171 154 154
171 154 154
171 154 154
171 153 153
170 153 153
170 153 153
170 153 153
170 153 153
169 152 152
169 152 152
169 152 152
169 152 152
168 151 151
168 151 151
168 151 151
168 151 151
167 151 151
167 150 150
167 150 150
167 150 150
166 150 150
166 149 149
166 149 149
166 149 149
165 149 149
165 148 148
165 148 148
165 148 148
164 148 148
164 148 148
164 147 147
164 147 147
163 147 147
163 147 147
163 146 146
163 146 146
162 146 146
162 146 146
162 146 146
162 145 145
161 145 145
161 145 145
161 145 145
161 144 144
160 144 144
160 144 144
160 144 144
160 144 144
159 143 143
159 143 143
159 143 143
159 143 143
158 142 142
158 142 142
158 142 142
158 142 142
157 142 142
157 141 141
157 141 141
157 141 141
156 141 141
156 140 140
156 140 140
156 140 140
155 140 140
155 140 140
155 139 139
155 139 139
154 139 139
154 139 139
154 138 138
154 138 138
153 138 138
153 138 138
153 138 138
153 137 137
152 137 137
152 137 137
152 137 137
152 136 136
151 136 136
151 136 136
151 136 136
151 135 135
150 135 135
150 135 135
150 135 135
150 135 135
149 134 134
149 134 134
149 134 134
149 134 134
148 133 133
148 133 133
148 133 133
148 133 133
147 133 133
147 132 132
147 132 132
147 132 132
146 132 132
146 131 131
146 131 131
146 131 131
145 131 131
145 131 131
145 130 130
145 130 130
144 130 130
144 130 130
144 129 129
144 129 129
143 129 129
143 129 129
143 129 129
143 128 128
142 128 128
142 128 128
142 128 128
142 127 127
141 127 127
141 127 127
141 127 127
141 127 127
140 126 126
140 126 126
140 126 126
140 126 126
139 125 125
139 125 125
139 125 125
139 125 125
138 124 124
138 124 124
138 124 124
138 124 124
137 124 124
137 123 123
137 123 123
137 123 123
136 123 123
136 122 122
136 122 122
136 122 122
135 122 122
135 122 122
135 121 121
135 121 121
134 121 121
134 121 121
134 120 120
134 120 120
133 120 120
133 120 120
133 119 119
132 119 119
132 119 119
132 119 119
132 118 118
131 118 118
131 118 118
131 118 118
130 117 117
130 117 117
130 117 117
130 117 117
129 116 116
129 116 116
129 116 116
128 116 116
128 115 115
128 115 115
128 115 115
127 115 115
127 114 114
127 114 114
126 114 114
126 114 114
126 113 113
126 113 113
125 113 113
125 112 112
125 112 112
124 112 112
124 112 112
124 111 111
124 111 111
123 111 111
123 111 111
123 110 110
122 110 110
122 110 110
122 110 110
122 109 109
121 109 109
121 109 109
121 109 109
121 108 108
120 108 108
120 108 108
120 108 108
119 107 107
119 107 107
119 107 107
119 107 107
118 106 106
118 106 106
118 106 106
117 106 106
117 105 105
117 105 105
117 105 105
116 105 105
116 104 104
116 104 104
115 104 104
115 104 104
115 103 103
115 103 103
114 103 103
114 103 103
114 102 102
113 102 102
113 102 102
113 102 102
113 101 101
112 101 101
112 101 101
112 100 100
111 100 100
111 100 100
111 100 100
111 99 99
110 99 99
110 99 99
110 99 99
109 98 98
109 98 98
109 98 98
109 98 98
108 97 97
108 97 97
108 97 97
107 97 97
107 96 96
107 96 96
107 96 96
106 96 96
106 95 95
106 95 95
105 95 95
105 95 95
105 94 94
105 94 94
104 94 94
104 94 94
104 93 93
104 93 93
103 93 93
103 93 93
103 92 92
102 92 92
102 92 92
102 92 92
102 91 91
101 91 91
101 91 91
101 91 91
100 90 90
100 90 90
100 90 90
100 90 90
99 89 89
99 89 89
99 89 89
98 89 89
98 88 88
98 88 88
98 88 88
97 87 87
97 87 87
97 87 87
96 87 87
96 86 86
96 86 86
96 86 86
95 86 86
95 85 85
95 85 85
94 85 85
94 85 85
94 84 84
94 84 84
93 84 84
93 84 84
93 83 83
92 83 83
92 83 83
92 83 83
92 82 82
91 82 82
91 82 82
91 82 82
90 81 81
90 81 81
90 81 81
90 81 81
89 80 80
89 80 80
89 80 80
88 80 80
88 79 79
88 79 79
88 79 79
87 79 79
87 78 78
87 78 78
87 78 78
86 78 78
86 77 77
86 77 77
85 77 77
85 77 77
85 76 76
85 76 76
84 76 76
84 76 76
84 75 75
83 75 75
83 75 75
83 74 74
83 74 74
82 74 74
82 74 74
82 73 73
81 73 73
81 73 73
81 73 73
81 72 72
80 72 72
80 72 72
80 72 72
79 71 71
79 71 71
79 71 71
79 71 71
78 70 70
78 70 70
78 70 70
77 70 70
77 69 69
77 69 69
77 69 69
76 69 69
76 68 68
76 68 68
76 68 68
75 68 68
75 68 68
75 67 67
75 67 67
74 67 67
74 67 67
74 66 66
74 66 66
73 66 66
73 66 66
73 66 66
73 65 65
72 65 65
72 65 65
72 65 65
72 64 64
71 64 64
71 64 64
71 64 64
71 63 63
70 63 63
70 63 63
70 63 63
70 63 63
69 62 62
69 62 62
69 62 62
69 62 62
68 61 61
68 61 61
68 61 61
68 61 61
67 61 61
67 60 60
67 60 60
67 60 60
66 60 60
66 59 59
66 59 59
66 59 59
65 59 59
65 59 59
65 58 58
65 58 58
64 58 58
64 58 58
64 57 57
64 57 57
63 57 57
63 57 57
63 57 57
63 56 56
62 56 56
62 56 56
62 56 56
62 55 55
61 55 55
61 55 55
61 55 55
61 55 55
60 54 54
60 54 54
60 54 54
60 54 54
59 53 53
59 53 53
59 53 53
59 53 53
58 52 52
58 52 52
58 52 52
58 52 52
57 52 52
57 51 51
57 51 51
57 51 51
56 51 51
56 50 50
56 50 50
56 50 50
55 50 50
55 50 50
55 49 49
55 49 49
54 49 49
54 49 49
54 48 48
54 48 48
53 48 48
53 48 48
53 48 48
53 47 47
52 47 47
52 47 47
52 47 47
52 46 46
51 46 46
51 46 46
51 46 46
51 46 46
50 45 45
50 45 45
50 45 45
50 45 45
49 44 44
49 44 44
49 44 44
49 44 44
48 44 44
48 43 43
48 43 43
48 43 43
47 43 43
47 42 42
47 42 42
47 42 42
46 42 42
46 42 42
46 41 41
46 41 41
45 41 41
45 41 41
45 40 40
45 40 40
44 40 40
44 40 40
44 39 39
44 39 39
43 39 39
43 39 39
43 39 39
43 38 38
42 38 38
42 38 38
42 38 38
42 37 37
41 37 37
41 37 37
41 37 37
41 37 37
40 36 36
40 36 36
40 36 36
40 36 36
39 35 35
39 35 35
39 35 35
39 35 35
38 35 35
38 34 34
38 34 34
38 34 34
37 34 34
37 33 33
37 33 33
37 33 33
36 33 33
36 33 33
36 32 32
36 32 32
35 32 32
35 32 32
35 31 31
35 31 31
34 31 31
34 31 31
34 31 31
34 30 30
33 30 30
33 30 30
33 30 30
33 29 29
32 29 29
32 29 29
32 29 29
32 29 29
31 28 28
31 28 28
31 28 28
31 28 28
30 27 27
30 27 27
30 27 27
30 27 27
29 26 26
29 26 26
29 26 26
29 26 26
28 26 26
28 25 25
28 25 25
28 25 25
27 25 25
27 24 24
27 24 24
27 24 24
26 24 24
26 24 24
26 23 23
26 23 23
26 23 23
