255 247 243
254 246 242
254 246 242
254 246 242
254 246 242
254 246 242
254 246 242
254 246 242
254 246 242
254 246 242
254 246 242
254 246 242
254 245 241
254 245 241
254 245 241
254 245 241
254 245 241
254 245 241
254 245 241
254 245 241
254 245 241
254 245 241
254 245 241
254 244 241
254 244 240
254 244 240
254 244 240
254 244 240
254 244 240
254 244 240
254 244 240
254 244 240
254 244 240
254 244 240
254 243 240
254 243 239
254 243 239
254 243 239
254 243 239
254 243 239
254 243 239
254 243 239
254 243 239
254 243 239
254 243 239
254 242 239
254 242 239
254 242 238
254 242 238
254 242 238
254 242 238
254 242 238
254 242 238
254 242 238
254 242 238
254 242 238
254 241 238
254 241 238
254 241 238
254 241 237
254 241 237
254 241 237
254 241 237
254 241 237
254 241 237
254 241 237
254 241 237
254 240 237
254 240 237
254 240 237
254 240 236
254 240 236
254 240 236
254 240 236
254 240 236
254 240 236
254 240 236
254 240 236
254 239 236
254 239 236
254 239 236
254 239 236
254 239 235
254 239 235
254 239 235
254 239 235
254 239 235
254 239 235
254 239 235
254 239 235
254 238 235
254 238 235
254 238 235
254 238 235
254 238 234
254 238 234
254 238 234
254 238 234
254 238 234
254 238 234
254 238 234
254 237 234
254 237 234
254 237 234
254 237 234
254 237 233
254 237 233
254 237 233
254 237 233
254 237 233
254 237 233
254 237 233
254 236 233
254 236 233
254 236 233
254 236 233
254 236 233
254 236 232
254 236 232
254 236 232
254 236 232
254 236 232
254 236 232
254 235 232
254 235 232
254 235 232
254 235 232
254 235 232
253 235 231
253 235 231
253 235 231
253 235 231
253 235 231
253 235 231
253 234 231
253 234 231
253 234 231
253 234 231
253 234 231
253 234 231
253 234 230
253 234 230
253 234 230
253 234 230
253 234 230
253 233 230
253 233 230
253 233 230
253 233 230
253 233 230
253 233 230
253 233 230
253 233 229
253 233 229
253 233 229
253 233 229
253 232 229
253 232 229
253 232 229
253 232 229
253 232 229
253 232 229
253 232 229
253 232 228
253 232 228
253 232 228
253 232 228
253 231 228
253 231 228
253 231 228
253 231 228
253 231 228
253 231 228
253 231 228
253 231 228
253 231 227
253 231 227
253 231 227
253 231 227
253 230 227
253 230 227
253 230 227
253 230 227
253 230 227
253 230 227
253 230 227
253 230 227
253 230 226
253 230 226
253 230 226
253 229 226
253 229 226
253 229 226
253 229 226
253 229 226
253 229 226
253 229 226
253 229 226
253 229 225
253 229 225
253 229 225
253 228 225
253 228 225
253 228 225
253 228 225
253 228 225
253 228 225
253 228 225
253 228 225
253 228 225
253 228 224
253 228 224
253 227 224
253 227 224
253 227 224
253 227 224
253 227 224
253 227 224
253 227 224
253 227 224
253 227 224
253 227 223
253 227 223
253 226 223
253 226 223
253 226 223
253 226 223
253 226 223
253 226 223
253 226 223
253 226 223
253 226 223
253 226 223
253 226 222
253 225 222
253 225 222
253 225 222
253 225 222
253 225 222
253 225 222
253 225 222
253 225 222
253 225 222
253 225 222
253 225 222
253 224 221
253 224 221
253 224 221
253 224 221
253 224 221
253 224 221
253 224 221
253 224 221
253 224 221
253 224 221
253 224 221
252 223 220
252 223 220
252 223 220
252 223 220
252 223 220
252 223 220
252 223 220
252 223 220
252 223 220
252 223 219
252 222 219
252 222 219
252 222 219
252 222 219
252 222 219
252 222 219
252 222 219
252 222 219
252 222 218
252 221 218
252 221 218
252 221 218
252 221 218
252 221 218
252 221 218
252 221 218
252 221 218
252 221 217
252 221 217
252 220 217
252 220 217
252 220 217
252 220 217
252 220 217
252 220 217
252 220 217
252 220 216
252 220 216
252 219 216
252 219 216
252 219 216
252 219 216
252 219 216
252 219 216
252 219 215
252 219 215
252 219 215
252 219 215
252 218 215
252 218 215
252 218 215
252 218 215
252 218 215
252 218 214
252 218 214
252 218 214
252 218 214
252 217 214
252 217 214
252 217 214
252 217 214
252 217 214
252 217 213
252 217 213
252 217 213
252 217 213
252 217 213
252 216 213
252 216 213
252 216 213
252 216 213
252 216 212
252 216 212
252 216 212
252 216 212
252 216 212
252 215 212
252 215 212
252 215 212
252 215 212
252 215 211
252 215 211
252 215 211
252 215 211
252 215 211
252 215 211
252 214 211
252 214 211
252 214 211
252 214 210
252 214 210
252 214 210
252 214 210
252 214 210
252 214 210
252 213 210
252 213 210
252 213 209
252 213 209
252 213 209
252 213 209
252 213 209
252 213 209
252 213 209
252 213 209
252 212 209
252 212 208
252 212 208
252 212 208
252 212 208
252 212 208
252 212 208
252 212 208
252 212 208
252 211 208
252 211 207
252 211 207
252 211 207
252 211 207
252 211 207
252 211 207
252 211 207
252 211 207
252 211 207
252 210 206
252 210 206
252 210 206
252 210 206
252 210 206
252 210 206
252 210 206
252 210 206
252 210 206
252 209 205
252 209 205
252 209 205
252 209 205
252 209 205
252 209 205
252 209 205
252 209 205
252 209 205
252 209 204
252 208 204
252 208 204
252 208 204
252 208 204
252 208 204
252 208 204
252 208 204
252 208 203
252 208 203
252 207 203
252 207 203
252 207 203
252 207 203
252 207 203
252 207 203
252 207 203
252 207 202
252 207 202
252 206 202
252 206 202
252 206 202
252 206 202
252 206 202
252 206 202
252 206 202
252 206 201
252 206 201
252 206 201
252 205 201
252 205 201
252 205 201
252 205 201
252 205 201
252 205 201
252 205 200
252 205 200
252 205 200
252 204 200
252 204 200
252 204 200
252 204 200
252 204 200
252 204 200
252 204 199
252 204 199
252 204 199
252 204 199
252 203 199
252 203 199
252 203 199
252 203 199
252 203 198
252 203 198
252 203 198
252 203 198
252 203 198
252 202 198
252 202 198
252 202 198
252 202 198
252 202 197
252 202 197
252 202 197
252 202 197
252 202 197
252 202 197
252 201 197
252 201 197
252 201 197
252 201 196
252 201 196
252 201 196
252 201 196
252 201 196
252 201 196
252 200 196
252 200 196
252 200 196
252 200 195
252 200 195
252 200 195
252 200 195
252 200 195
252 200 195
252 200 195
252 199 195
252 199 195
252 199 194
252 199 194
252 199 194
252 199 194
252 199 194
252 199 194
252 199 194
252 198 194
252 198 194
252 198 193
252 198 193
252 198 193
252 198 193
252 198 193
252 198 193
252 198 193
252 198 193
252 197 192
252 197 192
252 197 192
252 197 192
252 197 192
252 197 192
252 197 192
252 197 192
252 197 192
251 196 191
251 196 191
251 196 191
251 196 191
251 196 191
251 196 191
251 196 191
251 195 191
251 195 191
251 195 191
251 195 191
251 195 191
251 195 191
251 195 191
251 194 191
251 194 191
251 194 191
251 194 191
251 194 191
251 194 191
251 193 191
251 193 191
251 193 191
251 193 191
251 193 190
251 193 190
251 193 190
251 192 190
251 192 190
251 192 190
251 192 190
251 192 190
251 192 190
251 192 190
251 191 190
251 191 190
251 191 190
251 191 190
251 191 190
251 191 190
251 191 190
251 190 190
251 190 190
251 190 190
251 190 190
251 190 190
251 190 190
251 189 189
251 189 189
251 189 189
251 189 189
251 189 189
251 189 189
251 189 189
251 188 189
251 188 189
251 188 189
251 188 189
251 188 189
251 188 189
251 188 189
251 187 189
251 187 189
251 187 189
251 187 189
251 187 189
251 187 189
251 187 189
251 186 189
251 186 189
251 186 188
251 186 188
251 186 188
251 186 188
251 185 188
251 185 188
251 185 188
251 185 188
251 185 188
251 185 188
251 185 188
251 184 188
251 184 188
251 184 188
251 184 188
251 184 188
251 184 188
251 184 188
251 183 188
251 183 188
251 183 188
251 183 188
251 183 188
251 183 187
251 183 187
251 182 187
251 182 187
251 182 187
251 182 187
251 182 187
251 182 187
251 181 187
251 181 187
251 181 187
251 181 187
251 181 187
251 181 187
251 181 187
251 180 187
251 180 187
251 180 187
251 180 187
251 180 187
251 180 187
251 180 187
251 179 187
251 179 187
251 179 186
251 179 186
251 179 186
251 179 186
251 178 186
251 178 186
251 178 186
251 178 186
251 178 186
251 178 186
251 178 186
250 177 186
250 177 186
250 177 186
250 177 186
250 177 186
250 177 186
250 177 186
250 176 186
250 176 186
250 176 186
250 176 186
250 176 186
250 176 185
250 176 185
250 175 185
250 175 185
250 175 185
250 175 185
250 175 185
250 175 185
250 174 185
250 174 185
250 174 185
250 174 185
250 174 185
250 174 185
250 174 185
250 173 185
250 173 185
250 173 185
250 173 185
250 173 185
250 173 185
250 173 185
250 172 185
250 172 184
250 172 184
250 172 184
250 172 184
250 172 184
250 172 184
250 171 184
250 171 184
250 171 184
250 171 184
250 171 184
250 171 184
250 170 184
250 170 184
250 170 184
250 170 184
250 170 184
250 170 184
250 170 184
250 169 184
250 169 184
250 169 184
250 169 184
250 169 183
250 169 183
250 169 183
250 168 183
250 168 183
250 168 183
250 168 183
250 168 183
250 168 183
250 168 183
250 167 183
250 167 183
250 167 183
250 167 183
250 167 183
250 167 183
250 166 183
250 166 183
250 166 183
250 166 183
250 166 183
250 166 183
250 166 183
250 165 183
250 165 182
250 165 182
250 165 182
250 165 182
250 165 182
250 165 182
250 164 182
250 164 182
250 164 182
250 164 182
250 164 182
250 164 182
250 163 182
250 163 182
250 163 182
250 163 182
250 163 182
250 163 182
250 163 182
250 162 182
250 162 182
250 162 182
250 162 182
250 162 181
250 162 181
250 162 181
250 161 181
250 161 181
250 161 181
250 161 181
250 161 181
250 161 181
250 161 181
250 160 181
250 160 181
250 160 181
250 160 181
250 160 181
250 160 181
250 159 181
250 159 181
250 159 181
250 159 181
250 159 181
250 159 181
250 159 181
249 158 180
249 158 180
249 158 180
249 158 180
249 158 180
249 157 180
249 157 180
249 157 180
249 157 180
249 156 180
249 156 180
249 156 180
249 156 180
249 156 179
249 155 179
249 155 179
249 155 179
249 155 179
249 155 179
249 154 179
249 154 179
249 154 179
249 154 179
249 153 179
249 153 179
249 153 179
249 153 178
249 153 178
249 152 178
249 152 178
249 152 178
249 152 178
249 152 178
249 151 178
249 151 178
249 151 178
249 151 178
249 150 178
249 150 178
249 150 177
249 150 177
249 150 177
249 149 177
249 149 177
249 149 177
249 149 177
249 149 177
249 148 177
249 148 177
249 148 177
249 148 177
249 147 176
249 147 176
249 147 176
249 147 176
249 147 176
249 146 176
249 146 176
249 146 176
249 146 176
249 146 176
249 145 176
249 145 176
249 145 176
249 145 175
249 144 175
249 144 175
249 144 175
249 144 175
249 144 175
249 143 175
249 143 175
249 143 175
249 143 175
249 143 175
249 142 175
249 142 175
249 142 174
249 142 174
249 141 174
249 141 174
249 141 174
249 141 174
249 141 174
249 140 174
248 140 174
248 140 174
248 140 174
248 140 174
248 139 174
248 139 173
248 139 173
248 139 173
248 138 173
248 138 173
248 138 173
248 138 173
248 138 173
248 137 173
248 137 173
248 137 173
248 137 173
248 136 172
248 136 172
248 136 172
248 136 172
248 136 172
248 135 172
248 135 172
248 135 172
248 135 172
248 135 172
248 134 172
248 134 172
248 134 172
248 134 171
248 133 171
248 133 171
248 133 171
248 133 171
248 133 171
248 132 171
248 132 171
248 132 171
248 132 171
248 132 171
248 131 171
248 131 171
248 131 170
248 131 170
248 130 170
248 130 170
248 130 170
248 130 170
248 130 170
248 129 170
248 129 170
248 129 170
248 129 170
248 129 170
248 128 170
248 128 169
248 128 169
248 128 169
248 127 169
248 127 169
248 127 169
248 127 169
248 127 169
248 126 169
248 126 169
248 126 169
248 126 169
248 126 169
248 125 168
248 125 168
248 125 168
248 125 168
248 124 168
248 124 168
248 124 168
248 124 168
248 124 168
248 123 168
248 123 168
248 123 168
248 123 167
248 123 167
248 122 167
248 122 167
248 122 167
247 122 167
247 121 167
247 121 167
247 121 167
247 121 167
247 121 167
247 120 167
247 120 167
247 120 166
247 120 166
247 120 166
247 119 166
247 119 166
247 119 166
247 119 166
247 118 166
247 118 166
247 118 166
247 118 166
247 118 166
247 117 166
247 117 165
247 117 165
247 117 165
247 117 165
247 116 165
247 116 165
247 116 165
247 116 165
247 115 165
247 115 165
247 115 165
247 115 165
247 115 165
247 114 164
247 114 164
247 114 164
247 114 164
247 113 164
247 113 164
247 113 164
247 113 164
247 113 164
247 112 164
247 112 164
247 112 164
247 112 164
247 112 163
247 111 163
247 111 163
247 111 163
247 111 163
247 110 163
247 110 163
247 110 163
247 110 163
247 110 163
247 109 163
247 109 163
247 109 162
247 109 162
247 109 162
247 108 162
247 108 162
247 108 162
247 108 162
247 107 162
247 107 162
247 107 162
247 107 162
247 107 162
247 106 162
247 106 161
247 106 161
247 106 161
247 106 161
247 105 161
247 105 161
247 105 161
247 105 161
247 104 161
247 104 161
247 104 161
247 104 161
247 104 161
246 103 160
246 103 160
246 103 160
246 103 160
246 103 160
246 102 160
246 102 160
246 102 160
246 102 160
246 102 160
245 101 160
245 101 160
245 101 160
245 101 160
245 101 160
245 100 160
245 100 160
245 100 160
245 100 160
245 100 160
244 99 160
244 99 160
244 99 160
244 99 160
244 99 160
244 98 160
244 98 159
244 98 159
244 98 159
244 98 159
243 97 159
243 97 159
243 97 159
243 97 159
243 96 159
243 96 159
243 96 159
243 96 159
243 96 159
242 95 159
242 95 159
242 95 159
242 95 159
242 95 159
242 94 159
242 94 159
242 94 159
242 94 159
242 94 159
241 93 159
241 93 159
241 93 158
241 93 158
241 93 158
241 92 158
241 92 158
241 92 158
241 92 158
241 92 158
240 91 158
240 91 158
240 91 158
240 91 158
240 91 158
240 90 158
240 90 158
240 90 158
240 90 158
240 90 158
239 89 158
239 89 158
239 89 158
239 89 158
239 89 158
239 88 158
239 88 158
239 88 158
239 88 157
239 88 157
238 87 157
238 87 157
238 87 157
238 87 157
238 87 157
238 86 157
238 86 157
238 86 157
238 86 157
238 86 157
237 85 157
237 85 157
237 85 157
237 85 157
237 84 157
237 84 157
237 84 157
237 84 157
237 84 157
236 83 157
236 83 157
236 83 157
236 83 157
236 83 156
236 82 156
236 82 156
236 82 156
236 82 156
236 82 156
235 81 156
235 81 156
235 81 156
235 81 156
235 81 156
235 80 156
235 80 156
235 80 156
235 80 156
235 80 156
234 79 156
234 79 156
234 79 156
234 79 156
234 79 156
234 78 156
234 78 156
234 78 156
234 78 156
234 78 156
233 77 155
233 77 155
233 77 155
233 77 155
233 77 155
233 76 155
233 76 155
233 76 155
233 76 155
233 76 155
232 75 155
232 75 155
232 75 155
232 75 155
232 75 155
232 74 155
232 74 155
232 74 155
232 74 155
232 74 155
231 73 155
231 73 155
231 73 155
231 73 155
231 73 155
231 72 155
231 72 154
231 72 154
231 72 154
230 71 154
230 71 154
230 71 154
230 71 154
230 71 154
230 70 154
230 70 154
230 70 154
230 70 154
230 70 154
229 69 154
229 69 154
229 69 154
229 69 154
229 69 154
229 68 154
229 68 154
229 68 154
229 68 154
229 68 154
228 67 154
228 67 154
228 67 153
228 67 153
228 67 153
228 66 153
228 66 153
228 66 153
228 66 153
228 66 153
227 65 153
227 65 153
227 65 153
227 65 153
227 65 153
227 64 153
227 64 153
227 64 153
227 64 153
227 64 153
226 63 153
226 63 153
226 63 153
226 63 153
226 63 153
226 62 153
226 62 153
226 62 153
226 62 152
226 62 152
225 61 152
225 61 152
225 61 152
225 61 152
225 61 152
225 60 152
225 60 152
225 60 152
225 60 152
225 60 152
224 59 152
224 59 152
224 59 152
224 59 152
224 58 152
224 58 152
224 58 152
224 58 152
224 58 152
223 57 152
223 57 152
223 57 152
223 57 152
223 57 151
223 56 151
223 56 151
223 56 151
223 56 151
223 56 151
222 55 151
222 55 151
222 55 151
222 55 151
222 55 151
222 54 151
222 54 151
222 54 151
222 54 151
222 54 151
221 53 151
221 53 151
221 53 151
221 53 151
221 53 151
221 52 151
221 52 151
221 52 151
221 52 151
221 52 151
220 51 150
220 51 150
220 51 150
220 51 150
220 51 150
219 50 150
219 50 150
219 50 150
219 50 150
219 50 150
219 49 149
218 49 149
218 49 149
218 49 149
218 49 149
218 48 149
217 48 149
217 48 149
217 48 149
217 48 149
217 47 148
217 47 148
216 47 148
216 47 148
216 47 148
216 46 148
216 46 148
215 46 148
215 46 148
215 46 148
215 45 148
215 45 147
215 45 147
214 45 147
214 45 147
214 44 147
214 44 147
214 44 147
213 44 147
213 44 147
213 43 147
213 43 146
213 43 146
212 43 146
212 43 146
212 42 146
212 42 146
212 42 146
212 42 146
211 42 146
211 41 146
211 41 145
211 41 145
211 41 145
210 41 145
210 40 145
210 40 145
210 40 145
210 40 145
210 40 145
209 39 145
209 39 144
209 39 144
209 39 144
209 39 144
208 38 144
208 38 144
208 38 144
208 38 144
208 38 144
208 37 144
207 37 144
207 37 143
207 37 143
207 37 143
207 36 143
206 36 143
206 36 143
206 36 143
206 36 143
206 35 143
206 35 143
205 35 142
205 35 142
205 35 142
205 34 142
205 34 142
204 34 142
204 34 142
204 34 142
204 33 142
204 33 142
203 33 141
203 33 141
203 33 141
203 32 141
203 32 141
203 32 141
202 32 141
202 32 141
202 31 141
202 31 141
202 31 140
201 31 140
201 31 140
201 30 140
201 30 140
201 30 140
201 30 140
200 30 140
200 29 140
200 29 140
200 29 139
200 29 139
199 29 139
199 28 139
199 28 139
199 28 139
199 28 139
199 28 139
198 27 139
198 27 139
198 27 139
198 27 138
198 27 138
197 26 138
197 26 138
197 26 138
197 26 138
197 26 138
197 25 138
196 25 138
196 25 138
196 25 137
196 25 137
196 24 137
195 24 137
195 24 137
195 24 137
195 24 137
195 23 137
194 23 137
194 23 137
194 23 136
194 23 136
194 22 136
194 22 136
193 22 136
193 22 136
193 22 136
193 21 136
193 21 136
192 21 136
192 21 135
192 21 135
192 20 135
192 20 135
192 20 135
191 20 135
191 20 135
191 19 135
191 19 135
191 19 135
190 19 135
190 19 134
190 18 134
190 18 134
190 18 134
190 18 134
189 18 134
189 17 134
189 17 134
189 17 134
189 17 134
188 17 133
188 16 133
188 16 133
188 16 133
188 16 133
188 16 133
187 15 133
187 15 133
187 15 133
187 15 133
187 15 132
186 15 132
186 14 132
186 14 132
186 14 132
186 14 132
185 14 132
185 13 132
185 13 132
185 13 132
185 13 131
185 13 131
184 12 131
184 12 131
184 12 131
184 12 131
184 12 131
183 11 131
183 11 131
183 11 131
183 11 131
183 11 130
183 10 130
182 10 130
182 10 130
182 10 130
182 10 130
182 9 130
181 9 130
181 9 130
181 9 130
181 9 129
181 8 129
181 8 129
180 8 129
180 8 129
180 8 129
180 7 129
180 7 129
179 7 129
179 7 129
179 7 128
179 6 128
179 6 128
179 6 128
178 6 128
178 6 128
178 5 128
178 5 128
178 5 128
177 5 128
177 5 127
177 4 127
177 4 127
177 4 127
176 4 127
176 4 127
176 3 127
176 3 127
176 3 127
176 3 127
175 3 127
175 2 126
175 2 126
175 2 126
175 2 126
174 2 126
174 1 126
174 1 126
174 1 126
174 1 126
174 1 126
173 1 125
173 1 125
173 1 125
173 1 125
173 1 125
172 1 125
172 1 125
172 1 125
172 1 125
172 1 125
171 1 125
171 1 125
171 1 125
171 1 125
171 1 125
170 1 125
170 1 125
170 1 125
170 1 125
169 1 125
169 1 125
169 1 125
169 1 125
169 1 125
168 1 125
168 1 125
168 1 125
168 1 125
168 1 125
167 1 125
167 1 125
167 1 125
167 1 125
167 1 125
166 1 125
166 1 125
166 1 124
166 1 124
166 1 124
165 1 124
165 1 124
165 1 124
165 1 124
165 1 124
164 1 124
164 1 124
164 1 124
164 1 124
164 1 124
163 1 124
163 1 124
163 1 124
163 1 124
163 1 124
162 1 124
162 1 124
162 1 124
162 1 124
162 1 124
161 1 124
161 1 124
161 1 124
161 1 124
161 1 124
160 1 124
160 1 124
160 1 124
160 1 124
160 1 124
159 1 124
159 1 124
159 1 124
159 1 124
159 1 123
158 1 123
158 1 123
158 1 123
158 1 123
157 1 123
157 1 123
157 1 123
157 1 123
157 1 123
156 1 123
156 1 123
156 1 123
156 1 123
156 1 123
155 1 123
155 1 123
155 1 123
155 1 123
155 1 123
154 1 123
154 1 123
154 1 123
154 1 123
154 1 123
153 1 123
153 1 123
153 1 123
153 1 123
153 1 123
152 1 123
152 1 123
152 1 123
152 1 123
152 1 123
151 1 123
151 1 122
151 1 122
151 1 122
151 1 122
150 1 122
150 1 122
150 1 122
150 1 122
150 1 122
149 1 122
149 1 122
149 1 122
149 1 122
149 1 122
148 1 122
148 1 122
148 1 122
148 1 122
148 1 122
147 1 122
147 1 122
147 1 122
147 1 122
147 1 122
146 1 122
146 1 122
146 1 122
146 1 122
146 1 122
145 1 122
145 1 122
145 1 122
145 1 122
144 1 122
144 1 122
144 1 122
144 1 122
144 1 121
143 1 121
143 1 121
143 1 121
143 1 121
143 1 121
142 1 121
142 1 121
142 1 121
142 1 121
142 1 121
141 1 121
141 1 121
141 1 121
141 1 121
141 1 121
140 1 121
140 1 121
140 1 121
140 1 121
140 1 121
139 1 121
139 1 121
139 1 121
139 1 121
139 1 121
138 1 121
138 1 121
138 1 121
138 1 121
138 1 121
137 1 121
137 1 121
137 1 121
137 1 121
137 1 121
136 1 121
136 1 120
136 1 120
136 1 120
136 1 120
135 1 120
135 1 120
135 1 120
135 1 120
135 1 120
134 1 120
134 1 120
134 1 120
134 1 120
134 1 120
133 1 120
133 1 120
133 1 120
133 1 120
132 1 120
132 1 120
132 1 120
132 1 120
132 1 120
131 1 120
131 1 120
131 1 120
131 1 120
131 1 120
130 1 120
130 1 120
130 1 120
130 1 120
130 1 120
129 1 120
129 1 120
129 1 120
129 1 119
129 1 119
128 1 119
128 1 119
128 1 119
128 1 119
128 1 119
127 1 119
127 1 119
127 1 119
127 1 119
127 1 119
126 1 119
126 1 119
126 1 119
126 1 119
126 1 119
125 1 119
125 1 119
125 1 119
125 1 119
125 1 119
124 1 119
124 1 119
124 1 119
124 1 119
124 1 119
123 1 119
123 1 119
123 1 119
123 1 119
123 1 119
122 1 119
122 1 119
122 1 119
122 1 119
122 1 119
121 0 118
121 0 118
121 0 118
121 0 118
121 0 118
120 0 118
120 0 118
120 0 118
120 0 118
120 0 118
119 0 118
119 0 118
119 0 118
119 0 118
119 0 118
118 0 118
118 0 118
118 0 118
118 0 118
118 0 117
118 0 117
117 0 117
117 0 117
117 0 117
117 0 117
117 0 117
116 0 117
116 0 117
116 0 117
116 0 117
116 0 117
115 0 117
115 0 117
115 0 117
115 0 117
115 0 117
114 0 117
114 0 117
114 0 117
114 0 116
114 0 116
113 0 116
113 0 116
113 0 116
113 0 116
113 0 116
113 0 116
112 0 116
112 0 116
112 0 116
112 0 116
112 0 116
111 0 116
111 0 116
111 0 116
111 0 116
111 0 116
110 0 116
110 0 116
110 0 115
110 0 115
110 0 115
109 0 115
109 0 115
109 0 115
109 0 115
109 0 115
109 0 115
108 0 115
108 0 115
108 0 115
108 0 115
108 0 115
107 0 115
107 0 115
107 0 115
107 0 115
107 0 115
106 0 114
106 0 114
106 0 114
106 0 114
106 0 114
105 0 114
105 0 114
105 0 114
105 0 114
105 0 114
104 0 114
104 0 114
104 0 114
104 0 114
104 0 114
104 0 114
103 0 114
103 0 114
103 0 114
103 0 114
103 0 113
102 0 113
102 0 113
102 0 113
102 0 113
102 0 113
101 0 113
101 0 113
101 0 113
101 0 113
101 0 113
100 0 113
100 0 113
100 0 113
100 0 113
100 0 113
100 0 113
99 0 113
99 0 113
99 0 113
99 0 112
99 0 112
98 0 112
98 0 112
98 0 112
98 0 112
98 0 112
97 0 112
97 0 112
97 0 112
97 0 112
97 0 112
96 0 112
96 0 112
96 0 112
96 0 112
96 0 112
95 0 112
95 0 112
95 0 111
95 0 111
95 0 111
95 0 111
94 0 111
94 0 111
94 0 111
94 0 111
94 0 111
93 0 111
93 0 111
93 0 111
93 0 111
93 0 111
92 0 111
92 0 111
92 0 111
92 0 111
92 0 111
91 0 111
91 0 110
91 0 110
91 0 110
91 0 110
91 0 110
90 0 110
90 0 110
90 0 110
90 0 110
90 0 110
89 0 110
89 0 110
89 0 110
89 0 110
89 0 110
88 0 110
88 0 110
88 0 110
88 0 110
88 0 110
87 0 109
87 0 109
87 0 109
87 0 109
87 0 109
86 0 109
86 0 109
86 0 109
86 0 109
86 0 109
86 0 109
85 0 109
85 0 109
85 0 109
85 0 109
85 0 109
84 0 109
84 0 109
84 0 109
84 0 108
84 0 108
83 0 108
83 0 108
83 0 108
83 0 108
83 0 108
82 0 108
82 0 108
82 0 108
82 0 108
82 0 108
82 0 108
81 0 108
81 0 108
81 0 108
81 0 108
81 0 108
80 0 108
80 0 108
80 0 107
80 0 107
80 0 107
79 0 107
79 0 107
79 0 107
79 0 107
79 0 107
78 0 107
78 0 107
78 0 107
78 0 107
78 0 107
77 0 107
77 0 107
77 0 107
77 0 107
77 0 107
77 0 107
76 0 107
76 0 106
76 0 106
76 0 106
76 0 106
75 0 106
75 0 106
75 0 106
75 0 106
75 0 106
74 0 106
74 0 106
74 0 106
74 0 106
74 0 106
73 0 106
73 0 106
73 0 106
73 0 106
73 0 106
73 0 106
