165 0 34
165 0 34
165 0 34
165 0 34
165 0 34
166 1 34
166 1 34
166 1 34
166 1 34
167 1 34
167 2 34
167 2 34
167 2 34
168 2 34
168 2 34
168 3 34
168 3 34
169 3 34
169 3 34
169 4 34
169 4 34
170 4 34
170 4 34
170 4 34
170 5 34
171 5 34
171 5 34
171 5 34
171 5 34
172 6 34
172 6 34
172 6 34
172 6 34
173 6 34
173 7 34
173 7 34
173 7 34
174 7 34
174 8 34
174 8 34
174 8 34
175 8 34
175 8 34
175 9 34
175 9 34
175 9 34
176 9 34
176 9 34
176 10 34
176 10 34
177 10 34
177 10 34
177 10 34
177 11 34
178 11 34
178 11 34
178 11 34
178 12 34
179 12 34
179 12 34
179 12 34
179 12 34
180 13 34
180 13 34
180 13 34
180 13 34
181 13 34
181 14 34
181 14 34
181 14 34
182 14 34
182 14 34
182 15 34
182 15 34
183 15 34
183 15 34
183 16 34
183 16 34
184 16 34
184 16 34
184 16 34
184 17 34
185 17 34
185 17 34
185 17 34
185 17 34
186 18 34
186 18 34
186 18 34
186 18 34
186 18 34
187 19 34
187 19 34
187 19 34
187 19 34
188 20 34
188 20 34
188 20 34
188 20 34
189 20 34
189 21 34
189 21 34
189 21 34
190 21 34
190 21 34
190 22 34
190 22 34
191 22 34
191 22 34
191 23 34
191 23 34
192 23 34
192 23 34
192 23 34
192 24 34
193 24 34
193 24 34
193 24 34
193 24 34
194 25 34
194 25 34
194 25 34
194 25 34
195 25 34
195 26 34
195 26 34
195 26 34
196 26 34
196 27 34
196 27 34
196 27 34
196 27 34
197 27 34
197 28 34
197 28 34
197 28 34
198 28 34
198 28 34
198 29 34
198 29 34
199 29 34
199 29 34
199 29 34
199 30 34
200 30 34
200 30 34
200 30 34
200 31 34
201 31 34
201 31 34
201 31 34
201 31 34
202 32 34
202 32 34
202 32 34
202 32 34
203 32 34
203 33 34
203 33 34
203 33 34
204 33 34
204 33 34
204 34 34
204 34 34
205 34 34
205 34 34
205 35 34
205 35 34
206 35 34
206 35 34
206 35 34
206 36 34
207 36 34
207 36 34
207 36 34
207 36 34
207 37 34
208 37 34
208 37 34
208 37 34
208 37 34
209 38 34
209 38 35
209 38 35
209 38 35
210 39 35
210 39 35
210 39 35
210 39 35
211 39 35
211 40 35
211 40 35
211 40 35
212 40 35
212 40 35
212 41 35
212 41 35
213 41 35
213 41 35
213 41 35
213 42 35
214 42 35
214 42 35
214 42 35
214 43 35
215 43 35
215 43 35
215 43 35
215 44 35
215 44 35
215 44 35
215 44 35
216 45 35
216 45 36
216 45 36
216 45 36
216 46 36
216 46 36
216 46 36
217 47 36
217 47 36
217 47 37
217 47 37
217 48 37
217 48 37
217 48 37
218 48 37
218 49 37
218 49 37
218 49 38
218 49 38
218 50 38
218 50 38
219 50 38
219 51 38
219 51 38
219 51 38
219 51 39
219 52 39
219 52 39
220 52 39
220 52 39
220 53 39
220 53 39
220 53 39
220 54 40
220 54 40
220 54 40
221 54 40
221 55 40
221 55 40
221 55 40
221 55 40
221 56 41
221 56 41
222 56 41
222 56 41
222 57 41
222 57 41
222 57 41
222 58 41
222 58 42
223 58 42
223 58 42
223 59 42
223 59 42
223 59 42
223 59 42
223 60 42
224 60 43
224 60 43
224 60 43
224 61 43
224 61 43
224 61 43
224 62 43
225 62 43
225 62 44
225 62 44
225 63 44
225 63 44
225 63 44
225 63 44
226 64 44
226 64 44
226 64 44
226 65 45
226 65 45
226 65 45
226 65 45
227 66 45
227 66 45
227 66 45
227 66 45
227 67 46
227 67 46
227 67 46
228 67 46
228 68 46
228 68 46
228 68 46
228 69 46
228 69 47
228 69 47
229 69 47
229 70 47
229 70 47
229 70 47
229 70 47
229 71 47
229 71 48
230 71 48
230 71 48
230 72 48
230 72 48
230 72 48
230 73 48
230 73 48
231 73 49
231 73 49
231 74 49
231 74 49
231 74 49
231 74 49
231 75 49
232 75 49
232 75 50
232 76 50
232 76 50
232 76 50
232 76 50
232 77 50
233 77 50
233 77 50
233 77 51
233 78 51
233 78 51
233 78 51
233 78 51
234 79 51
234 79 51
234 79 51
234 80 52
234 80 52
234 80 52
234 80 52
235 81 52
235 81 52
235 81 52
235 81 52
235 82 52
235 82 53
235 82 53
236 82 53
236 83 53
236 83 53
236 83 53
236 84 53
236 84 53
236 84 54
237 84 54
237 85 54
237 85 54
237 85 54
237 85 54
237 86 54
237 86 54
237 86 55
238 86 55
238 87 55
238 87 55
238 87 55
238 88 55
238 88 55
238 88 55
239 88 56
239 89 56
239 89 56
239 89 56
239 89 56
239 90 56
239 90 56
240 90 56
240 91 57
240 91 57
240 91 57
240 91 57
240 92 57
240 92 57
241 92 57
241 92 57
241 93 58
241 93 58
241 93 58
241 93 58
241 94 58
242 94 58
242 94 58
242 95 58
242 95 59
242 95 59
242 95 59
242 96 59
243 96 59
243 96 59
243 96 59
243 97 59
243 97 60
243 97 60
243 97 60
244 98 60
244 98 60
244 98 60
244 99 60
244 99 60
244 99 61
244 99 61
244 100 61
244 100 61
244 100 61
244 101 61
244 101 61
244 101 61
244 101 62
244 102 62
244 102 62
244 102 62
244 103 62
244 103 62
244 103 62
244 103 63
244 104 63
244 104 63
245 104 63
245 105 63
245 105 63
245 105 63
245 105 63
245 106 64
245 106 64
245 106 64
245 107 64
245 107 64
245 107 64
245 107 64
245 108 64
245 108 65
245 108 65
245 109 65
245 109 65
245 109 65
245 109 65
245 110 65
245 110 66
245 110 66
246 111 66
246 111 66
246 111 66
246 111 66
246 112 66
246 112 66
246 112 67
246 113 67
246 113 67
246 113 67
246 113 67
246 114 67
246 114 67
246 114 68
246 115 68
246 115 68
246 115 68
246 115 68
246 116 68
246 116 68
246 116 68
246 117 69
246 117 69
247 117 69
247 117 69
247 118 69
247 118 69
247 118 69
247 119 70
247 119 70
247 119 70
247 119 70
247 120 70
247 120 70
247 120 70
247 121 70
247 121 71
247 121 71
247 121 71
247 122 71
247 122 71
247 122 71
247 123 71
247 123 71
247 123 72
247 123 72
248 124 72
248 124 72
248 124 72
248 125 72
248 125 72
248 125 73
248 125 73
248 126 73
248 126 73
248 126 73
248 127 73
248 127 73
248 127 73
248 127 74
248 128 74
248 128 74
248 128 74
248 129 74
248 129 74
248 129 74
248 129 75
248 130 75
248 130 75
249 130 75
249 131 75
249 131 75
249 131 75
249 131 75
249 132 76
249 132 76
249 132 76
249 133 76
249 133 76
249 133 76
249 133 76
249 134 76
249 134 77
249 134 77
249 135 77
249 135 77
249 135 77
249 135 77
249 136 77
249 136 78
249 136 78
250 137 78
250 137 78
250 137 78
250 137 78
250 138 78
250 138 78
250 138 79
250 139 79
250 139 79
250 139 79
250 139 79
250 140 79
250 140 79
250 140 80
250 141 80
250 141 80
250 141 80
250 141 80
250 142 80
250 142 80
250 142 80
250 143 81
250 143 81
251 143 81
251 143 81
251 144 81
251 144 81
251 144 81
251 145 82
251 145 82
251 145 82
251 145 82
251 146 82
251 146 82
251 146 82
251 147 82
251 147 83
251 147 83
251 147 83
251 148 83
251 148 83
251 148 83
251 149 83
251 149 83
251 149 84
251 149 84
252 150 84
252 150 84
252 150 84
252 151 84
252 151 84
252 151 85
252 151 85
252 152 85
252 152 85
252 152 85
252 153 85
252 153 85
252 153 85
252 153 86
252 154 86
252 154 86
252 154 86
252 155 86
252 155 86
252 155 86
252 155 87
252 156 87
252 156 87
253 156 87
253 157 87
253 157 87
253 157 88
253 157 88
253 157 88
253 158 88
253 158 88
253 158 89
253 158 89
253 158 89
253 159 89
253 159 89
253 159 90
253 159 90
253 160 90
253 160 90
253 160 90
253 160 91
253 160 91
253 161 91
253 161 91
253 161 92
253 161 92
253 162 92
253 162 92
253 162 92
253 162 93
253 162 93
253 163 93
253 163 93
253 163 93
253 163 94
253 164 94
253 164 94
253 164 94
253 164 94
253 164 95
253 165 95
253 165 95
253 165 95
253 165 95
253 166 96
253 166 96
253 166 96
253 166 96
253 166 96
253 167 97
253 167 97
253 167 97
253 167 97
253 168 98
253 168 98
253 168 98
253 168 98
253 168 98
253 169 99
253 169 99
253 169 99
253 169 99
253 169 99
253 170 100
253 170 100
253 170 100
253 170 100
253 171 100
253 171 101
253 171 101
253 171 101
253 171 101
253 172 101
253 172 102
253 172 102
253 172 102
253 173 102
253 173 102
253 173 103
253 173 103
253 173 103
253 174 103
253 174 104
253 174 104
253 174 104
253 175 104
253 175 104
253 175 105
253 175 105
253 175 105
253 176 105
253 176 105
253 176 106
253 176 106
253 177 106
253 177 106
253 177 106
253 177 107
253 177 107
253 178 107
253 178 107
253 178 107
253 178 108
253 179 108
253 179 108
253 179 108
253 179 108
253 179 109
253 180 109
253 180 109
253 180 109
253 180 110
253 180 110
253 181 110
253 181 110
253 181 110
253 181 111
253 182 111
253 182 111
253 182 111
253 182 111
253 182 112
253 183 112
253 183 112
253 183 112
253 183 112
253 184 113
253 184 113
253 184 113
253 184 113
253 184 113
253 185 114
253 185 114
253 185 114
253 185 114
253 186 114
253 186 115
253 186 115
253 186 115
253 186 115
253 187 116
253 187 116
253 187 116
253 187 116
253 188 116
253 188 117
253 188 117
253 188 117
253 188 117
253 189 117
253 189 118
253 189 118
253 189 118
253 189 118
253 190 118
253 190 119
253 190 119
253 190 119
253 191 119
253 191 119
253 191 120
253 191 120
253 191 120
253 192 120
253 192 120
253 192 121
253 192 121
253 193 121
253 193 121
253 193 121
253 193 122
253 193 122
253 194 122
253 194 122
253 194 123
253 194 123
253 195 123
253 195 123
253 195 123
253 195 124
253 195 124
253 196 124
253 196 124
253 196 124
253 196 125
253 197 125
253 197 125
253 197 125
253 197 125
253 197 126
253 198 126
253 198 126
253 198 126
253 198 126
253 199 127
253 199 127
253 199 127
253 199 127
253 199 127
253 200 128
253 200 128
253 200 128
253 200 128
253 200 129
253 201 129
253 201 129
254 201 129
254 201 129
254 201 130
254 202 130
254 202 130
254 202 130
254 202 130
254 202 131
254 202 131
254 202 131
254 202 131
254 203 131
254 203 132
254 203 132
254 203 132
254 203 132
254 203 132
254 203 133
254 204 133
254 204 133
254 204 133
254 204 133
254 204 134
254 204 134
254 204 134
254 205 134
254 205 135
254 205 135
254 205 135
254 205 135
254 205 135
254 205 136
254 205 136
254 206 136
254 206 136
254 206 136
254 206 137
254 206 137
254 206 137
254 206 137
254 207 137
254 207 138
254 207 138
254 207 138
254 207 138
254 207 138
254 207 139
254 208 139
254 208 139
254 208 139
254 208 139
254 208 140
254 208 140
254 208 140
254 208 140
254 209 141
254 209 141
254 209 141
254 209 141
254 209 141
254 209 142
254 209 142
254 210 142
254 210 142
254 210 142
254 210 143
254 210 143
254 210 143
254 210 143
254 211 143
254 211 144
254 211 144
254 211 144
254 211 144
254 211 144
254 211 145
254 211 145
254 212 145
254 212 145
254 212 145
254 212 146
254 212 146
254 212 146
254 212 146
254 213 146
254 213 147
254 213 147
254 213 147
254 213 147
254 213 148
254 213 148
254 214 148
254 214 148
254 214 148
254 214 149
254 214 149
254 214 149
254 214 149
254 214 149
254 215 150
254 215 150
254 215 150
254 215 150
254 215 150
254 215 151
254 215 151
254 216 151
254 216 151
254 216 151
254 216 152
254 216 152
254 216 152
254 216 152
254 217 152
254 217 153
254 217 153
254 217 153
254 217 153
254 217 154
254 217 154
254 217 154
254 218 154
254 218 154
254 218 155
254 218 155
254 218 155
254 218 155
254 218 155
254 219 156
254 219 156
254 219 156
254 219 156
254 219 156
254 219 157
254 219 157
254 220 157
254 220 157
254 220 157
254 220 158
254 220 158
254 220 158
254 220 158
254 220 158
254 221 159
254 221 159
254 221 159
254 221 159
254 221 160
254 221 160
254 221 160
254 222 160
254 222 160
254 222 161
254 222 161
254 222 161
254 222 161
254 222 161
254 223 162
254 223 162
254 223 162
254 223 162
254 223 162
254 223 163
254 223 163
254 223 163
254 224 163
254 224 163
254 224 164
254 224 164
254 224 164
254 224 164
254 224 164
254 225 165
254 225 165
254 225 165
254 225 165
254 225 166
254 225 166
254 225 166
254 226 166
254 226 166
254 226 167
254 226 167
254 226 167
254 226 167
254 226 167
254 226 168
254 227 168
254 227 168
254 227 168
254 227 168
254 227 169
254 227 169
254 227 169
254 228 169
254 228 169
254 228 170
254 228 170
254 228 170
254 228 170
254 228 170
254 229 171
254 229 171
254 229 171
254 229 171
254 229 172
254 229 172
254 229 172
254 229 172
254 229 173
254 229 173
254 229 173
253 229 173
253 229 174
253 228 174
253 228 174
253 228 174
253 228 175
252 228 175
252 228 175
252 228 175
252 228 176
252 228 176
252 228 176
252 228 176
251 228 177
251 228 177
251 228 177
251 228 177
251 228 178
251 228 178
250 228 178
250 228 178
250 227 179
250 227 179
250 227 179
250 227 179
250 227 180
249 227 180
249 227 180
249 227 180
249 227 181
249 227 181
249 227 181
249 227 181
248 227 182
248 227 182
248 227 182
248 227 182
248 227 183
248 227 183
247 227 183
247 226 183
247 226 184
247 226 184
247 226 184
247 226 184
247 226 185
246 226 185
246 226 185
246 226 185
246 226 186
246 226 186
246 226 186
245 226 186
245 226 187
245 226 187
245 226 187
245 226 187
245 226 188
245 226 188
244 225 188
244 225 188
244 225 189
244 225 189
244 225 189
244 225 189
244 225 190
243 225 190
243 225 190
243 225 190
243 225 191
243 225 191
243 225 191
242 225 191
242 225 192
242 225 192
242 225 192
242 225 192
242 225 193
242 224 193
241 224 193
241 224 193
241 224 194
241 224 194
241 224 194
241 224 194
240 224 195
240 224 195
240 224 195
240 224 195
240 224 196
240 224 196
240 224 196
239 224 196
239 224 197
239 224 197
239 224 197
239 224 197
239 223 198
239 223 198
238 223 198
238 223 198
238 223 199
238 223 199
238 223 199
238 223 199
237 223 200
237 223 200
237 223 200
237 223 200
237 223 201
237 223 201
237 223 201
236 223 201
236 223 202
236 223 202
236 223 202
236 222 202
236 222 203
235 222 203
235 222 203
235 222 203
235 222 204
235 222 204
235 222 204
235 222 204
234 222 205
234 222 205
234 222 205
234 222 205
234 222 206
234 222 206
234 222 206
233 222 206
233 222 207
233 222 207
233 221 207
233 221 207
233 221 208
232 221 208
232 221 208
232 221 208
232 221 209
232 221 209
232 221 209
232 221 209
231 221 210
231 221 210
231 221 210
231 221 210
231 221 211
231 221 211
230 221 211
230 221 211
230 221 212
230 220 212
230 220 212
230 220 212
230 220 213
229 220 213
229 220 213
229 220 213
229 220 214
229 220 214
229 220 214
229 220 214
228 220 215
228 220 215
228 220 215
228 220 215
228 220 216
228 220 216
227 220 216
227 220 216
227 219 217
227 219 217
227 219 217
227 219 217
227 219 218
226 219 218
226 219 218
226 219 218
226 219 219
226 219 219
226 219 219
225 219 219
225 219 220
225 219 220
225 219 220
225 219 220
225 219 221
225 219 221
224 219 221
224 218 221
224 218 222
224 218 222
224 218 222
224 218 222
224 218 223
223 218 223
223 218 223
223 218 223
223 218 222
222 218 222
222 218 222
222 217 222
221 217 222
221 217 222
221 217 222
221 217 222
220 217 222
220 217 222
220 217 222
220 217 222
219 216 222
219 216 222
219 216 222
219 216 221
218 216 221
218 216 221
218 216 221
218 216 221
217 215 221
217 215 221
217 215 221
217 215 221
216 215 221
216 215 221
216 215 221
216 215 221
215 215 221
215 214 221
215 214 220
214 214 220
214 214 220
214 214 220
214 214 220
213 214 220
213 214 220
213 214 220
213 213 220
212 213 220
212 213 220
212 213 220
212 213 220
211 213 220
211 213 220
211 213 219
211 213 219
210 212 219
210 212 219
210 212 219
210 212 219
209 212 219
209 212 219
209 212 219
209 212 219
208 211 219
208 211 219
208 211 219
207 211 219
207 211 219
207 211 218
207 211 218
206 211 218
206 211 218
206 210 218
206 210 218
205 210 218
205 210 218
205 210 218
205 210 218
204 210 218
204 210 218
204 210 218
204 209 218
203 209 218
203 209 218
203 209 217
203 209 217
202 209 217
202 209 217
202 209 217
202 209 217
201 208 217
201 208 217
201 208 217
201 208 217
200 208 217
200 208 217
200 208 217
199 208 217
199 207 217
199 207 216
199 207 216
198 207 216
198 207 216
198 207 216
198 207 216
197 207 216
197 207 216
197 206 216
197 206 216
196 206 216
196 206 216
196 206 216
196 206 216
195 206 216
195 206 215
195 206 215
195 205 215
194 205 215
194 205 215
194 205 215
194 205 215
193 205 215
193 205 215
193 205 215
192 205 215
192 204 215
192 204 215
192 204 215
191 204 215
191 204 214
191 204 214
191 204 214
190 204 214
190 203 214
190 203 214
190 203 214
189 203 214
189 203 214
189 203 214
189 203 214
188 203 214
188 203 214
188 202 214
188 202 214
187 202 213
187 202 213
187 202 213
187 202 213
186 202 213
186 202 213
186 202 213
185 201 213
185 201 213
185 201 213
185 201 213
184 201 213
184 201 213
184 201 213
184 201 213
183 201 212
183 200 212
183 200 212
183 200 212
182 200 212
182 200 212
182 200 212
182 200 212
181 200 212
181 199 212
181 199 212
181 199 212
180 199 212
180 199 212
180 199 212
180 199 212
179 199 211
179 199 211
179 198 211
179 198 211
178 198 211
178 198 211
178 198 211
177 198 211
177 198 211
177 198 211
177 198 211
176 197 211
176 197 211
176 197 211
176 197 211
175 197 210
175 197 210
175 197 210
175 197 210
174 197 210
174 196 210
174 196 210
174 196 210
173 196 210
173 196 210
173 196 210
173 196 210
172 196 210
172 195 210
172 195 210
172 195 209
171 195 209
171 195 209
171 195 209
170 195 209
170 195 209
170 194 209
170 194 209
169 194 209
169 194 209
169 194 209
169 193 208
168 193 208
168 193 208
168 193 208
168 193 208
167 192 208
167 192 208
167 192 208
166 192 208
166 192 208
166 191 207
166 191 207
165 191 207
165 191 207
165 191 207
165 191 207
164 190 207
164 190 207
164 190 207
163 190 206
163 190 206
163 189 206
163 189 206
162 189 206
162 189 206
162 189 206
162 188 206
161 188 206
161 188 205
161 188 205
161 188 205
160 187 205
160 187 205
160 187 205
159 187 205
159 187 205
159 186 205
159 186 205
158 186 204
158 186 204
158 186 204
158 185 204
157 185 204
157 185 204
157 185 204
157 185 204
156 185 204
156 184 203
156 184 203
155 184 203
155 184 203
155 184 203
155 183 203
154 183 203
154 183 203
154 183 203
154 183 203
153 182 202
153 182 202
153 182 202
152 182 202
152 182 202
152 181 202
152 181 202
151 181 202
151 181 202
151 181 201
151 180 201
150 180 201
150 180 201
150 180 201
150 180 201
149 179 201
149 179 201
149 179 201
148 179 201
148 179 200
148 179 200
148 178 200
147 178 200
147 178 200
147 178 200
147 178 200
146 177 200
146 177 200
146 177 199
145 177 199
145 177 199
145 176 199
145 176 199
144 176 199
144 176 199
144 176 199
144 175 199
143 175 199
143 175 198
143 175 198
143 175 198
142 174 198
142 174 198
142 174 198
141 174 198
141 174 198
141 174 198
141 173 197
140 173 197
140 173 197
140 173 197
140 173 197
139 172 197
139 172 197
139 172 197
138 172 197
138 172 197
138 171 196
138 171 196
137 171 196
137 171 196
137 171 196
137 170 196
136 170 196
136 170 196
136 170 196
136 170 195
135 169 195
135 169 195
135 169 195
134 169 195
134 169 195
134 168 195
134 168 195
133 168 195
133 168 195
133 168 194
133 168 194
132 167 194
132 167 194
132 167 194
132 167 194
131 167 194
131 166 194
131 166 194
130 166 193
130 166 193
130 166 193
130 165 193
129 165 193
129 165 193
129 165 193
129 165 193
128 164 193
128 164 193
128 164 192
127 164 192
127 164 192
127 163 192
127 163 192
126 163 192
126 163 192
126 163 192
126 162 192
125 162 191
125 162 191
125 162 191
125 162 191
124 162 191
124 161 191
124 161 191
123 161 191
123 161 191
123 161 191
123 160 190
122 160 190
122 160 190
122 160 190
122 160 190
121 159 190
121 159 190
121 159 190
120 159 190
120 159 189
120 158 189
120 158 189
119 158 189
119 158 189
119 158 189
119 157 189
118 157 189
118 157 189
118 157 189
118 157 188
117 156 188
117 156 188
117 156 188
116 156 188
116 156 188
116 156 188
116 155 188
115 155 188
115 155 187
115 155 187
115 154 187
114 154 187
114 154 187
114 154 187
114 153 187
114 153 187
113 153 186
113 153 186
113 152 186
113 152 186
112 152 186
112 152 186
112 151 186
112 151 186
112 151 185
111 151 185
111 150 185
111 150 185
111 150 185
110 150 185
110 149 185
110 149 184
110 149 184
109 149 184
109 148 184
109 148 184
109 148 184
109 148 184
108 147 184
108 147 183
108 147 183
108 147 183
107 146 183
107 146 183
107 146 183
107 146 183
106 145 183
106 145 182
106 145 182
106 145 182
106 145 182
105 144 182
105 144 182
105 144 182
105 144 182
104 143 181
104 143 181
104 143 181
104 143 181
103 142 181
103 142 181
103 142 181
103 142 181
103 141 180
102 141 180
102 141 180
102 141 180
102 140 180
101 140 180
101 140 180
101 140 180
101 139 179
100 139 179
100 139 179
100 139 179
100 138 179
100 138 179
99 138 179
99 138 178
99 137 178
99 137 178
98 137 178
98 137 178
98 136 178
98 136 178
97 136 178
97 136 177
97 135 177
97 135 177
97 135 177
96 135 177
96 134 177
96 134 177
96 134 177
95 134 176
95 133 176
95 133 176
95 133 176
95 133 176
94 132 176
94 132 176
94 132 176
94 132 175
93 131 175
93 131 175
93 131 175
93 131 175
92 130 175
92 130 175
92 130 175
92 130 174
92 129 174
91 129 174
91 129 174
91 129 174
91 129 174
90 128 174
90 128 174
90 128 173
90 128 173
89 127 173
89 127 173
89 127 173
89 127 173
89 126 173
88 126 173
88 126 172
88 126 172
88 125 172
87 125 172
87 125 172
87 125 172
87 124 172
86 124 171
86 124 171
86 124 171
86 123 171
86 123 171
85 123 171
85 123 171
85 122 171
85 122 170
84 122 170
84 122 170
84 121 170
84 121 170
83 121 170
83 121 170
83 120 170
83 120 169
83 120 169
82 120 169
82 119 169
82 119 169
82 119 169
81 119 169
81 118 169
81 118 168
81 118 168
81 118 168
80 117 168
80 117 168
80 117 168
80 117 168
79 116 168
79 116 167
79 116 167
79 116 167
78 115 167
78 115 167
78 115 167
78 115 167
78 114 167
77 114 166
77 114 166
77 114 166
77 113 166
76 113 166
76 113 166
76 113 166
76 113 165
75 112 165
75 112 165
75 112 165
75 112 165
75 111 165
74 111 165
74 111 165
74 111 164
74 110 164
73 110 164
73 110 164
73 110 164
73 109 164
72 109 164
72 109 164
72 109 163
72 108 163
72 108 163
71 108 163
71 108 163
71 107 163
71 107 163
70 107 163
70 107 162
70 106 162
70 106 162
69 106 162
69 106 162
69 105 162
69 105 162
69 105 162
68 105 161
68 104 161
68 104 161
68 104 161
68 103 161
68 103 161
68 103 161
68 103 160
68 102 160
68 102 160
67 102 160
67 102 160
67 101 160
67 101 160
67 101 159
67 100 159
67 100 159
67 100 159
67 100 159
67 99 159
66 99 159
66 99 159
66 99 158
66 98 158
66 98 158
66 98 158
66 97 158
66 97 158
66 97 158
66 97 157
66 96 157
65 96 157
65 96 157
65 95 157
65 95 157
65 95 157
65 95 156
65 94 156
65 94 156
65 94 156
65 94 156
64 93 156
64 93 156
64 93 156
64 92 155
64 92 155
64 92 155
64 92 155
64 91 155
64 91 155
64 91 155
63 90 154
63 90 154
63 90 154
63 90 154
63 89 154
63 89 154
63 89 154
63 89 153
63 88 153
63 88 153
62 88 153
62 87 153
62 87 153
62 87 153
62 87 153
62 86 152
62 86 152
62 86 152
62 85 152
62 85 152
61 85 152
61 85 152
61 84 151
61 84 151
61 84 151
61 84 151
61 83 151
61 83 151
61 83 151
61 82 151
61 82 150
60 82 150
60 82 150
60 81 150
60 81 150
60 81 150
60 81 150
60 80 149
60 80 149
60 80 149
60 79 149
59 79 149
59 79 149
59 79 149
59 78 148
59 78 148
59 78 148
59 77 148
59 77 148
59 77 148
59 77 148
58 76 148
58 76 147
58 76 147
58 76 147
58 75 147
58 75 147
58 75 147
58 74 147
58 74 146
58 74 146
57 74 146
57 73 146
57 73 146
57 73 146
57 72 146
57 72 145
57 72 145
57 72 145
57 71 145
57 71 145
57 71 145
56 71 145
56 70 145
56 70 144
56 70 144
56 69 144
56 69 144
56 69 144
56 69 144
56 68 144
56 68 143
55 68 143
55 67 143
55 67 143
55 67 143
55 67 143
55 66 143
55 66 142
55 66 142
55 66 142
55 65 142
54 65 142
54 65 142
54 64 142
54 64 142
54 64 141
54 64 141
54 63 141
54 63 141
54 63 141
54 63 141
53 62 141
53 62 140
53 62 140
53 61 140
53 61 140
53 61 140
53 61 140
53 60 140
53 60 139
53 60 139
53 59 139
52 59 139
52 59 139
52 59 139
52 58 139
52 58 139
52 58 138
52 58 138
52 57 138
52 57 138
52 57 138
51 56 138
51 56 138
51 56 137
51 56 137
51 55 137
51 55 137
51 55 137
51 54 137
51 54 137
51 54 136
50 54 136
50 53 136
50 53 136
50 53 136
50 53 136
50 52 136
50 52 136
50 52 135
50 51 135
50 51 135
49 51 135
49 51 135
49 50 135
49 50 135
49 50 134
49 49 134
49 49 134
49 49 134
49 49 134
49 48 134
49 48 134
