165 0 38
165 0 38
165 0 38
165 0 38
165 0 38
166 1 38
166 1 38
166 1 38
166 1 38
167 2 38
167 2 38
167 2 38
167 2 38
168 3 38
168 3 38
168 3 38
168 3 38
169 3 38
169 4 38
169 4 38
169 4 38
170 4 38
170 5 38
170 5 38
170 5 38
171 5 38
171 6 38
171 6 38
171 6 38
172 6 38
172 7 38
172 7 38
172 7 38
173 7 38
173 7 38
173 8 38
173 8 38
174 8 38
174 8 38
174 9 38
174 9 38
175 9 38
175 9 38
175 10 38
175 10 38
175 10 38
176 10 38
176 11 38
176 11 38
176 11 38
177 11 38
177 11 38
177 12 38
177 12 38
178 12 38
178 12 38
178 13 38
178 13 38
179 13 38
179 13 38
179 14 38
179 14 38
180 14 38
180 14 38
180 15 38
180 15 38
181 15 38
181 15 38
181 15 38
181 16 38
182 16 38
182 16 38
182 16 38
182 17 38
183 17 38
183 17 38
183 17 38
183 18 38
184 18 38
184 18 38
184 18 38
184 18 38
185 19 38
185 19 38
185 19 38
185 19 38
186 20 38
186 20 38
186 20 38
186 20 38
186 21 38
187 21 38
187 21 38
187 21 38
187 22 38
188 22 38
188 22 38
188 22 38
188 22 38
189 23 38
189 23 38
189 23 38
189 23 38
190 24 38
190 24 38
190 24 38
190 24 38
191 25 38
191 25 38
191 25 38
191 25 38
192 26 38
192 26 38
192 26 38
192 26 38
193 26 38
193 27 38
193 27 38
193 27 38
194 27 38
194 28 38
194 28 38
194 28 38
195 28 38
195 29 38
195 29 38
195 29 38
196 29 38
196 30 38
196 30 38
196 30 38
196 30 38
197 30 38
197 31 38
197 31 38
197 31 38
198 31 38
198 32 38
198 32 38
198 32 38
199 32 38
199 33 38
199 33 38
199 33 38
200 33 38
200 34 38
200 34 38
200 34 38
201 34 38
201 34 38
201 35 38
201 35 38
202 35 38
202 35 38
202 36 38
202 36 38
203 36 38
203 36 38
203 37 38
203 37 38
204 37 38
204 37 38
204 37 38
204 38 38
205 38 38
205 38 38
205 38 38
205 39 38
206 39 38
206 39 38
206 39 38
206 40 38
207 40 38
207 40 38
207 40 38
207 41 38
207 41 38
208 41 38
208 41 38
208 41 38
208 42 38
209 42 38
209 42 38
209 42 38
209 43 38
210 43 38
210 43 38
210 43 38
210 44 38
211 44 38
211 44 38
211 44 38
211 45 38
212 45 38
212 45 38
212 45 38
212 45 38
213 46 38
213 46 38
213 46 38
213 46 38
214 47 38
214 47 38
214 47 38
214 47 38
215 48 39
215 48 39
215 48 39
215 48 39
215 49 39
215 49 39
215 49 39
216 50 39
216 50 40
216 50 40
216 51 40
216 51 40
216 51 40
216 51 40
217 52 40
217 52 41
217 52 41
217 53 41
217 53 41
217 53 41
217 54 41
218 54 41
218 54 42
218 54 42
218 55 42
218 55 42
218 55 42
218 56 42
219 56 42
219 56 43
219 57 43
219 57 43
219 57 43
219 57 43
219 58 43
220 58 43
220 58 43
220 59 44
220 59 44
220 59 44
220 60 44
220 60 44
220 60 44
221 60 44
221 61 45
221 61 45
221 61 45
221 62 45
221 62 45
221 62 45
222 62 45
222 63 46
222 63 46
222 63 46
222 64 46
222 64 46
222 64 46
223 65 46
223 65 46
223 65 47
223 65 47
223 66 47
223 66 47
223 66 47
224 67 47
224 67 47
224 67 48
224 68 48
224 68 48
224 68 48
224 68 48
225 69 48
225 69 48
225 69 49
225 70 49
225 70 49
225 70 49
225 71 49
226 71 49
226 71 49
226 71 49
226 72 50
226 72 50
226 72 50
226 73 50
227 73 50
227 73 50
227 74 50
227 74 51
227 74 51
227 74 51
227 75 51
228 75 51
228 75 51
228 76 51
228 76 52
228 76 52
228 76 52
228 77 52
229 77 52
229 77 52
229 78 52
229 78 52
229 78 53
229 79 53
229 79 53
230 79 53
230 79 53
230 80 53
230 80 53
230 80 54
230 81 54
230 81 54
231 81 54
231 82 54
231 82 54
231 82 54
231 82 55
231 83 55
231 83 55
232 83 55
232 84 55
232 84 55
232 84 55
232 85 56
232 85 56
232 85 56
233 85 56
233 86 56
233 86 56
233 86 56
233 87 56
233 87 57
233 87 57
234 88 57
234 88 57
234 88 57
234 88 57
234 89 57
234 89 58
234 89 58
235 90 58
235 90 58
235 90 58
235 91 58
235 91 58
235 91 59
235 91 59
236 92 59
236 92 59
236 92 59
236 93 59
236 93 59
236 93 59
236 93 60
237 94 60
237 94 60
237 94 60
237 95 60
237 95 60
237 95 60
237 96 61
237 96 61
238 96 61
238 96 61
238 97 61
238 97 61
238 97 61
238 98 62
238 98 62
239 98 62
239 99 62
239 99 62
239 99 62
239 99 62
239 100 62
239 100 63
240 100 63
240 101 63
240 101 63
240 101 63
240 102 63
240 102 63
240 102 64
241 102 64
241 103 64
241 103 64
241 103 64
241 104 64
241 104 64
241 104 65
242 105 65
242 105 65
242 105 65
242 105 65
242 106 65
242 106 65
242 106 65
243 107 66
243 107 66
243 107 66
243 107 66
243 108 66
243 108 66
243 108 66
244 109 67
244 109 67
244 109 67
244 110 67
244 110 67
244 110 67
244 111 67
244 111 68
244 111 68
244 112 68
244 112 68
244 112 68
244 113 68
244 113 68
244 113 69
244 113 69
244 114 69
244 114 69
244 114 69
244 115 69
244 115 70
244 115 70
244 116 70
245 116 70
245 116 70
245 117 70
245 117 70
245 117 71
245 118 71
245 118 71
245 118 71
245 119 71
245 119 71
245 119 71
245 119 72
245 120 72
245 120 72
245 120 72
245 121 72
245 121 72
245 121 72
245 122 73
245 122 73
245 122 73
245 123 73
246 123 73
246 123 73
246 124 73
246 124 74
246 124 74
246 125 74
246 125 74
246 125 74
246 126 74
246 126 75
246 126 75
246 126 75
246 127 75
246 127 75
246 127 75
246 128 75
246 128 76
246 128 76
246 129 76
246 129 76
246 129 76
246 130 76
246 130 76
247 130 77
247 131 77
247 131 77
247 131 77
247 132 77
247 132 77
247 132 77
247 133 78
247 133 78
247 133 78
247 133 78
247 134 78
247 134 78
247 134 78
247 135 79
247 135 79
247 135 79
247 136 79
247 136 79
247 136 79
247 137 79
247 137 80
247 137 80
248 138 80
248 138 80
248 138 80
248 139 80
248 139 81
248 139 81
248 139 81
248 140 81
248 140 81
248 140 81
248 141 81
248 141 82
248 141 82
248 142 82
248 142 82
248 142 82
248 143 82
248 143 82
248 143 83
248 144 83
248 144 83
248 144 83
248 145 83
249 145 83
249 145 83
249 146 84
249 146 84
249 146 84
249 146 84
249 147 84
249 147 84
249 147 84
249 148 85
249 148 85
249 148 85
249 149 85
249 149 85
249 149 85
249 150 85
249 150 86
249 150 86
249 151 86
249 151 86
249 151 86
249 152 86
250 152 87
250 152 87
250 153 87
250 153 87
250 153 87
250 153 87
250 154 87
250 154 88
250 154 88
250 155 88
250 155 88
250 155 88
250 156 88
250 156 88
250 156 89
250 157 89
250 157 89
250 157 89
250 158 89
250 158 89
250 158 89
250 159 90
250 159 90
251 159 90
251 159 90
251 160 90
251 160 90
251 160 90
251 161 91
251 161 91
251 161 91
251 162 91
251 162 91
251 162 91
251 163 92
251 163 92
251 163 92
251 164 92
251 164 92
251 164 92
251 165 92
251 165 93
251 165 93
251 166 93
251 166 93
251 166 93
252 166 93
252 167 93
252 167 94
252 167 94
252 168 94
252 168 94
252 168 94
252 169 94
252 169 94
252 169 95
252 170 95
252 170 95
252 170 95
252 171 95
252 171 95
252 171 95
252 172 96
252 172 96
252 172 96
252 173 96
252 173 96
252 173 96
252 173 96
253 174 97
253 174 97
253 174 97
253 174 97
253 175 98
253 175 98
253 175 98
253 175 98
253 176 98
253 176 99
253 176 99
253 176 99
253 177 99
253 177 99
253 177 100
253 177 100
253 178 100
253 178 100
253 178 100
253 178 101
253 179 101
253 179 101
253 179 101
253 179 101
253 180 102
253 180 102
253 180 102
253 180 102
253 181 102
253 181 103
253 181 103
253 181 103
253 182 103
253 182 103
253 182 104
253 182 104
253 183 104
253 183 104
253 183 104
253 183 105
253 183 105
253 184 105
253 184 105
253 184 106
253 184 106
253 185 106
253 185 106
253 185 106
253 185 107
253 186 107
253 186 107
253 186 107
253 186 107
253 187 108
253 187 108
253 187 108
253 187 108
253 188 108
253 188 109
253 188 109
253 188 109
253 189 109
253 189 109
253 189 110
253 189 110
253 190 110
253 190 110
253 190 110
253 190 111
253 191 111
253 191 111
253 191 111
253 191 111
253 192 112
253 192 112
253 192 112
253 192 112
253 193 112
253 193 113
253 193 113
253 193 113
253 194 113
253 194 114
253 194 114
253 194 114
253 194 114
253 195 114
253 195 115
253 195 115
253 195 115
253 196 115
253 196 115
253 196 116
253 196 116
253 197 116
253 197 116
253 197 116
253 197 117
253 198 117
253 198 117
253 198 117
253 198 117
253 199 118
253 199 118
253 199 118
253 199 118
253 200 118
253 200 119
253 200 119
253 200 119
253 201 119
253 201 119
253 201 120
253 201 120
253 202 120
253 202 120
253 202 120
253 202 121
253 203 121
253 203 121
253 203 121
253 203 122
253 204 122
253 204 122
253 204 122
253 204 122
253 204 123
253 205 123
253 205 123
253 205 123
253 205 123
253 206 124
253 206 124
253 206 124
253 206 124
253 207 124
253 207 125
253 207 125
253 207 125
253 208 125
253 208 125
253 208 126
253 208 126
253 209 126
253 209 126
253 209 126
253 209 127
253 210 127
253 210 127
253 210 127
253 210 127
253 211 128
253 211 128
253 211 128
253 211 128
253 212 128
253 212 129
253 212 129
253 212 129
253 213 129
253 213 130
253 213 130
253 213 130
253 214 130
253 214 130
253 214 131
253 214 131
253 215 131
253 215 131
253 215 131
253 215 132
253 215 132
253 216 132
253 216 132
253 216 132
253 216 133
253 217 133
253 217 133
253 217 133
253 217 133
253 218 134
253 218 134
253 218 134
253 218 134
253 219 134
253 219 135
253 219 135
253 219 135
253 220 135
253 220 135
253 220 136
253 220 136
253 221 136
253 221 136
253 221 136
253 221 137
253 222 137
253 222 137
253 222 137
253 222 138
253 223 138
253 223 138
253 223 138
253 223 138
254 224 139
254 224 139
254 224 139
254 224 139
254 224 140
254 224 140
254 224 140
254 225 140
254 225 141
254 225 141
254 225 141
254 225 141
254 225 142
254 225 142
254 226 142
254 226 142
254 226 143
254 226 143
254 226 143
254 226 143
254 227 144
254 227 144
254 227 144
254 227 144
254 227 145
254 227 145
254 227 145
254 228 145
254 228 146
254 228 146
254 228 146
254 228 146
254 228 147
254 229 147
254 229 147
254 229 147
254 229 148
254 229 148
254 229 148
254 229 148
254 230 149
254 230 149
254 230 149
254 230 149
254 230 150
254 230 150
254 230 150
254 231 150
254 231 151
254 231 151
254 231 151
254 231 152
254 231 152
254 232 152
254 232 152
254 232 153
254 232 153
254 232 153
254 232 153
254 232 154
254 233 154
254 233 154
254 233 154
254 233 155
254 233 155
254 233 155
254 234 155
254 234 156
254 234 156
254 234 156
254 234 156
254 234 157
254 234 157
254 235 157
254 235 157
254 235 158
254 235 158
254 235 158
254 235 158
254 235 159
254 236 159
254 236 159
254 236 159
254 236 160
254 236 160
254 236 160
254 237 160
254 237 161
254 237 161
254 237 161
254 237 161
254 237 162
254 237 162
254 238 162
254 238 162
254 238 163
254 238 163
254 238 163
254 238 163
254 239 164
254 239 164
254 239 164
254 239 164
254 239 165
254 239 165
254 239 165
254 240 165
254 240 166
254 240 166
254 240 166
254 240 166
254 240 167
254 240 167
254 241 167
254 241 168
254 241 168
254 241 168
254 241 168
254 241 169
254 242 169
254 242 169
254 242 169
254 242 170
254 242 170
254 242 170
254 242 170
254 243 171
254 243 171
254 243 171
254 243 171
254 243 172
254 243 172
254 244 172
254 244 172
254 244 173
254 244 173
254 244 173
254 244 173
254 244 174
254 245 174
254 245 174
254 245 174
254 245 175
254 245 175
254 245 175
254 245 175
254 246 176
254 246 176
254 246 176
254 246 176
254 246 177
254 246 177
254 247 177
254 247 177
254 247 178
254 247 178
254 247 178
254 247 178
254 247 179
254 248 179
254 248 179
254 248 179
254 248 180
254 248 180
254 248 180
254 249 180
254 249 181
254 249 181
254 249 181
254 249 181
254 249 182
254 249 182
254 250 182
254 250 182
254 250 183
254 250 183
254 250 183
254 250 184
254 250 184
254 251 184
254 251 184
254 251 185
254 251 185
254 251 185
254 251 185
254 252 186
254 252 186
254 252 186
254 252 186
254 252 187
254 252 187
254 252 187
254 253 187
254 253 188
254 253 188
254 253 188
254 253 188
254 253 189
254 254 189
254 254 189
254 254 189
254 254 190
254 254 190
254 254 190
254 254 190
254 254 190
254 254 190
254 254 190
254 254 190
254 254 189
253 254 189
253 254 189
253 254 189
253 254 188
253 254 188
253 254 188
252 254 188
252 254 187
252 253 187
252 253 187
252 253 187
251 253 186
251 253 186
251 253 186
251 253 186
251 253 185
251 253 185
250 253 185
250 253 185
250 253 184
250 253 184
250 252 184
249 252 184
249 252 183
249 252 183
249 252 183
249 252 182
248 252 182
248 252 182
248 252 182
248 252 181
248 252 181
248 252 181
247 251 181
247 251 180
247 251 180
247 251 180
247 251 180
246 251 179
246 251 179
246 251 179
246 251 179
246 251 178
245 251 178
245 251 178
245 251 178
245 250 177
245 250 177
245 250 177
244 250 177
244 250 176
244 250 176
244 250 176
244 250 176
243 250 175
243 250 175
243 250 175
243 250 175
243 250 174
243 249 174
242 249 174
242 249 174
242 249 173
242 249 173
242 249 173
241 249 173
241 249 172
241 249 172
241 249 172
241 249 172
240 249 171
240 249 171
240 248 171
240 248 171
240 248 170
240 248 170
239 248 170
239 248 170
239 248 169
239 248 169
239 248 169
238 248 169
238 248 168
238 248 168
238 248 168
238 247 168
238 247 167
237 247 167
237 247 167
237 247 166
237 247 166
237 247 166
236 247 166
236 247 165
236 247 165
236 247 165
236 247 165
235 246 164
235 246 164
235 246 164
235 246 164
235 246 163
235 246 163
234 246 163
234 246 163
234 246 162
234 246 162
234 246 162
233 246 162
233 246 161
233 245 161
233 245 161
233 245 161
233 245 160
232 245 160
232 245 160
232 245 160
232 245 159
232 245 159
231 245 159
231 245 159
231 245 158
231 245 158
231 244 158
230 244 158
230 244 157
230 244 157
230 244 157
230 244 157
230 244 156
229 244 156
229 244 156
229 244 156
229 244 155
229 244 155
228 244 155
228 243 155
228 243 154
228 243 154
228 243 154
227 243 154
227 243 153
227 243 153
227 243 153
227 243 153
227 243 152
226 243 152
226 243 152
226 243 152
226 242 151
226 242 151
225 242 151
225 242 150
225 242 150
225 242 150
225 242 150
225 242 149
224 242 149
224 242 149
224 242 149
224 242 148
224 241 148
223 241 148
223 241 148
223 241 147
223 241 147
223 241 147
222 241 147
222 241 146
222 241 146
222 241 146
222 241 146
222 241 145
221 241 145
221 240 145
221 240 145
221 240 144
221 240 144
220 240 144
220 240 144
220 240 143
220 240 143
220 240 143
220 240 143
219 240 142
219 240 142
219 240 142
219 239 142
219 239 141
218 239 141
218 239 141
218 239 141
218 239 140
218 239 140
217 239 140
217 239 140
217 239 139
217 239 139
217 239 139
217 239 139
216 238 138
216 238 138
216 238 138
216 238 138
215 238 138
215 238 138
215 238 137
215 238 137
214 238 137
214 237 137
214 237 137
214 237 137
213 237 136
213 237 136
213 237 136
213 237 136
212 237 136
212 237 136
212 236 135
212 236 135
211 236 135
211 236 135
211 236 135
211 236 135
210 236 135
210 236 134
210 236 134
210 236 134
209 235 134
209 235 134
209 235 134
209 235 133
208 235 133
208 235 133
208 235 133
208 235 133
207 235 133
207 234 132
207 234 132
207 234 132
206 234 132
206 234 132
206 234 132
206 234 131
205 234 131
205 234 131
205 233 131
205 233 131
204 233 131
204 233 130
204 233 130
204 233 130
203 233 130
203 233 130
203 233 130
203 233 130
202 232 129
202 232 129
202 232 129
202 232 129
201 232 129
201 232 129
201 232 128
201 232 128
200 232 128
200 231 128
200 231 128
200 231 128
199 231 127
199 231 127
199 231 127
199 231 127
198 231 127
198 231 127
198 230 126
198 230 126
197 230 126
197 230 126
197 230 126
197 230 126
196 230 125
196 230 125
196 230 125
196 229 125
195 229 125
195 229 125
195 229 125
195 229 124
194 229 124
194 229 124
194 229 124
194 229 124
193 229 124
193 228 123
193 228 123
193 228 123
192 228 123
192 228 123
192 228 123
192 228 122
191 228 122
191 228 122
191 227 122
191 227 122
190 227 122
190 227 121
190 227 121
190 227 121
189 227 121
189 227 121
189 227 121
189 226 120
188 226 120
188 226 120
188 226 120
188 226 120
187 226 120
187 226 120
187 226 119
187 226 119
186 226 119
186 225 119
186 225 119
186 225 119
185 225 118
185 225 118
185 225 118
185 225 118
184 225 118
184 225 118
184 224 117
184 224 117
183 224 117
183 224 117
183 224 117
183 224 117
182 224 116
182 224 116
182 224 116
182 223 116
181 223 116
181 223 116
181 223 115
181 223 115
180 223 115
180 223 115
180 223 115
180 223 115
179 223 115
179 222 114
179 222 114
179 222 114
178 222 114
178 222 114
178 222 114
178 222 113
177 222 113
177 222 113
177 221 113
177 221 113
176 221 113
176 221 112
176 221 112
176 221 112
175 221 112
175 221 112
175 221 112
175 220 111
174 220 111
174 220 111
174 220 111
174 220 111
173 220 111
173 220 110
173 220 110
173 220 110
172 219 110
172 219 110
172 219 110
172 219 110
171 219 109
171 219 109
171 219 109
171 219 109
170 219 109
170 219 109
170 218 108
170 218 108
169 218 108
169 218 108
169 218 108
169 218 108
168 218 107
168 218 107
168 218 107
168 217 107
167 217 107
167 217 107
167 217 106
167 217 106
166 217 106
166 217 106
166 217 106
166 217 106
165 216 105
165 216 105
165 216 105
165 216 105
164 216 105
164 216 105
164 216 105
163 216 105
163 215 105
163 215 105
162 215 105
162 215 105
162 215 105
161 215 105
161 215 105
161 214 105
160 214 105
160 214 105
160 214 105
160 214 105
159 214 105
159 214 105
159 213 105
158 213 105
158 213 105
158 213 105
157 213 105
157 213 105
157 213 105
156 213 105
156 212 104
156 212 104
155 212 104
155 212 104
155 212 104
155 212 104
154 212 104
154 211 104
154 211 104
153 211 104
153 211 104
153 211 104
152 211 104
152 211 104
152 210 104
151 210 104
151 210 104
151 210 104
150 210 104
150 210 104
150 210 104
150 210 104
149 209 104
149 209 104
149 209 104
148 209 104
148 209 104
148 209 104
147 209 104
147 208 103
147 208 103
146 208 103
146 208 103
146 208 103
145 208 103
145 208 103
145 207 103
145 207 103
144 207 103
144 207 103
144 207 103
143 207 103
143 207 103
143 207 103
142 206 103
142 206 103
142 206 103
141 206 103
141 206 103
141 206 103
140 206 103
140 205 103
140 205 103
140 205 103
139 205 103
139 205 103
139 205 103
138 205 103
138 204 102
138 204 102
137 204 102
137 204 102
137 204 102
136 204 102
136 204 102
136 203 102
135 203 102
135 203 102
135 203 102
135 203 102
134 203 102
134 203 102
134 203 102
133 202 102
133 202 102
133 202 102
132 202 102
132 202 102
132 202 102
131 202 102
131 201 102
131 201 102
130 201 102
130 201 102
130 201 102
130 201 102
129 201 102
129 200 101
129 200 101
128 200 101
128 200 101
128 200 101
127 200 101
127 200 101
127 200 101
126 199 101
126 199 101
126 199 101
125 199 101
125 199 101
125 199 101
125 199 101
124 198 101
124 198 101
124 198 101
123 198 101
123 198 101
123 198 101
122 198 101
122 197 101
122 197 101
121 197 101
121 197 101
121 197 101
120 197 101
120 197 101
120 197 101
120 196 100
119 196 100
119 196 100
119 196 100
118 196 100
118 196 100
118 196 100
117 195 100
117 195 100
117 195 100
116 195 100
116 195 100
116 195 100
115 195 100
115 194 100
115 194 100
115 194 100
114 194 100
114 194 100
114 194 100
113 194 100
113 194 100
113 193 100
112 193 100
112 193 100
112 193 100
111 193 100
111 193 100
111 193 100
110 192 99
110 192 99
110 192 99
110 192 99
109 192 99
109 192 99
109 192 99
108 191 99
108 191 99
108 191 99
107 191 99
107 191 99
107 191 99
106 191 99
106 190 99
106 190 99
105 190 99
105 190 99
105 190 99
105 190 99
104 190 99
104 190 99
104 189 99
103 189 99
103 189 99
103 189 99
102 189 99
102 189 99
102 189 99
101 188 98
101 188 98
101 188 98
100 188 98
100 188 98
99 188 98
99 187 98
99 187 98
98 187 98
98 187 98
98 187 98
97 186 97
97 186 97
97 186 97
96 186 97
96 186 97
95 186 97
95 185 97
95 185 97
94 185 97
94 185 97
94 185 97
93 184 96
93 184 96
92 184 96
92 184 96
92 184 96
91 184 96
91 183 96
91 183 96
90 183 96
90 183 96
89 183 95
89 182 95
89 182 95
88 182 95
88 182 95
88 182 95
87 182 95
87 181 95
87 181 95
86 181 95
86 181 95
85 181 94
85 180 94
85 180 94
84 180 94
84 180 94
84 180 94
83 180 94
83 179 94
82 179 94
82 179 94
82 179 94
81 179 93
81 178 93
81 178 93
80 178 93
80 178 93
79 178 93
79 178 93
79 177 93
78 177 93
78 177 93
78 177 93
77 177 92
77 176 92
76 176 92
76 176 92
76 176 92
75 176 92
75 176 92
75 175 92
74 175 92
74 175 92
74 175 92
73 175 91
73 175 91
72 174 91
72 174 91
72 174 91
71 174 91
71 174 91
71 173 91
70 173 91
70 173 91
69 173 90
69 173 90
69 173 90
68 172 90
68 172 90
68 172 90
67 172 90
67 172 90
66 171 90
66 171 90
66 171 90
65 171 89
65 171 89
65 171 89
64 170 89
64 170 89
63 170 89
63 170 89
63 170 89
62 169 89
62 169 89
62 169 89
61 169 88
61 169 88
61 169 88
60 168 88
60 168 88
59 168 88
59 168 88
59 168 88
58 167 88
58 167 88
58 167 88
57 167 87
57 167 87
56 167 87
56 166 87
56 166 87
55 166 87
55 166 87
55 166 87
54 165 87
54 165 87
53 165 86
53 165 86
53 165 86
52 165 86
52 164 86
52 164 86
51 164 86
51 164 86
50 164 86
50 163 86
50 163 86
49 163 85
49 163 85
49 163 85
48 163 85
48 162 85
48 162 85
47 162 85
47 162 85
46 162 85
46 161 85
46 161 85
45 161 84
45 161 84
45 161 84
44 161 84
44 160 84
43 160 84
43 160 84
43 160 84
42 160 84
42 160 84
42 159 84
41 159 83
41 159 83
40 159 83
40 159 83
40 158 83
39 158 83
39 158 83
39 158 83
38 158 83
38 158 83
37 157 82
37 157 82
37 157 82
36 157 82
36 157 82
36 156 82
35 156 82
35 156 82
35 156 82
34 156 82
34 156 82
33 155 81
33 155 81
33 155 81
32 155 81
32 155 81
32 154 81
31 154 81
31 154 81
30 154 81
30 154 81
30 154 81
29 153 80
29 153 80
29 153 80
28 153 80
28 153 80
27 152 80
27 152 80
27 152 80
26 152 80
26 152 80
26 152 80
25 151 79
25 151 79
25 151 79
25 151 79
25 150 79
25 150 79
25 150 79
25 150 79
24 149 78
24 149 78
24 149 78
24 149 78
24 149 78
24 148 78
24 148 78
24 148 78
23 148 77
23 147 77
23 147 77
23 147 77
23 147 77
23 146 77
23 146 77
22 146 77
22 146 76
22 145 76
22 145 76
22 145 76
22 145 76
22 145 76
22 144 76
21 144 76
21 144 76
21 144 75
21 143 75
21 143 75
21 143 75
21 143 75
21 142 75
20 142 75
20 142 75
20 142 74
20 141 74
20 141 74
20 141 74
20 141 74
20 141 74
19 140 74
19 140 74
19 140 73
19 140 73
19 139 73
19 139 73
19 139 73
19 139 73
18 138 73
18 138 73
18 138 72
18 138 72
18 138 72
18 137 72
18 137 72
18 137 72
17 137 72
17 136 72
17 136 71
17 136 71
17 136 71
17 135 71
17 135 71
17 135 71
16 135 71
16 134 71
16 134 70
16 134 70
16 134 70
16 134 70
16 133 70
16 133 70
15 133 70
15 133 70
15 132 70
15 132 69
15 132 69
15 132 69
15 131 69
14 131 69
14 131 69
14 131 69
14 130 69
14 130 68
14 130 68
14 130 68
14 130 68
13 129 68
13 129 68
13 129 68
13 129 68
13 128 67
13 128 67
13 128 67
13 128 67
12 127 67
12 127 67
12 127 67
12 127 67
12 126 66
12 126 66
12 126 66
12 126 66
11 126 66
11 125 66
11 125 66
11 125 66
11 125 65
11 124 65
11 124 65
11 124 65
10 124 65
10 123 65
10 123 65
10 123 65
10 123 65
10 122 64
10 122 64
10 122 64
9 122 64
9 122 64
9 121 64
9 121 64
9 121 64
9 121 63
9 120 63
9 120 63
8 120 63
8 120 63
8 119 63
8 119 63
8 119 63
8 119 62
8 119 62
8 118 62
7 118 62
7 118 62
7 118 62
7 117 62
7 117 62
7 117 61
7 117 61
6 116 61
6 116 61
6 116 61
6 116 61
6 115 61
6 115 61
6 115 60
6 115 60
5 115 60
5 114 60
5 114 60
5 114 60
5 114 60
5 113 60
5 113 60
5 113 59
4 113 59
4 112 59
4 112 59
4 112 59
4 112 59
4 111 59
4 111 59
4 111 58
3 111 58
3 111 58
3 110 58
3 110 58
3 110 58
3 110 58
3 109 58
3 109 57
2 109 57
2 109 57
2 108 57
2 108 57
2 108 57
2 108 57
2 107 57
2 107 56
1 107 56
1 107 56
1 107 56
1 106 56
1 106 56
1 106 56
1 106 56
1 105 55
0 105 55
0 105 55
0 105 55
0 104 55
0 104 55
0 104 55
0 104 55
0 104 55
