255 245 240
254 244 239
254 244 239
254 244 239
254 244 239
254 244 239
254 244 239
254 244 239
254 244 239
254 244 238
254 244 238
254 244 238
254 244 238
254 243 238
254 243 238
254 243 238
254 243 238
254 243 238
254 243 237
254 243 237
254 243 237
254 243 237
254 243 237
254 243 237
254 243 237
254 242 237
254 242 236
254 242 236
254 242 236
254 242 236
254 242 236
254 242 236
254 242 236
254 242 236
254 242 236
254 242 235
254 242 235
254 241 235
254 241 235
254 241 235
254 241 235
254 241 235
254 241 235
254 241 234
254 241 234
254 241 234
254 241 234
254 241 234
254 241 234
254 240 234
254 240 234
254 240 234
254 240 233
254 240 233
254 240 233
254 240 233
254 240 233
254 240 233
254 240 233
254 240 233
254 240 232
254 239 232
254 239 232
254 239 232
254 239 232
254 239 232
254 239 232
254 239 232
254 239 232
254 239 231
254 239 231
254 239 231
254 239 231
254 239 231
254 238 231
254 238 231
254 238 231
254 238 230
254 238 230
254 238 230
254 238 230
254 238 230
254 238 230
254 238 230
254 238 230
254 238 230
254 237 229
254 237 229
254 237 229
254 237 229
254 237 229
254 237 229
254 237 229
254 237 229
254 237 228
254 237 228
254 237 228
254 237 228
254 236 228
254 236 228
254 236 228
254 236 228
254 236 228
254 236 227
254 236 227
254 236 227
254 236 227
254 236 227
254 236 227
254 236 227
254 235 227
254 235 226
254 235 226
254 235 226
254 235 226
254 235 226
254 235 226
254 235 226
254 235 226
254 235 226
254 235 225
254 235 225
254 234 225
254 234 225
254 234 225
254 234 225
254 234 225
254 234 225
254 234 224
254 234 224
254 234 224
254 234 224
254 234 224
254 234 224
254 234 224
254 233 224
254 233 224
254 233 223
254 233 223
254 233 223
254 233 223
254 233 223
254 233 223
254 233 223
254 233 223
254 233 222
254 233 222
254 232 222
254 232 222
254 232 222
254 232 222
254 232 222
254 232 222
254 232 222
254 232 221
254 232 221
254 232 221
254 232 221
254 232 221
254 231 221
254 231 221
254 231 221
254 231 221
254 231 220
254 231 220
254 231 220
254 231 220
254 231 220
254 231 220
254 231 220
254 231 220
254 230 219
254 230 219
254 230 219
254 230 219
254 230 219
254 230 219
254 230 219
254 230 219
254 230 219
254 230 218
254 230 218
254 230 218
254 229 218
254 229 218
254 229 218
254 229 218
254 229 218
254 229 217
254 229 217
254 229 217
254 229 217
254 229 217
254 229 217
254 229 217
254 228 217
254 228 217
254 228 216
254 228 216
254 228 216
254 228 216
254 228 216
254 228 216
254 228 216
254 228 216
254 228 215
254 228 215
254 228 215
254 227 215
254 227 215
254 227 215
254 227 215
254 227 215
254 227 215
254 227 214
254 227 214
254 227 214
254 227 214
254 227 214
254 227 214
254 226 214
254 226 214
254 226 213
254 226 213
254 226 213
254 226 213
254 226 213
254 226 213
254 226 213
254 226 213
254 226 213
254 226 212
254 225 212
254 225 212
254 225 212
254 225 212
254 225 212
254 225 212
254 225 212
254 225 211
254 225 211
254 225 211
254 225 211
254 225 211
254 224 211
254 224 211
254 224 211
254 224 211
254 224 210
254 224 210
254 224 210
254 224 210
254 224 210
254 224 210
254 224 210
254 224 210
253 223 209
253 223 209
253 223 209
253 223 209
253 223 209
253 223 209
253 223 208
253 222 208
253 222 208
253 222 208
253 222 208
253 222 207
253 222 207
253 222 207
253 221 207
253 221 207
253 221 206
253 221 206
253 221 206
253 221 206
253 221 206
253 220 205
253 220 205
253 220 205
253 220 205
253 220 205
253 220 204
253 220 204
253 219 204
253 219 204
253 219 204
253 219 204
253 219 203
253 219 203
253 219 203
253 218 203
253 218 203
253 218 202
253 218 202
253 218 202
253 218 202
253 218 202
253 217 201
253 217 201
253 217 201
253 217 201
253 217 201
253 217 200
253 217 200
253 216 200
253 216 200
253 216 200
253 216 200
253 216 199
253 216 199
253 216 199
253 215 199
253 215 199
253 215 198
253 215 198
253 215 198
253 215 198
253 215 198
253 214 197
253 214 197
253 214 197
253 214 197
253 214 197
253 214 196
253 214 196
253 213 196
253 213 196
253 213 196
253 213 195
253 213 195
253 213 195
253 212 195
253 212 195
253 212 195
253 212 194
253 212 194
253 212 194
253 212 194
253 211 194
253 211 193
253 211 193
253 211 193
253 211 193
253 211 193
253 211 192
253 210 192
253 210 192
253 210 192
253 210 192
253 210 191
253 210 191
253 210 191
253 209 191
253 209 191
253 209 191
253 209 190
253 209 190
253 209 190
253 209 190
253 208 190
253 208 189
253 208 189
253 208 189
253 208 189
253 208 189
253 208 188
253 207 188
253 207 188
253 207 188
253 207 188
253 207 187
253 207 187
253 207 187
253 206 187
253 206 187
253 206 186
253 206 186
253 206 186
253 206 186
253 206 186
253 205 186
253 205 185
253 205 185
252 205 185
252 205 185
252 205 185
252 205 184
252 204 184
252 204 184
252 204 184
252 204 184
252 204 183
252 204 183
252 204 183
252 203 183
252 203 183
252 203 182
252 203 182
252 203 182
252 203 182
252 203 182
252 202 182
252 202 181
252 202 181
252 202 181
252 202 181
252 202 181
252 202 180
252 201 180
252 201 180
252 201 180
252 201 180
252 201 179
252 201 179
252 200 179
252 200 179
252 200 179
252 200 178
252 200 178
252 200 178
252 200 178
252 199 178
252 199 177
252 199 177
252 199 177
252 199 177
252 199 177
252 199 177
252 198 176
252 198 176
252 198 176
252 198 176
252 198 176
252 198 175
252 198 175
252 197 175
252 197 175
252 197 175
252 197 174
252 197 174
252 197 174
252 197 174
252 196 174
252 196 173
252 196 173
252 196 173
252 196 173
252 196 173
252 196 173
252 195 172
252 195 172
252 195 172
252 195 172
252 195 172
252 195 171
252 195 171
252 194 171
252 194 171
252 194 171
252 194 170
252 194 170
252 194 170
252 194 170
252 193 170
252 193 169
252 193 169
252 193 169
252 193 169
252 193 169
252 193 168
252 192 168
252 192 168
252 192 168
252 192 168
252 192 168
252 192 167
252 192 167
252 191 167
252 191 167
252 191 167
252 191 166
252 191 166
252 191 166
252 191 166
252 190 166
252 190 165
252 190 165
252 190 165
252 190 165
252 190 165
252 190 164
252 189 164
252 189 164
252 189 164
252 189 164
252 189 164
252 189 163
252 188 163
252 188 163
252 188 163
252 188 163
252 188 162
252 188 162
252 188 162
252 187 162
252 187 162
252 187 161
252 187 161
252 187 161
252 187 161
252 187 161
252 186 160
252 186 160
252 186 160
252 186 160
252 186 160
252 186 160
252 185 159
252 185 159
252 185 159
252 185 159
252 185 159
252 185 158
252 185 158
252 184 158
252 184 158
252 184 158
252 184 158
252 184 157
252 184 157
252 183 157
252 183 157
252 183 157
252 183 156
252 183 156
252 183 156
252 182 156
252 182 156
252 182 155
252 182 155
252 182 155
252 182 155
252 181 155
252 181 155
252 181 154
252 181 154
252 181 154
252 181 154
252 181 154
252 180 153
252 180 153
252 180 153
252 180 153
252 180 153
252 180 153
252 179 152
252 179 152
252 179 152
252 179 152
252 179 152
252 179 151
252 178 151
252 178 151
252 178 151
252 178 151
252 178 151
252 178 150
252 177 150
252 177 150
252 177 150
252 177 150
252 177 149
252 177 149
252 177 149
252 176 149
252 176 149
252 176 149
252 176 148
252 176 148
252 176 148
252 175 148
252 175 148
252 175 147
252 175 147
252 175 147
252 175 147
252 174 147
252 174 146
252 174 146
252 174 146
252 174 146
252 174 146
252 173 146
252 173 145
252 173 145
252 173 145
252 173 145
252 173 145
252 173 144
252 172 144
252 172 144
252 172 144
252 172 144
252 172 144
252 172 143
252 171 143
252 171 143
252 171 143
252 171 143
252 171 142
252 171 142
252 170 142
252 170 142
252 170 142
252 170 142
252 170 141
252 170 141
252 169 141
252 169 141
252 169 141
252 169 140
252 169 140
252 169 140
252 169 140
252 168 140
252 168 140
252 168 139
252 168 139
252 168 139
252 168 139
252 167 139
252 167 138
252 167 138
252 167 138
252 167 138
252 167 138
252 166 137
252 166 137
252 166 137
252 166 137
252 166 137
252 166 137
252 165 136
252 165 136
252 165 136
252 165 136
252 165 136
252 165 135
252 165 135
252 164 135
252 164 135
252 164 135
252 164 135
252 164 134
252 164 134
252 163 134
252 163 134
252 163 134
252 163 133
252 163 133
252 163 133
252 162 133
252 162 133
252 162 133
252 162 132
252 162 132
252 162 132
252 161 132
252 161 132
252 161 131
252 161 131
252 161 131
252 161 131
252 161 131
252 160 131
252 160 130
252 160 130
252 160 130
252 160 130
252 160 130
252 159 129
252 159 129
252 159 129
252 159 129
252 159 129
252 159 128
252 158 128
252 158 128
252 158 128
252 158 128
252 158 128
252 158 127
252 157 127
252 157 127
252 157 127
252 157 127
252 157 126
252 157 126
252 156 126
252 156 126
252 156 126
252 156 126
252 156 125
252 156 125
252 156 125
252 155 125
252 155 125
252 155 124
252 155 124
252 155 124
252 155 124
252 154 124
252 154 124
252 154 123
252 154 123
252 154 123
252 154 123
252 153 123
252 153 122
252 153 122
252 153 122
252 153 122
252 153 122
252 152 122
252 152 121
252 152 121
252 152 121
252 152 121
252 152 121
252 152 120
252 151 120
252 151 120
252 151 120
252 151 120
252 151 119
252 151 119
252 150 119
252 150 119
252 150 119
252 150 119
252 150 118
252 150 118
252 149 118
252 149 118
252 149 118
252 149 117
252 149 117
252 149 117
252 148 117
252 148 117
252 148 117
252 148 116
252 148 116
252 148 116
252 148 116
252 147 116
252 147 115
252 147 115
252 147 115
252 147 115
252 147 115
252 146 115
252 146 114
252 146 114
252 146 114
252 146 114
252 146 114
251 145 113
251 145 113
251 145 113
251 145 113
251 145 113
251 145 113
251 145 113
251 144 112
251 144 112
251 144 112
251 144 112
251 144 112
251 144 112
251 143 111
251 143 111
251 143 111
251 143 111
251 143 111
251 143 111
251 142 110
251 142 110
251 142 110
251 142 110
251 142 110
251 142 110
251 142 110
251 141 109
251 141 109
251 141 109
251 141 109
251 141 109
251 141 109
251 140 108
251 140 108
251 140 108
251 140 108
251 140 108
251 140 108
251 140 108
251 139 107
251 139 107
251 139 107
251 139 107
251 139 107
251 139 107
251 138 106
251 138 106
251 138 106
251 138 106
251 138 106
251 138 106
251 137 105
251 137 105
251 137 105
251 137 105
251 137 105
251 137 105
251 137 105
251 136 104
251 136 104
251 136 104
251 136 104
251 136 104
251 136 104
251 135 103
251 135 103
251 135 103
251 135 103
251 135 103
251 135 103
251 134 102
251 134 102
251 134 102
251 134 102
251 134 102
251 134 102
251 134 102
251 133 101
251 133 101
251 133 101
251 133 101
251 133 101
251 133 101
251 132 100
251 132 100
251 132 100
251 132 100
251 132 100
251 132 100
251 132 100
251 131 99
251 131 99
251 131 99
251 131 99
251 131 99
251 131 99
251 130 98
251 130 98
251 130 98
251 130 98
251 130 98
251 130 98
251 129 97
251 129 97
251 129 97
251 129 97
251 129 97
251 129 97
251 129 97
251 128 96
251 128 96
251 128 96
251 128 96
251 128 96
251 128 96
251 127 95
251 127 95
251 127 95
251 127 95
251 127 95
251 127 95
251 127 95
251 126 94
251 126 94
251 126 94
251 126 94
251 126 94
251 126 94
251 125 93
251 125 93
251 125 93
251 125 93
251 125 93
251 125 93
251 124 92
251 124 92
251 124 92
251 124 92
251 124 92
251 124 92
251 124 92
251 123 91
251 123 91
251 123 91
251 123 91
251 123 91
251 123 91
251 122 90
251 122 90
251 122 90
251 122 90
251 122 90
251 122 90
251 122 90
251 121 89
251 121 89
251 121 89
251 121 89
251 121 89
251 121 89
251 120 88
251 120 88
251 120 88
251 120 88
251 120 88
251 120 88
251 119 87
251 119 87
251 119 87
251 119 87
251 119 87
251 119 87
251 119 87
251 118 86
251 118 86
251 118 86
251 118 86
251 118 86
251 118 86
251 117 85
251 117 85
251 117 85
251 117 85
251 117 85
251 117 85
251 117 85
251 116 84
251 116 84
251 116 84
251 116 84
251 116 84
251 116 84
251 115 83
251 115 83
251 115 83
251 115 83
251 115 83
251 115 83
251 114 82
251 114 82
251 114 82
251 114 82
251 114 82
251 114 82
251 114 82
251 113 81
251 113 81
251 113 81
251 113 81
251 113 81
251 113 81
251 112 80
251 112 80
251 112 80
251 112 80
251 112 80
251 112 80
251 112 80
251 111 79
251 111 79
251 111 79
251 111 79
251 111 79
251 111 79
251 110 78
251 110 78
251 110 78
251 110 78
251 110 78
251 110 78
251 109 77
251 109 77
251 109 77
251 109 77
251 109 77
251 109 77
251 109 77
251 108 76
251 108 76
251 108 76
251 108 76
251 108 76
251 108 76
251 107 75
251 107 75
251 107 75
251 107 75
251 107 75
251 107 75
251 107 75
251 106 74
251 106 74
251 106 74
251 106 74
251 106 74
251 106 74
250 105 73
250 105 73
250 105 73
250 105 73
250 105 73
250 104 73
250 104 73
250 104 73
250 104 73
250 104 72
250 104 72
250 103 72
250 103 72
250 103 72
250 103 72
250 103 72
250 102 72
250 102 71
250 102 71
250 102 71
250 102 71
249 102 71
249 101 71
249 101 71
249 101 71
249 101 71
249 101 70
249 100 70
249 100 70
249 100 70
249 100 70
249 100 70
249 100 70
249 99 70
249 99 69
249 99 69
249 99 69
249 99 69
249 98 69
249 98 69
249 98 69
249 98 69
249 98 69
248 98 68
248 97 68
248 97 68
248 97 68
248 97 68
248 97 68
248 96 68
248 96 68
248 96 67
248 96 67
248 96 67
248 95 67
248 95 67
248 95 67
248 95 67
248 95 67
248 95 67
248 94 66
248 94 66
248 94 66
248 94 66
247 94 66
247 93 66
247 93 66
247 93 66
247 93 65
247 93 65
247 93 65
247 92 65
247 92 65
247 92 65
247 92 65
247 92 65
247 91 65
247 91 64
247 91 64
247 91 64
247 91 64
247 91 64
247 90 64
247 90 64
247 90 64
246 90 63
246 90 63
246 89 63
246 89 63
246 89 63
246 89 63
246 89 63
246 89 63
246 88 63
246 88 62
246 88 62
246 88 62
246 88 62
246 87 62
246 87 62
246 87 62
246 87 62
246 87 61
246 86 61
246 86 61
246 86 61
246 86 61
245 86 61
245 86 61
245 85 61
245 85 61
245 85 60
245 85 60
245 85 60
245 84 60
245 84 60
245 84 60
245 84 60
245 84 60
245 84 59
245 83 59
245 83 59
245 83 59
245 83 59
245 83 59
245 82 59
245 82 59
245 82 59
244 82 58
244 82 58
244 82 58
244 81 58
244 81 58
244 81 58
244 81 58
244 81 58
244 80 57
244 80 57
244 80 57
244 80 57
244 80 57
244 80 57
244 79 57
244 79 57
244 79 57
244 79 56
244 79 56
244 78 56
244 78 56
243 78 56
243 78 56
243 78 56
243 77 56
243 77 56
243 77 55
243 77 55
243 77 55
243 77 55
243 76 55
243 76 55
243 76 55
243 76 55
243 76 54
243 75 54
243 75 54
243 75 54
243 75 54
243 75 54
243 75 54
243 74 54
243 74 54
242 74 53
242 74 53
242 74 53
242 73 53
242 73 53
242 73 53
242 73 53
242 73 53
242 73 52
242 72 52
242 72 52
242 72 52
242 72 52
242 72 52
242 71 52
242 71 52
242 71 52
242 71 51
242 71 51
242 71 51
242 70 51
241 70 51
241 70 51
241 70 51
241 70 51
241 69 50
241 69 50
241 69 50
241 69 50
241 69 50
241 68 50
241 68 50
241 68 50
241 68 50
241 68 49
241 68 49
241 67 49
241 67 49
241 67 49
241 67 49
241 67 49
241 66 49
240 66 48
240 66 48
240 66 48
240 66 48
240 66 48
240 65 48
240 65 48
240 65 48
240 65 48
240 65 47
240 64 47
240 64 47
240 64 47
240 64 47
240 64 47
240 64 47
240 63 47
240 63 46
240 63 46
240 63 46
240 63 46
240 62 46
239 62 46
239 62 46
239 62 46
239 62 46
239 62 45
239 61 45
239 61 45
239 61 45
239 61 45
239 61 45
239 60 45
239 60 45
239 60 44
239 60 44
239 60 44
239 59 44
239 59 44
239 59 44
239 59 44
239 59 44
239 59 44
238 58 43
238 58 43
238 58 43
238 58 43
238 58 43
238 58 43
238 58 43
237 57 43
237 57 43
237 57 43
237 57 43
237 57 43
237 57 43
237 57 43
236 56 43
236 56 43
236 56 43
236 56 42
236 56 42
236 56 42
236 56 42
235 56 42
235 55 42
235 55 42
235 55 42
235 55 42
235 55 42
235 55 42
234 55 42
234 54 42
234 54 42
234 54 42
234 54 42
234 54 42
234 54 41
233 54 41
233 53 41
233 53 41
233 53 41
233 53 41
233 53 41
233 53 41
233 53 41
232 53 41
232 52 41
232 52 41
232 52 41
232 52 41
232 52 41
232 52 41
231 52 41
231 51 40
231 51 40
231 51 40
231 51 40
231 51 40
231 51 40
230 51 40
230 50 40
230 50 40
230 50 40
230 50 40
230 50 40
230 50 40
229 50 40
229 50 40
229 49 40
229 49 40
229 49 39
229 49 39
229 49 39
228 49 39
228 49 39
228 48 39
228 48 39
228 48 39
228 48 39
228 48 39
227 48 39
227 48 39
227 47 39
227 47 39
227 47 39
227 47 39
227 47 39
226 47 38
226 47 38
226 47 38
226 46 38
226 46 38
226 46 38
226 46 38
225 46 38
225 46 38
225 46 38
225 45 38
225 45 38
225 45 38
225 45 38
224 45 38
224 45 38
224 45 38
224 44 37
224 44 37
224 44 37
224 44 37
223 44 37
223 44 37
223 44 37
223 44 37
223 43 37
223 43 37
223 43 37
223 43 37
222 43 37
222 43 37
222 43 37
222 42 37
222 42 37
222 42 36
222 42 36
221 42 36
221 42 36
221 42 36
221 41 36
221 41 36
221 41 36
221 41 36
220 41 36
220 41 36
220 41 36
220 40 36
220 40 36
220 40 36
220 40 36
219 40 36
219 40 35
219 40 35
219 40 35
219 39 35
219 39 35
219 39 35
218 39 35
218 39 35
218 39 35
218 39 35
218 38 35
218 38 35
218 38 35
217 38 35
217 38 35
217 38 35
217 38 35
217 37 34
217 37 34
217 37 34
216 37 34
216 37 34
216 37 34
216 37 34
216 37 34
216 36 34
216 36 34
215 36 34
215 36 34
215 36 34
215 36 34
215 36 34
215 35 34
215 35 34
214 35 33
214 35 33
214 35 33
214 35 33
214 35 33
214 34 33
214 34 33
214 34 33
213 34 33
213 34 33
213 34 33
213 34 33
213 34 33
213 33 33
213 33 33
212 33 33
212 33 33
212 33 33
212 33 32
212 33 32
212 32 32
212 32 32
211 32 32
211 32 32
211 32 32
211 32 32
211 32 32
211 31 32
211 31 32
210 31 32
210 31 32
210 31 32
210 31 32
210 31 32
210 31 32
210 30 31
209 30 31
209 30 31
209 30 31
209 30 31
209 30 31
209 30 31
209 29 31
208 29 31
208 29 31
208 29 31
208 29 31
208 29 31
208 29 31
208 28 31
207 28 31
207 28 31
207 28 30
207 28 30
207 28 30
207 28 30
207 28 30
206 27 30
206 27 30
206 27 30
206 27 30
206 27 30
206 27 30
206 27 30
205 26 30
205 26 30
205 26 30
205 26 30
205 26 30
205 26 29
205 26 29
205 25 29
204 25 29
204 25 29
204 25 29
204 25 29
204 25 29
204 25 29
204 24 29
203 24 29
203 24 29
203 24 29
203 24 29
203 24 29
203 24 29
203 24 29
202 23 28
202 23 28
202 23 28
202 23 28
202 23 28
202 23 28
201 23 28
201 23 28
201 23 28
201 23 28
201 23 28
201 23 28
201 23 28
200 23 28
200 23 28
200 23 28
200 23 28
200 23 28
200 23 28
200 23 28
199 23 28
199 23 28
199 23 28
199 23 28
199 23 28
199 23 28
199 23 28
198 23 28
198 22 28
198 22 28
198 22 28
198 22 28
198 22 27
197 22 27
197 22 27
197 22 27
197 22 27
197 22 27
197 22 27
197 22 27
196 22 27
196 22 27
196 22 27
196 22 27
196 22 27
196 22 27
196 22 27
195 22 27
195 22 27
195 22 27
195 22 27
195 22 27
195 22 27
195 22 27
194 22 27
194 22 27
194 22 27
194 21 27
194 21 27
194 21 27
193 21 27
193 21 27
193 21 27
193 21 27
193 21 26
193 21 26
193 21 26
192 21 26
192 21 26
192 21 26
192 21 26
192 21 26
192 21 26
192 21 26
191 21 26
191 21 26
191 21 26
191 21 26
191 21 26
191 21 26
191 21 26
190 21 26
190 21 26
190 21 26
190 21 26
190 20 26
190 20 26
189 20 26
189 20 26
189 20 26
189 20 26
189 20 26
189 20 26
189 20 26
188 20 26
188 20 26
188 20 25
188 20 25
188 20 25
188 20 25
188 20 25
187 20 25
187 20 25
187 20 25
187 20 25
187 20 25
187 20 25
186 20 25
186 20 25
186 20 25
186 20 25
186 20 25
186 20 25
186 19 25
185 19 25
185 19 25
185 19 25
185 19 25
185 19 25
185 19 25
185 19 25
184 19 25
184 19 25
184 19 25
184 19 25
184 19 25
184 19 25
184 19 25
183 19 24
183 19 24
183 19 24
183 19 24
183 19 24
183 19 24
182 19 24
182 19 24
182 19 24
182 19 24
182 19 24
182 19 24
182 19 24
181 19 24
181 18 24
181 18 24
181 18 24
181 18 24
181 18 24
181 18 24
180 18 24
180 18 24
180 18 24
180 18 24
180 18 24
180 18 24
180 18 24
179 18 24
179 18 24
179 18 24
179 18 24
179 18 24
179 18 23
178 18 23
178 18 23
178 18 23
178 18 23
178 18 23
178 18 23
178 18 23
177 18 23
177 18 23
177 17 23
177 17 23
177 17 23
177 17 23
177 17 23
176 17 23
176 17 23
176 17 23
176 17 23
176 17 23
176 17 23
176 17 23
175 17 23
175 17 23
175 17 23
175 17 23
175 17 23
175 17 23
174 17 23
174 17 23
174 17 23
174 17 23
174 17 22
174 17 22
174 17 22
173 17 22
173 17 22
173 17 22
173 17 22
173 16 22
173 16 22
173 16 22
172 16 22
172 16 22
172 16 22
172 16 22
172 16 22
172 16 22
171 16 22
171 16 22
171 16 22
171 16 22
171 16 22
171 16 22
171 16 22
170 16 22
170 16 22
170 16 22
170 16 22
170 16 22
170 16 22
170 16 22
169 16 22
169 16 22
169 16 21
169 16 21
169 16 21
169 15 21
169 15 21
168 15 21
168 15 21
168 15 21
168 15 21
168 15 21
168 15 21
167 15 21
167 15 21
167 15 21
167 15 21
167 15 21
167 15 21
167 15 21
166 15 21
166 15 21
166 15 21
166 15 21
166 15 21
166 15 21
166 15 21
165 15 21
165 15 21
165 15 21
165 15 21
165 15 21
165 15 21
165 15 21
164 14 20
164 14 20
164 14 20
164 14 20
163 14 20
163 14 20
163 14 20
163 14 20
162 14 20
162 14 20
162 14 20
162 14 20
161 14 20
161 14 20
161 14 20
161 14 20
160 14 20
160 13 20
160 13 20
160 13 20
159 13 20
159 13 20
159 13 20
159 13 20
158 13 20
158 13 20
158 13 20
158 13 20
158 13 20
157 13 20
157 13 20
157 13 20
157 13 19
156 13 19
156 12 19
156 12 19
156 12 19
155 12 19
155 12 19
155 12 19
155 12 19
154 12 19
154 12 19
154 12 19
154 12 19
153 12 19
153 12 19
153 12 19
153 12 19
152 12 19
152 12 19
152 11 19
152 11 19
151 11 19
151 11 19
151 11 19
151 11 19
150 11 19
150 11 19
150 11 19
150 11 19
150 11 19
149 11 19
149 11 19
149 11 18
149 11 18
148 11 18
148 11 18
148 10 18
148 10 18
147 10 18
147 10 18
147 10 18
147 10 18
146 10 18
146 10 18
146 10 18
146 10 18
145 10 18
145 10 18
145 10 18
145 10 18
144 10 18
144 10 18
144 10 18
144 9 18
143 9 18
143 9 18
143 9 18
143 9 18
142 9 18
142 9 18
142 9 18
142 9 18
142 9 18
141 9 18
141 9 17
141 9 17
141 9 17
140 9 17
140 9 17
140 9 17
140 8 17
139 8 17
139 8 17
139 8 17
139 8 17
138 8 17
138 8 17
138 8 17
138 8 17
137 8 17
137 8 17
137 8 17
137 8 17
136 8 17
136 8 17
136 8 17
136 8 17
135 7 17
135 7 17
135 7 17
135 7 17
134 7 17
134 7 17
134 7 17
134 7 17
134 7 17
133 7 16
133 7 16
133 7 16
133 7 16
132 7 16
132 7 16
132 7 16
132 7 16
131 6 16
131 6 16
131 6 16
131 6 16
130 6 16
130 6 16
130 6 16
130 6 16
129 6 16
129 6 16
129 6 16
129 6 16
128 6 16
128 6 16
128 6 16
128 6 16
127 6 16
127 5 16
127 5 16
127 5 16
126 5 16
126 5 16
126 5 16
126 5 16
126 5 15
125 5 15
125 5 15
125 5 15
125 5 15
124 5 15
124 5 15
124 5 15
124 5 15
123 5 15
123 4 15
123 4 15
123 4 15
122 4 15
122 4 15
122 4 15
122 4 15
121 4 15
121 4 15
121 4 15
121 4 15
120 4 15
120 4 15
120 4 15
120 4 15
119 4 15
119 4 15
119 3 15
119 3 15
118 3 15
118 3 15
118 3 15
118 3 14
118 3 14
117 3 14
117 3 14
117 3 14
117 3 14
116 3 14
116 3 14
116 3 14
116 3 14
115 3 14
115 3 14
115 2 14
115 2 14
114 2 14
114 2 14
114 2 14
114 2 14
113 2 14
113 2 14
113 2 14
113 2 14
112 2 14
112 2 14
112 2 14
112 2 14
111 2 14
111 2 14
111 2 14
111 1 14
110 1 14
110 1 14
110 1 13
110 1 13
110 1 13
109 1 13
109 1 13
109 1 13
109 1 13
108 1 13
108 1 13
108 1 13
108 1 13
107 1 13
107 1 13
107 1 13
107 0 13
106 0 13
106 0 13
106 0 13
106 0 13
105 0 13
105 0 13
105 0 13
105 0 13
104 0 13
104 0 13
104 0 13
104 0 13
103 0 13
103 0 13
103 0 13
103 0 13
103 0 12
