0 0 68
0 0 69
0 0 69
0 0 69
0 0 70
0 0 70
0 0 70
0 0 71
0 0 71
0 0 71
0 0 71
0 0 72
0 0 72
0 0 72
0 0 73
0 0 73
0 0 73
0 0 74
0 0 74
0 0 74
0 0 75
0 0 75
0 0 75
0 0 76
0 0 76
0 0 76
0 0 77
0 0 77
0 0 77
0 0 77
0 0 78
0 0 78
0 0 78
0 0 79
0 0 79
0 0 79
0 0 80
0 0 80
0 0 80
0 0 81
0 0 81
0 0 81
0 0 82
0 0 82
0 0 82
0 0 82
0 0 83
0 0 83
0 0 83
0 0 84
0 0 84
0 0 84
0 0 85
0 0 85
0 0 85
0 0 86
0 0 86
0 0 86
0 0 87
0 0 87
0 0 87
0 0 87
0 0 88
0 0 88
0 0 88
0 0 89
0 0 89
0 0 89
0 0 90
0 0 90
0 0 90
0 0 91
0 0 91
0 0 91
0 0 92
0 0 92
0 0 92
0 0 93
0 0 93
0 0 93
0 0 93
0 0 94
0 0 94
0 0 94
0 0 95
0 0 95
0 0 95
0 0 96
0 0 96
0 0 96
0 0 97
0 0 97
0 0 97
0 0 98
0 0 98
0 0 98
0 0 98
0 0 99
0 0 99
0 0 99
0 0 100
0 0 100
0 0 100
0 0 101
0 0 101
0 0 101
0 0 102
0 0 102
0 0 102
0 0 103
0 0 103
0 0 103
0 0 104
0 0 104
0 0 104
0 0 104
0 0 105
0 0 105
0 0 105
0 0 106
0 0 106
0 0 106
0 0 107
0 0 107
0 0 107
0 0 108
0 0 108
0 0 108
0 0 109
0 0 109
0 0 109
0 0 109
0 0 110
0 0 110
0 0 110
0 0 111
0 0 111
0 0 111
0 0 112
0 0 112
0 0 112
0 0 113
0 0 113
0 0 113
0 0 114
0 0 114
0 0 114
0 0 114
0 0 115
0 0 115
0 0 115
0 0 116
0 0 116
0 0 116
0 0 117
0 0 117
0 0 117
0 0 118
0 0 118
0 0 118
0 0 119
0 0 119
0 0 119
0 0 120
0 0 120
0 0 120
0 0 120
0 0 121
0 0 121
0 0 121
0 0 122
0 0 122
0 0 122
0 0 123
0 0 123
0 0 123
0 0 124
0 0 124
0 0 124
0 0 125
0 0 125
0 0 125
0 0 125
0 0 126
0 0 126
0 0 126
0 0 127
0 0 127
0 0 127
0 0 128
0 0 128
0 0 128
0 0 129
0 0 129
0 0 129
0 0 130
0 0 130
0 0 130
0 0 131
0 0 131
0 0 131
0 0 131
0 0 132
0 0 132
0 0 132
0 0 133
0 0 133
0 0 133
0 0 134
0 0 134
0 0 134
0 0 135
0 0 135
0 0 135
0 0 136
0 0 136
0 0 136
0 0 136
0 0 137
0 0 137
0 0 137
0 0 138
0 0 138
0 0 138
0 0 139
0 0 139
0 0 139
0 0 140
0 0 140
0 0 140
0 0 141
0 0 141
0 0 141
0 0 141
0 0 142
0 0 142
0 0 142
0 0 143
0 0 143
0 0 143
0 0 144
0 0 144
0 0 144
0 0 145
0 0 145
0 0 145
0 0 146
0 0 146
0 0 146
0 0 147
0 0 147
0 0 147
0 0 147
0 0 148
0 0 148
0 0 148
0 0 149
0 0 149
0 0 149
0 0 150
0 0 150
0 0 150
0 0 151
0 0 151
0 0 151
0 0 152
0 0 152
0 0 152
0 0 152
0 0 153
0 0 153
0 0 153
0 0 154
0 0 154
0 0 154
0 0 155
0 0 155
0 0 155
0 0 156
0 0 156
0 0 156
0 0 157
0 0 157
0 0 157
0 0 158
0 0 158
0 0 158
0 0 158
0 0 159
0 0 159
0 0 159
0 0 160
0 0 160
0 0 160
0 0 161
0 0 161
0 0 161
0 0 162
0 0 162
0 0 162
0 0 163
0 0 163
0 0 163
0 0 163
0 0 164
0 0 164
0 0 164
0 0 165
0 0 165
0 0 165
0 0 166
0 0 166
0 0 166
0 0 167
0 0 167
0 0 167
0 0 168
0 0 168
0 0 168
0 0 168
0 0 169
0 0 169
0 0 169
0 0 170
0 0 170
0 0 170
0 0 171
0 0 171
0 0 171
0 0 172
0 0 172
0 0 172
0 0 173
0 0 173
0 0 173
0 0 174
0 0 174
0 0 174
0 0 174
0 0 175
0 0 175
0 0 175
0 0 176
0 0 176
0 0 176
0 0 177
0 0 177
0 0 177
0 0 178
0 0 178
0 0 178
0 0 179
0 0 179
0 0 179
0 0 179
0 0 180
0 0 180
0 0 180
0 0 181
0 0 181
0 0 181
0 0 182
0 0 182
0 0 182
0 0 183
0 0 183
0 0 183
0 0 184
0 0 184
0 0 184
0 0 185
0 0 185
0 0 185
0 0 185
0 0 186
0 0 186
0 0 186
0 0 187
0 0 187
0 0 187
0 0 188
0 0 188
0 0 188
0 0 189
0 0 189
0 0 189
0 0 190
0 0 190
0 0 190
0 0 190
0 0 191
0 0 191
0 0 191
0 0 192
0 0 192
0 0 192
0 0 193
0 0 193
0 0 193
0 0 194
0 0 194
0 0 194
0 0 195
0 0 195
0 0 195
0 0 195
0 0 196
0 0 196
0 0 196
0 0 197
0 0 197
0 0 197
0 0 198
0 0 198
0 0 198
0 0 199
0 0 199
0 0 199
0 0 200
0 0 200
0 0 200
0 0 201
0 0 201
0 0 201
0 0 201
0 0 202
0 0 202
0 0 202
0 0 203
0 0 203
0 0 203
0 0 204
0 0 204
0 0 204
0 0 205
0 0 205
0 0 205
0 0 206
0 0 206
0 0 206
0 0 206
0 0 207
0 0 207
0 0 207
0 0 208
0 0 208
0 0 208
0 0 209
0 0 209
0 0 209
0 0 210
0 0 210
0 0 210
0 0 211
0 0 211
0 0 211
0 0 211
0 0 212
0 0 212
0 0 212
0 0 213
0 0 213
0 0 213
0 0 214
0 0 214
0 0 214
0 0 215
0 0 215
0 0 215
0 0 216
0 0 216
0 0 216
0 0 217
0 0 217
0 0 217
0 0 217
0 0 218
0 0 218
0 0 218
0 0 219
0 0 219
0 0 219
0 0 220
0 0 220
0 0 220
0 0 221
0 0 221
0 0 221
0 0 222
0 0 222
0 0 222
0 0 222
0 0 223
0 0 223
0 0 223
0 0 224
0 0 224
0 0 224
0 0 225
0 0 225
0 0 225
0 0 226
0 0 226
0 0 226
0 0 227
0 0 227
0 0 227
0 0 228
0 0 228
0 0 228
0 0 228
0 0 229
0 0 229
0 0 229
1 1 229
1 1 229
2 1 229
2 2 229
3 2 229
3 3 229
4 3 229
4 4 229
5 4 229
5 5 229
6 5 229
6 5 229
7 6 229
7 6 229
8 7 229
8 7 229
9 8 229
9 8 229
10 9 229
10 9 229
11 9 229
11 10 229
12 10 229
12 11 229
13 11 229
13 12 229
14 12 229
14 13 229
15 13 229
15 14 229
16 14 229
16 14 229
17 15 229
17 15 229
18 16 229
18 16 229
19 17 229
19 17 229
20 18 229
20 18 229
21 18 229
21 19 229
22 19 229
22 20 229
23 20 229
23 21 229
24 21 229
24 22 229
25 22 229
25 22 229
26 23 229
26 23 229
27 24 229
27 24 229
28 25 229
28 25 229
29 26 229
29 26 229
30 27 229
30 27 229
31 27 229
31 28 229
32 28 229
32 29 229
33 29 229
33 30 229
34 30 229
34 31 229
35 31 229
35 31 229
36 32 229
36 32 229
36 33 229
37 33 229
37 34 229
38 34 229
38 35 229
39 35 229
39 35 229
40 36 229
40 36 229
41 37 229
41 37 229
42 38 229
42 38 229
43 39 229
43 39 229
44 40 229
44 40 229
45 40 229
45 41 229
46 41 229
46 42 229
47 42 229
47 43 229
48 43 229
48 44 229
49 44 229
49 44 229
50 45 229
50 45 229
51 46 229
51 46 229
52 47 229
52 47 229
53 48 229
53 48 229
54 48 229
54 49 229
55 49 229
55 50 229
56 50 229
56 51 229
57 51 229
57 52 229
58 52 229
58 53 229
59 53 229
59 53 229
60 54 229
60 54 229
61 55 229
61 55 229
62 56 229
62 56 229
63 57 229
63 57 229
64 57 229
64 58 229
65 58 229
65 59 229
66 59 229
66 60 229
67 60 229
67 61 229
68 61 229
68 61 229
69 62 229
69 62 229
70 63 229
70 63 229
71 64 229
71 64 229
72 65 229
72 65 229
73 66 229
73 66 229
74 66 229
74 67 229
75 67 229
75 68 229
76 68 229
76 69 229
77 69 229
77 70 229
78 70 229
78 70 229
79 71 229
79 71 229
80 72 229
80 72 229
81 73 229
81 73 229
82 74 229
82 74 229
83 75 229
83 75 229
84 75 229
84 76 229
85 76 229
85 77 229
86 77 229
86 78 229
87 78 229
87 79 229
88 79 229
88 79 229
89 80 229
89 80 229
90 81 229
90 81 229
91 82 229
91 82 229
92 83 229
92 83 229
93 83 229
93 84 229
94 84 229
94 85 229
95 85 229
95 86 229
96 86 229
96 87 229
97 87 229
97 88 229
98 88 229
98 88 229
99 89 229
99 89 229
100 90 229
100 90 229
101 91 229
101 91 229
102 92 229
102 92 229
103 92 229
103 93 229
104 93 229
104 94 229
105 94 229
105 95 229
106 95 229
106 96 229
107 96 229
107 96 229
108 97 229
108 97 229
109 98 229
109 98 229
110 99 229
110 99 229
111 100 229
111 100 229
112 101 229
112 101 229
113 101 229
113 102 229
114 102 229
114 103 229
115 103 229
115 104 229
116 104 229
116 105 229
117 105 229
117 105 229
118 106 229
118 106 229
119 107 229
119 107 229
120 108 229
120 108 229
121 109 229
121 109 229
122 109 229
122 110 229
123 110 229
123 111 229
124 111 229
124 112 229
125 112 229
125 113 229
126 113 229
126 114 229
127 114 229
127 114 229
128 115 229
128 115 229
129 116 229
129 116 229
130 117 229
130 117 229
131 118 229
131 118 229
132 118 229
132 119 229
133 119 229
133 120 229
134 120 229
134 121 229
135 121 229
135 122 229
136 122 229
136 122 229
137 123 229
137 123 229
138 124 229
138 124 229
139 125 229
139 125 229
140 126 229
140 126 229
141 127 229
141 127 229
142 127 229
142 128 229
143 128 229
143 129 229
144 129 229
144 130 229
145 130 229
145 131 229
146 131 229
146 131 229
147 132 229
147 132 229
148 133 229
148 133 229
149 134 229
149 134 229
150 135 229
150 135 229
151 135 229
151 136 229
152 136 229
152 137 229
153 137 229
153 138 229
154 138 229
154 139 229
155 139 229
155 140 229
156 140 229
156 140 229
157 141 229
157 141 229
158 142 229
158 142 229
159 143 229
159 143 229
160 144 229
160 144 229
161 144 229
161 145 229
162 145 229
162 146 229
163 146 229
163 147 229
164 147 229
164 148 229
165 148 229
165 149 229
166 149 229
166 149 229
167 150 229
167 150 229
168 151 229
168 151 229
169 152 229
169 152 229
170 153 229
170 153 229
171 153 229
171 154 229
172 154 229
172 155 229
173 155 229
173 156 229
174 156 229
174 157 229
175 157 229
175 157 229
176 158 229
176 158 229
177 159 229
177 159 229
178 160 229
178 160 229
179 161 229
179 161 229
180 162 229
180 162 229
181 162 229
181 163 229
182 163 229
182 164 229
182 164 229
183 165 229
183 165 229
184 166 229
184 166 229
185 166 229
185 167 229
186 167 229
186 168 229
187 168 229
187 169 229
188 169 229
188 170 229
189 170 229
189 170 229
190 171 229
190 171 229
191 172 229
191 172 229
192 173 229
192 173 229
193 174 229
193 174 229
194 175 229
194 175 229
195 175 229
195 176 229
196 176 229
196 177 229
197 177 229
197 178 229
198 178 229
198 179 229
199 179 229
199 179 229
200 180 229
200 180 229
201 181 229
201 181 229
202 182 229
202 182 229
203 183 229
203 183 229
204 183 229
204 184 229
205 184 229
205 185 229
206 185 229
206 186 229
207 186 229
207 187 229
208 187 229
208 188 229
209 188 229
209 188 229
210 189 229
210 189 229
211 190 229
211 190 229
212 191 229
212 191 229
213 192 229
213 192 229
214 192 229
214 193 229
215 193 229
215 194 229
216 194 229
216 195 229
217 195 229
217 196 229
218 196 229
218 196 229
219 197 229
219 197 229
220 198 229
220 198 229
221 199 229
221 199 229
222 200 229
222 200 229
223 201 229
223 201 229
224 201 229
224 202 229
225 202 229
225 203 229
226 203 229
226 204 229
227 204 229
227 205 229
228 205 229
228 205 229
229 206 229
229 206 229
230 207 229
230 207 229
231 208 229
231 208 229
232 209 229
232 209 229
233 209 229
233 210 229
234 210 229
234 211 229
235 211 229
235 212 229
236 212 229
236 213 229
237 213 229
237 214 229
238 214 229
238 214 229
239 215 229
239 215 229
240 216 229
240 216 229
241 217 229
241 217 229
242 218 229
242 218 229
243 218 229
243 219 229
244 219 229
244 220 229
245 220 229
245 221 229
246 221 229
246 222 229
247 222 229
247 222 229
248 223 229
248 223 229
249 224 229
249 224 229
250 225 229
250 225 229
251 226 229
251 226 229
252 227 229
252 227 229
253 227 229
253 228 229
254 228 229
254 229 229
255 229 229
255 228 228
255 228 228
255 227 227
255 227 227
255 227 227
255 226 226
255 226 226
255 225 225
255 225 225
255 224 224
255 224 224
255 223 223
255 223 223
255 222 222
255 222 222
255 222 222
255 221 221
255 221 221
255 220 220
255 220 220
255 219 219
255 219 219
255 218 218
255 218 218
255 218 218
255 217 217
255 217 217
255 216 216
255 216 216
255 215 215
255 215 215
255 214 214
255 214 214
255 214 214
255 213 213
255 213 213
255 212 212
255 212 212
255 211 211
255 211 211
255 210 210
255 210 210
255 209 209
255 209 209
255 209 209
255 208 208
255 208 208
255 207 207
255 207 207
255 206 206
255 206 206
255 205 205
255 205 205
255 205 205
255 204 204
255 204 204
255 203 203
255 203 203
255 202 202
255 202 202
255 201 201
255 201 201
255 201 201
255 200 200
255 200 200
255 199 199
255 199 199
255 198 198
255 198 198
255 197 197
255 197 197
255 196 196
255 196 196
255 196 196
255 195 195
255 195 195
255 194 194
255 194 194
255 193 193
255 193 193
255 192 192
255 192 192
255 192 192
255 191 191
255 191 191
255 190 190
255 190 190
255 189 189
255 189 189
255 188 188
255 188 188
255 188 188
255 187 187
255 187 187
255 186 186
255 186 186
255 185 185
255 185 185
255 184 184
255 184 184
255 183 183
255 183 183
255 183 183
255 182 182
255 182 182
255 181 181
255 181 181
255 180 180
255 180 180
255 179 179
255 179 179
255 179 179
255 178 178
255 178 178
255 177 177
255 177 177
255 176 176
255 176 176
255 175 175
255 175 175
255 175 175
255 174 174
255 174 174
255 173 173
255 173 173
255 172 172
255 172 172
255 171 171
255 171 171
255 170 170
255 170 170
255 170 170
255 169 169
255 169 169
255 168 168
255 168 168
255 167 167
255 167 167
255 166 166
255 166 166
255 166 166
255 165 165
255 165 165
255 164 164
255 164 164
255 163 163
255 163 163
255 162 162
255 162 162
255 162 162
255 161 161
255 161 161
255 160 160
255 160 160
255 159 159
255 159 159
255 158 158
255 158 158
255 157 157
255 157 157
255 157 157
255 156 156
255 156 156
255 155 155
255 155 155
255 154 154
255 154 154
255 153 153
255 153 153
255 153 153
255 152 152
255 152 152
255 151 151
255 151 151
255 150 150
255 150 150
255 149 149
255 149 149
255 149 149
255 148 148
255 148 148
255 147 147
255 147 147
255 146 146
255 146 146
255 145 145
255 145 145
255 144 144
255 144 144
255 144 144
255 143 143
255 143 143
255 142 142
255 142 142
255 141 141
255 141 141
255 140 140
255 140 140
255 140 140
255 139 139
255 139 139
255 138 138
255 138 138
255 137 137
255 137 137
255 136 136
255 136 136
255 135 135
255 135 135
255 135 135
255 134 134
255 134 134
255 133 133
255 133 133
255 132 132
255 132 132
255 131 131
255 131 131
255 131 131
255 130 130
255 130 130
255 129 129
255 129 129
255 128 128
255 128 128
255 127 127
255 127 127
255 127 127
255 126 126
255 126 126
255 125 125
255 125 125
255 124 124
255 124 124
255 123 123
255 123 123
255 122 122
255 122 122
255 122 122
255 121 121
255 121 121
255 120 120
255 120 120
255 119 119
255 119 119
255 118 118
255 118 118
255 118 118
255 117 117
255 117 117
255 116 116
255 116 116
255 115 115
255 115 115
255 114 114
255 114 114
255 114 114
255 113 113
255 113 113
255 112 112
255 112 112
255 111 111
255 111 111
255 110 110
255 110 110
255 109 109
255 109 109
255 109 109
255 108 108
255 108 108
255 107 107
255 107 107
255 106 106
255 106 106
255 105 105
255 105 105
255 105 105
255 104 104
255 104 104
255 103 103
255 103 103
255 102 102
255 102 102
255 101 101
255 101 101
255 101 101
255 100 100
255 100 100
255 99 99
255 99 99
255 98 98
255 98 98
255 97 97
255 97 97
255 96 96
255 96 96
255 96 96
255 95 95
255 95 95
255 94 94
255 94 94
255 93 93
255 93 93
255 92 92
255 92 92
255 92 92
255 91 91
255 91 91
255 90 90
255 90 90
255 89 89
255 89 89
255 88 88
255 88 88
255 88 88
255 87 87
255 87 87
255 86 86
255 86 86
255 85 85
255 85 85
255 84 84
255 84 84
255 83 83
255 83 83
255 83 83
255 82 82
255 82 82
255 81 81
255 81 81
255 80 80
255 80 80
255 79 79
255 79 79
255 79 79
255 78 78
255 78 78
255 77 77
255 77 77
255 76 76
255 76 76
255 75 75
255 75 75
255 75 75
255 74 74
255 74 74
255 73 73
255 73 73
255 72 72
255 72 72
255 71 71
255 71 71
255 70 70
255 70 70
255 70 70
255 69 69
255 69 69
255 68 68
255 68 68
255 67 67
255 67 67
255 66 66
255 66 66
255 66 66
255 65 65
255 65 65
255 64 64
255 64 64
255 63 63
255 63 63
255 62 62
255 62 62
255 61 61
255 61 61
255 61 61
255 60 60
255 60 60
255 59 59
255 59 59
255 58 58
255 58 58
255 57 57
255 57 57
255 57 57
255 56 56
255 56 56
255 55 55
255 55 55
255 54 54
255 54 54
255 53 53
255 53 53
255 53 53
255 52 52
255 52 52
255 51 51
255 51 51
255 50 50
255 50 50
255 49 49
255 49 49
255 48 48
255 48 48
255 48 48
255 47 47
255 47 47
255 46 46
255 46 46
255 45 45
255 45 45
255 44 44
255 44 44
255 44 44
255 43 43
255 43 43
255 42 42
255 42 42
255 41 41
255 41 41
255 40 40
255 40 40
255 40 40
255 39 39
255 39 39
255 38 38
255 38 38
255 37 37
255 37 37
255 36 36
255 36 36
255 35 35
255 35 35
255 35 35
255 34 34
255 34 34
255 33 33
255 33 33
255 32 32
255 32 32
255 31 31
255 31 31
255 31 31
255 30 30
255 30 30
255 29 29
255 29 29
255 28 28
255 28 28
255 27 27
255 27 27
255 27 27
255 26 26
255 26 26
255 25 25
255 25 25
255 24 24
255 24 24
255 23 23
255 23 23
255 22 22
255 22 22
255 22 22
255 21 21
255 21 21
255 20 20
255 20 20
255 19 19
255 19 19
255 18 18
255 18 18
255 18 18
255 17 17
255 17 17
255 16 16
255 16 16
255 15 15
255 15 15
255 14 14
255 14 14
255 14 14
255 13 13
255 13 13
255 12 12
255 12 12
255 11 11
255 11 11
255 10 10
255 10 10
255 9 9
255 9 9
255 9 9
255 8 8
255 8 8
255 7 7
255 7 7
255 6 6
255 6 6
255 5 5
255 5 5
255 5 5
255 4 4
255 4 4
255 3 3
255 3 3
255 2 2
255 2 2
255 1 1
255 1 1
255 1 1
255 0 0
255 0 0
254 0 0
254 0 0
254 0 0
254 0 0
253 0 0
253 0 0
253 0 0
253 0 0
252 0 0
252 0 0
252 0 0
252 0 0
251 0 0
251 0 0
251 0 0
251 0 0
250 0 0
250 0 0
250 0 0
250 0 0
249 0 0
249 0 0
249 0 0
249 0 0
248 0 0
248 0 0
248 0 0
248 0 0
247 0 0
247 0 0
247 0 0
247 0 0
246 0 0
246 0 0
246 0 0
246 0 0
245 0 0
245 0 0
245 0 0
245 0 0
244 0 0
244 0 0
244 0 0
244 0 0
243 0 0
243 0 0
243 0 0
243 0 0
242 0 0
242 0 0
242 0 0
242 0 0
241 0 0
241 0 0
241 0 0
241 0 0
240 0 0
240 0 0
240 0 0
240 0 0
239 0 0
239 0 0
239 0 0
239 0 0
238 0 0
238 0 0
238 0 0
238 0 0
237 0 0
237 0 0
237 0 0
237 0 0
236 0 0
236 0 0
236 0 0
236 0 0
235 0 0
235 0 0
235 0 0
235 0 0
234 0 0
234 0 0
234 0 0
234 0 0
233 0 0
233 0 0
233 0 0
233 0 0
232 0 0
232 0 0
232 0 0
232 0 0
231 0 0
231 0 0
231 0 0
231 0 0
230 0 0
230 0 0
230 0 0
230 0 0
229 0 0
229 0 0
229 0 0
229 0 0
228 0 0
228 0 0
228 0 0
228 0 0
227 0 0
227 0 0
227 0 0
227 0 0
226 0 0
226 0 0
226 0 0
226 0 0
225 0 0
225 0 0
225 0 0
225 0 0
224 0 0
224 0 0
224 0 0
224 0 0
223 0 0
223 0 0
223 0 0
223 0 0
222 0 0
222 0 0
222 0 0
222 0 0
221 0 0
221 0 0
221 0 0
221 0 0
220 0 0
220 0 0
220 0 0
220 0 0
219 0 0
219 0 0
219 0 0
219 0 0
218 0 0
218 0 0
218 0 0
218 0 0
217 0 0
217 0 0
217 0 0
217 0 0
216 0 0
216 0 0
216 0 0
216 0 0
215 0 0
215 0 0
215 0 0
215 0 0
214 0 0
214 0 0
214 0 0
214 0 0
213 0 0
213 0 0
213 0 0
213 0 0
212 0 0
212 0 0
212 0 0
212 0 0
211 0 0
211 0 0
211 0 0
211 0 0
210 0 0
210 0 0
210 0 0
210 0 0
209 0 0
209 0 0
209 0 0
209 0 0
208 0 0
208 0 0
208 0 0
208 0 0
207 0 0
207 0 0
207 0 0
207 0 0
206 0 0
206 0 0
206 0 0
206 0 0
205 0 0
205 0 0
205 0 0
205 0 0
204 0 0
204 0 0
204 0 0
204 0 0
203 0 0
203 0 0
203 0 0
203 0 0
202 0 0
202 0 0
202 0 0
202 0 0
201 0 0
201 0 0
201 0 0
201 0 0
200 0 0
200 0 0
200 0 0
200 0 0
200 0 0
199 0 0
199 0 0
199 0 0
199 0 0
198 0 0
198 0 0
198 0 0
198 0 0
197 0 0
197 0 0
197 0 0
197 0 0
196 0 0
196 0 0
196 0 0
196 0 0
195 0 0
195 0 0
195 0 0
195 0 0
194 0 0
194 0 0
194 0 0
194 0 0
193 0 0
193 0 0
193 0 0
193 0 0
192 0 0
192 0 0
192 0 0
192 0 0
191 0 0
191 0 0
191 0 0
191 0 0
190 0 0
190 0 0
190 0 0
190 0 0
189 0 0
189 0 0
189 0 0
189 0 0
188 0 0
188 0 0
188 0 0
188 0 0
187 0 0
187 0 0
187 0 0
187 0 0
186 0 0
186 0 0
186 0 0
186 0 0
185 0 0
185 0 0
185 0 0
185 0 0
184 0 0
184 0 0
184 0 0
184 0 0
183 0 0
183 0 0
183 0 0
183 0 0
182 0 0
182 0 0
182 0 0
182 0 0
181 0 0
181 0 0
181 0 0
181 0 0
180 0 0
180 0 0
180 0 0
180 0 0
179 0 0
179 0 0
179 0 0
179 0 0
178 0 0
178 0 0
178 0 0
178 0 0
177 0 0
177 0 0
177 0 0
177 0 0
176 0 0
176 0 0
176 0 0
176 0 0
175 0 0
175 0 0
175 0 0
175 0 0
174 0 0
174 0 0
174 0 0
174 0 0
173 0 0
173 0 0
173 0 0
173 0 0
172 0 0
172 0 0
172 0 0
172 0 0
171 0 0
171 0 0
171 0 0
171 0 0
170 0 0
170 0 0
170 0 0
170 0 0
169 0 0
169 0 0
169 0 0
169 0 0
168 0 0
168 0 0
168 0 0
168 0 0
167 0 0
167 0 0
167 0 0
167 0 0
166 0 0
166 0 0
166 0 0
166 0 0
165 0 0
165 0 0
165 0 0
165 0 0
164 0 0
164 0 0
164 0 0
164 0 0
163 0 0
163 0 0
163 0 0
163 0 0
162 0 0
162 0 0
162 0 0
162 0 0
161 0 0
161 0 0
161 0 0
161 0 0
160 0 0
160 0 0
160 0 0
160 0 0
159 0 0
159 0 0
159 0 0
159 0 0
158 0 0
158 0 0
158 0 0
158 0 0
157 0 0
157 0 0
157 0 0
157 0 0
156 0 0
156 0 0
156 0 0
156 0 0
155 0 0
155 0 0
155 0 0
155 0 0
154 0 0
154 0 0
154 0 0
154 0 0
153 0 0
153 0 0
153 0 0
153 0 0
152 0 0
152 0 0
152 0 0
152 0 0
151 0 0
151 0 0
151 0 0
151 0 0
150 0 0
150 0 0
150 0 0
150 0 0
149 0 0
149 0 0
149 0 0
149 0 0
148 0 0
148 0 0
148 0 0
148 0 0
147 0 0
147 0 0
147 0 0
147 0 0
146 0 0
146 0 0
146 0 0
146 0 0
145 0 0
145 0 0
145 0 0
145 0 0
144 0 0
144 0 0
144 0 0
144 0 0
143 0 0
143 0 0
143 0 0
143 0 0
142 0 0
142 0 0
142 0 0
142 0 0
141 0 0
141 0 0
141 0 0
141 0 0
140 0 0
140 0 0
140 0 0
140 0 0
139 0 0
139 0 0
139 0 0
139 0 0
138 0 0
138 0 0
138 0 0
138 0 0
137 0 0
137 0 0
137 0 0
137 0 0
136 0 0
136 0 0
136 0 0
136 0 0
135 0 0
135 0 0
135 0 0
135 0 0
134 0 0
134 0 0
134 0 0
134 0 0
133 0 0
133 0 0
133 0 0
133 0 0
132 0 0
132 0 0
132 0 0
132 0 0
131 0 0
131 0 0
131 0 0
131 0 0
130 0 0
130 0 0
130 0 0
130 0 0
129 0 0
129 0 0
129 0 0
129 0 0
128 0 0
128 0 0
128 0 0
128 0 0
127 0 0
127 0 0
127 0 0
