158 0 59
158 1 59
158 1 59
158 1 59
159 1 59
159 2 59
159 2 59
159 2 59
160 3 59
160 3 59
160 3 59
160 3 60
161 4 60
161 4 60
161 4 60
162 4 60
162 5 60
162 5 60
162 5 60
163 5 60
163 6 60
163 6 60
163 6 60
164 7 60
164 7 60
164 7 60
164 7 60
165 8 60
165 8 61
165 8 61
166 8 61
166 9 61
166 9 61
166 9 61
167 10 61
167 10 61
167 10 61
167 10 61
168 11 61
168 11 61
168 11 61
169 11 61
169 12 61
169 12 61
169 12 61
170 12 61
170 13 62
170 13 62
170 13 62
171 14 62
171 14 62
171 14 62
171 14 62
172 15 62
172 15 62
172 15 62
173 15 62
173 16 62
173 16 62
173 16 62
174 16 62
174 17 62
174 17 62
174 17 63
175 18 63
175 18 63
175 18 63
176 18 63
176 19 63
176 19 63
176 19 63
177 19 63
177 20 63
177 20 63
177 20 63
178 21 63
178 21 63
178 21 63
178 21 63
179 22 63
179 22 63
179 22 64
180 22 64
180 23 64
180 23 64
180 23 64
181 23 64
181 24 64
181 24 64
181 24 64
182 25 64
182 25 64
182 25 64
182 25 64
183 26 64
183 26 64
183 26 64
184 26 64
184 27 65
184 27 65
184 27 65
185 27 65
185 28 65
185 28 65
185 28 65
186 29 65
186 29 65
186 29 65
187 29 65
187 30 65
187 30 65
187 30 65
188 30 65
188 31 65
188 31 65
188 31 65
189 32 66
189 32 66
189 32 66
189 32 66
190 33 66
190 33 66
190 33 66
191 33 66
191 34 66
191 34 66
191 34 66
192 34 66
192 35 66
192 35 66
192 35 66
193 36 66
193 36 66
193 36 67
194 36 67
194 37 67
194 37 67
194 37 67
195 37 67
195 38 67
195 38 67
195 38 67
196 38 67
196 39 67
196 39 67
196 39 67
197 40 67
197 40 67
197 40 67
198 40 67
198 41 67
198 41 68
198 41 68
199 41 68
199 42 68
199 42 68
199 42 68
200 43 68
200 43 68
200 43 68
200 43 68
201 44 68
201 44 68
201 44 68
202 44 68
202 45 68
202 45 68
202 45 68
203 45 69
203 46 69
203 46 69
203 46 69
204 47 69
204 47 69
204 47 69
205 47 69
205 48 69
205 48 69
205 48 69
206 48 69
206 49 69
206 49 69
206 49 69
207 49 69
207 50 69
207 50 69
207 50 70
208 51 70
208 51 70
208 51 70
209 51 70
209 52 70
209 52 70
209 52 70
210 52 70
210 53 70
210 53 70
210 53 70
211 54 70
211 54 70
211 54 70
212 54 70
212 55 70
212 55 71
212 55 71
213 55 71
213 56 71
213 56 70
213 56 70
213 56 70
213 56 70
213 57 70
214 57 70
214 57 70
214 57 70
214 57 70
214 58 70
214 58 70
215 58 70
215 58 70
215 58 70
215 59 70
215 59 70
215 59 70
215 59 70
216 59 70
216 60 69
216 60 69
216 60 69
216 60 69
216 61 69
216 61 69
217 61 69
217 61 69
217 61 69
217 62 69
217 62 69
217 62 69
218 62 69
218 62 69
218 63 69
218 63 69
218 63 69
218 63 69
218 63 69
219 64 68
219 64 68
219 64 68
219 64 68
219 64 68
219 65 68
220 65 68
220 65 68
220 65 68
220 65 68
220 66 68
220 66 68
220 66 68
221 66 68
221 67 68
221 67 68
221 67 68
221 67 68
221 67 68
221 68 67
222 68 67
222 68 67
222 68 67
222 68 67
222 69 67
222 69 67
223 69 67
223 69 67
223 69 67
223 70 67
223 70 67
223 70 67
223 70 67
224 70 67
224 71 67
224 71 67
224 71 67
224 71 67
224 71 66
225 72 66
225 72 66
225 72 66
225 72 66
225 73 66
225 73 66
225 73 66
226 73 66
226 73 66
226 74 66
226 74 66
226 74 66
226 74 66
226 74 66
227 75 66
227 75 66
227 75 66
227 75 66
227 75 65
227 76 65
228 76 65
228 76 65
228 76 65
228 76 65
228 77 65
228 77 65
228 77 65
229 77 65
229 77 65
229 78 65
229 78 65
229 78 65
229 78 65
230 79 65
230 79 65
230 79 65
230 79 65
230 79 64
230 80 64
230 80 64
231 80 64
231 80 64
231 80 64
231 81 64
231 81 64
231 81 64
231 81 64
232 81 64
232 82 64
232 82 64
232 82 64
232 82 64
232 82 64
233 83 64
233 83 64
233 83 64
233 83 63
233 83 63
233 84 63
233 84 63
234 84 63
234 84 63
234 84 63
234 85 63
234 85 63
234 85 63
235 85 63
235 86 63
235 86 63
235 86 63
235 86 63
235 86 63
235 87 63
236 87 63
236 87 63
236 87 62
236 87 62
236 88 62
236 88 62
236 88 62
237 88 62
237 88 62
237 89 62
237 89 62
237 89 62
237 89 62
238 89 62
238 90 62
238 90 62
238 90 62
238 90 62
238 90 62
238 91 62
239 91 62
239 91 61
239 91 61
239 92 61
239 92 61
239 92 61
240 92 61
240 92 61
240 93 61
240 93 61
240 93 61
240 93 61
240 93 61
241 94 61
241 94 61
241 94 61
241 94 61
241 94 61
241 95 61
241 95 61
242 95 60
242 95 60
242 95 60
242 96 60
242 96 60
242 96 60
243 96 60
243 96 60
243 97 60
243 97 60
243 97 60
243 97 60
243 98 60
244 98 60
244 98 60
244 98 60
244 99 60
244 99 60
244 99 61
244 99 61
244 100 61
244 100 61
244 100 61
244 101 61
244 101 61
244 101 61
244 101 62
244 102 62
244 102 62
244 102 62
244 103 62
244 103 62
244 103 62
244 103 63
244 104 63
244 104 63
245 104 63
245 105 63
245 105 63
245 105 63
245 105 63
245 106 64
245 106 64
245 106 64
245 107 64
245 107 64
245 107 64
245 107 64
245 108 64
245 108 65
245 108 65
245 109 65
245 109 65
245 109 65
245 109 65
245 110 65
245 110 66
245 110 66
246 111 66
246 111 66
246 111 66
246 111 66
246 112 66
246 112 66
246 112 67
246 113 67
246 113 67
246 113 67
246 113 67
246 114 67
246 114 67
246 114 68
246 115 68
246 115 68
246 115 68
246 115 68
246 116 68
246 116 68
246 116 68
246 117 69
246 117 69
247 117 69
247 117 69
247 118 69
247 118 69
247 118 69
247 119 70
247 119 70
247 119 70
247 119 70
247 120 70
247 120 70
247 120 70
247 121 70
247 121 71
247 121 71
247 121 71
247 122 71
247 122 71
247 122 71
247 123 71
247 123 71
247 123 72
247 123 72
248 124 72
248 124 72
248 124 72
248 125 72
248 125 72
248 125 73
248 125 73
248 126 73
248 126 73
248 126 73
248 127 73
248 127 73
248 127 73
248 127 74
248 128 74
248 128 74
248 128 74
248 129 74
248 129 74
248 129 74
248 129 75
248 130 75
248 130 75
249 130 75
249 131 75
249 131 75
249 131 75
249 131 75
249 132 76
249 132 76
249 132 76
249 133 76
249 133 76
249 133 76
249 133 76
249 134 76
249 134 77
249 134 77
249 135 77
249 135 77
249 135 77
249 135 77
249 136 77
249 136 78
249 136 78
250 137 78
250 137 78
250 137 78
250 137 78
250 138 78
250 138 78
250 138 79
250 139 79
250 139 79
250 139 79
250 139 79
250 140 79
250 140 79
250 140 80
250 141 80
250 141 80
250 141 80
250 141 80
250 142 80
250 142 80
250 142 80
250 143 81
250 143 81
251 143 81
251 143 81
251 144 81
251 144 81
251 144 81
251 145 82
251 145 82
251 145 82
251 145 82
251 146 82
251 146 82
251 146 82
251 147 82
251 147 83
251 147 83
251 147 83
251 148 83
251 148 83
251 148 83
251 149 83
251 149 83
251 149 84
251 149 84
252 150 84
252 150 84
252 150 84
252 151 84
252 151 84
252 151 85
252 151 85
252 152 85
252 152 85
252 152 85
252 153 85
252 153 85
252 153 85
252 153 86
252 154 86
252 154 86
252 154 86
252 155 86
252 155 86
252 155 86
252 155 87
252 156 87
252 156 87
253 156 87
253 157 87
253 157 87
253 157 88
253 157 88
253 157 88
253 158 88
253 158 88
253 158 88
253 158 89
253 158 89
253 159 89
253 159 89
253 159 89
253 159 90
253 160 90
253 160 90
253 160 90
253 160 90
253 160 90
253 161 91
253 161 91
253 161 91
253 161 91
253 162 91
253 162 92
253 162 92
253 162 92
253 162 92
253 163 92
253 163 93
253 163 93
253 163 93
253 164 93
253 164 93
253 164 93
253 164 94
253 164 94
253 165 94
253 165 94
253 165 94
253 165 95
253 166 95
253 166 95
253 166 95
253 166 95
253 166 95
253 167 96
253 167 96
253 167 96
253 167 96
253 168 96
253 168 97
253 168 97
253 168 97
253 168 97
253 169 97
253 169 97
253 169 98
253 169 98
253 169 98
253 170 98
253 170 98
253 170 99
253 170 99
253 171 99
253 171 99
253 171 99
253 171 100
253 171 100
253 172 100
253 172 100
253 172 100
253 172 100
253 173 101
253 173 101
253 173 101
253 173 101
253 173 101
253 174 102
253 174 102
253 174 102
253 174 102
253 175 102
253 175 102
253 175 103
253 175 103
253 175 103
253 176 103
253 176 103
253 176 104
253 176 104
253 177 104
253 177 104
253 177 104
253 177 105
253 177 105
253 178 105
253 178 105
253 178 105
253 178 105
253 179 106
253 179 106
253 179 106
253 179 106
253 179 106
253 180 107
253 180 107
253 180 107
253 180 107
253 180 107
253 181 107
253 181 108
253 181 108
253 181 108
253 182 108
253 182 108
253 182 109
253 182 109
253 182 109
253 183 109
253 183 109
253 183 109
253 183 110
253 184 110
253 184 110
253 184 110
253 184 110
253 184 111
253 185 111
253 185 111
253 185 111
253 185 111
253 186 112
253 186 112
253 186 112
253 186 112
253 186 112
253 187 112
253 187 113
253 187 113
253 187 113
253 188 113
253 188 113
253 188 114
253 188 114
253 188 114
253 189 114
253 189 114
253 189 114
253 189 115
253 189 115
253 190 115
253 190 115
253 190 115
253 190 116
253 191 116
253 191 116
253 191 116
253 191 116
253 191 117
253 192 117
253 192 117
253 192 117
253 192 117
253 193 117
253 193 118
253 193 118
253 193 118
253 193 118
253 194 118
253 194 119
253 194 119
253 194 119
253 195 119
253 195 119
253 195 119
253 195 120
253 195 120
253 196 120
253 196 120
253 196 120
253 196 121
253 197 121
253 197 121
253 197 121
253 197 121
253 197 121
253 198 122
253 198 122
253 198 122
253 198 122
253 199 122
253 199 123
253 199 123
253 199 123
253 199 123
253 200 123
253 200 124
253 200 124
253 200 124
253 200 124
253 201 124
253 201 124
254 201 125
254 201 125
254 201 125
254 202 125
254 202 126
254 202 126
254 202 126
254 202 126
254 202 126
254 202 127
254 202 127
254 203 127
254 203 127
254 203 128
254 203 128
254 203 128
254 203 128
254 203 129
254 204 129
254 204 129
254 204 129
254 204 129
254 204 130
254 204 130
254 204 130
254 205 130
254 205 131
254 205 131
254 205 131
254 205 131
254 205 132
254 205 132
254 205 132
254 206 132
254 206 132
254 206 133
254 206 133
254 206 133
254 206 133
254 206 134
254 207 134
254 207 134
254 207 134
254 207 134
254 207 135
254 207 135
254 207 135
254 208 135
254 208 136
254 208 136
254 208 136
254 208 136
254 208 137
254 208 137
254 208 137
254 209 137
254 209 137
254 209 138
254 209 138
254 209 138
254 209 138
254 209 139
254 210 139
254 210 139
254 210 139
254 210 140
254 210 140
254 210 140
254 210 140
254 211 140
254 211 141
254 211 141
254 211 141
254 211 141
254 211 142
254 211 142
254 211 142
254 212 142
254 212 142
254 212 143
254 212 143
254 212 143
254 212 143
254 212 144
254 213 144
254 213 144
254 213 144
254 213 145
254 213 145
254 213 145
254 213 145
254 214 145
254 214 146
254 214 146
254 214 146
254 214 146
254 214 147
254 214 147
254 214 147
254 215 147
254 215 148
254 215 148
254 215 148
254 215 148
254 215 148
254 215 149
254 216 149
254 216 149
254 216 149
254 216 150
254 216 150
254 216 150
254 216 150
254 217 150
254 217 151
254 217 151
254 217 151
254 217 151
254 217 152
254 217 152
254 217 152
254 218 152
254 218 153
254 218 153
254 218 153
254 218 153
254 218 153
254 218 154
254 219 154
254 219 154
254 219 154
254 219 155
254 219 155
254 219 155
254 219 155
254 220 156
254 220 156
254 220 156
254 220 156
254 220 156
254 220 157
254 220 157
254 220 157
254 221 157
254 221 158
254 221 158
254 221 158
254 221 158
254 221 158
254 221 159
254 222 159
254 222 159
254 222 159
254 222 160
254 222 160
254 222 160
254 222 160
254 223 161
254 223 161
254 223 161
254 223 161
254 223 161
254 223 162
254 223 162
254 223 162
254 224 162
254 224 163
254 224 163
254 224 163
254 224 163
254 224 164
254 224 164
254 225 164
254 225 164
254 225 164
254 225 165
254 225 165
254 225 165
254 225 165
254 226 166
254 226 166
254 226 166
254 226 166
254 226 166
254 226 167
254 226 167
254 226 167
254 227 167
254 227 168
254 227 168
254 227 168
254 227 168
254 227 169
254 227 169
254 228 169
254 228 169
254 228 169
254 228 170
254 228 170
254 228 170
254 228 170
254 229 171
254 229 171
254 229 171
254 229 171
254 229 171
254 229 171
254 229 171
254 229 171
254 229 171
254 229 170
254 229 170
254 229 170
253 229 170
253 229 170
253 229 170
253 228 169
253 228 169
253 228 169
253 228 169
253 228 169
252 228 169
252 228 168
252 228 168
252 228 168
252 228 168
252 228 168
252 228 168
252 228 167
252 228 167
251 228 167
251 228 167
251 228 167
251 228 167
251 228 166
251 228 166
251 228 166
251 228 166
250 228 166
250 227 165
250 227 165
250 227 165
250 227 165
250 227 165
250 227 165
250 227 164
249 227 164
249 227 164
249 227 164
249 227 164
249 227 164
249 227 163
249 227 163
249 227 163
248 227 163
248 227 163
248 227 163
248 227 162
248 227 162
248 227 162
248 227 162
248 227 162
247 226 162
247 226 161
247 226 161
247 226 161
247 226 161
247 226 161
247 226 161
247 226 160
247 226 160
246 226 160
246 226 160
246 226 160
246 226 159
246 226 159
246 226 159
246 226 159
246 226 159
245 226 159
245 226 158
245 226 158
245 226 158
245 226 158
245 226 158
245 225 158
245 225 157
244 225 157
244 225 157
244 225 157
244 225 157
244 225 157
244 225 156
244 225 156
244 225 156
243 225 156
243 225 156
243 225 156
243 225 155
243 225 155
243 225 155
243 225 155
243 225 155
242 225 155
242 225 154
242 225 154
242 225 154
242 224 154
242 224 154
242 224 153
242 224 153
241 224 153
241 224 153
241 224 153
241 224 153
241 224 152
241 224 152
241 224 152
241 224 152
241 224 152
240 224 152
240 224 151
240 224 151
240 224 151
240 224 151
240 224 151
240 224 151
240 224 150
239 224 150
239 224 150
239 223 150
239 223 150
239 223 150
239 223 149
239 223 149
239 223 149
238 223 149
238 223 149
238 223 149
238 223 148
238 223 148
238 223 148
238 223 148
238 223 148
237 223 147
237 223 147
237 223 147
237 223 147
237 223 147
237 223 147
237 223 146
237 223 146
236 223 146
236 222 146
236 222 146
236 222 146
236 222 145
236 222 145
236 222 145
236 222 145
236 222 145
235 222 145
235 222 144
235 222 144
235 222 144
235 222 144
235 222 144
235 222 144
235 222 143
234 222 143
234 222 143
234 222 143
234 222 143
234 222 143
234 222 142
234 222 142
234 221 142
233 221 142
233 221 142
233 221 141
233 221 141
233 221 141
233 221 141
233 221 141
233 221 141
232 221 140
232 221 140
232 221 140
232 221 140
232 221 140
232 221 140
232 221 139
232 221 139
231 221 139
231 221 139
231 221 139
231 221 139
231 221 138
231 220 138
231 220 138
231 220 138
231 220 138
230 220 138
230 220 137
230 220 137
230 220 137
230 220 137
230 220 137
230 220 137
230 220 136
229 220 136
229 220 136
229 220 136
228 220 137
228 219 137
228 219 137
228 219 137
227 219 137
227 219 137
227 219 137
226 219 137
226 219 137
226 219 137
226 219 137
225 218 137
225 218 137
225 218 137
224 218 137
224 218 137
224 218 137
224 218 137
223 218 137
223 218 138
223 217 138
222 217 138
222 217 138
222 217 138
221 217 138
221 217 138
221 217 138
221 217 138
220 217 138
220 217 138
220 216 138
219 216 138
219 216 138
219 216 138
219 216 138
218 216 138
218 216 138
218 216 138
217 216 139
217 215 139
217 215 139
217 215 139
216 215 139
216 215 139
216 215 139
215 215 139
215 215 139
215 215 139
215 215 139
214 214 139
214 214 139
214 214 139
213 214 139
213 214 139
213 214 139
213 214 139
212 214 139
212 214 140
212 213 140
211 213 140
211 213 140
211 213 140
211 213 140
210 213 140
210 213 140
210 213 140
209 213 140
209 213 140
209 212 140
209 212 140
208 212 140
208 212 140
208 212 140
207 212 140
207 212 140
207 212 140
206 212 141
206 211 141
206 211 141
206 211 141
205 211 141
205 211 141
205 211 141
204 211 141
204 211 141
204 211 141
204 211 141
203 210 141
203 210 141
203 210 141
202 210 141
202 210 141
202 210 141
202 210 141
201 210 141
201 210 142
201 209 142
200 209 142
200 209 142
200 209 142
200 209 142
199 209 142
199 209 142
199 209 142
198 209 142
198 209 142
198 208 142
198 208 142
197 208 142
197 208 142
197 208 142
196 208 142
196 208 142
196 208 142
196 208 143
195 207 143
195 207 143
195 207 143
194 207 143
194 207 143
194 207 143
194 207 143
193 207 143
193 207 143
193 207 143
192 206 143
192 206 143
192 206 143
192 206 143
191 206 143
191 206 143
191 206 143
190 206 143
190 206 144
190 205 144
189 205 144
189 205 144
189 205 144
189 205 144
188 205 144
188 205 144
188 205 144
187 205 144
187 205 144
187 204 144
187 204 144
186 204 144
186 204 144
186 204 144
185 204 144
185 204 144
185 204 144
185 204 145
184 203 145
184 203 145
184 203 145
183 203 145
183 203 145
183 203 145
183 203 145
182 203 145
182 203 145
182 203 145
181 202 145
181 202 145
181 202 145
181 202 145
180 202 145
180 202 145
180 202 145
179 202 145
179 202 146
179 201 146
179 201 146
178 201 146
178 201 146
178 201 146
177 201 146
177 201 146
177 201 146
177 201 146
176 200 146
176 200 146
176 200 146
175 200 146
175 200 146
175 200 146
175 200 146
174 200 146
174 200 146
174 200 147
173 199 147
173 199 147
173 199 147
172 199 147
172 199 147
172 199 147
172 199 147
171 199 147
171 199 147
171 198 147
170 198 147
170 198 147
170 198 147
169 198 147
169 198 147
169 198 147
168 198 147
168 198 147
168 197 147
167 197 147
167 197 147
167 197 147
166 197 147
166 197 147
166 197 147
165 197 147
165 196 147
165 196 147
164 196 147
164 196 147
164 196 147
163 196 147
163 196 147
163 196 147
162 196 147
162 195 147
162 195 147
161 195 147
161 195 147
161 195 147
160 195 147
160 195 147
160 195 147
159 194 147
159 194 147
159 194 147
158 194 147
158 194 147
158 194 147
157 194 147
157 194 147
157 194 147
156 193 147
156 193 147
156 193 147
155 193 147
155 193 147
155 193 147
154 193 147
154 193 147
154 192 147
153 192 147
153 192 147
153 192 147
152 192 147
152 192 147
152 192 147
151 192 147
151 192 147
151 191 147
150 191 147
150 191 147
150 191 147
149 191 147
149 191 147
149 191 147
148 191 147
148 190 147
148 190 147
147 190 147
147 190 147
147 190 147
146 190 147
146 190 147
146 190 147
145 189 147
145 189 147
145 189 147
144 189 147
144 189 147
144 189 147
143 189 147
143 189 147
142 189 147
142 188 147
142 188 147
141 188 147
141 188 147
141 188 147
140 188 147
140 188 147
140 188 148
139 187 148
139 187 148
139 187 148
138 187 148
138 187 148
138 187 148
137 187 148
137 187 148
137 187 148
136 186 148
136 186 148
136 186 148
135 186 148
135 186 148
135 186 148
134 186 148
134 186 148
134 185 148
133 185 148
133 185 148
133 185 148
132 185 148
132 185 148
132 185 148
131 185 148
131 184 148
131 184 148
130 184 148
130 184 148
130 184 148
129 184 148
129 184 148
129 184 148
128 184 148
128 183 148
128 183 148
127 183 148
127 183 148
127 183 148
126 183 148
126 183 148
126 183 148
125 182 148
125 182 148
125 182 148
124 182 148
124 182 148
124 182 148
123 182 148
123 182 148
123 182 148
122 181 148
122 181 148
122 181 148
121 181 148
121 181 148
121 181 148
120 181 148
120 181 148
120 180 148
119 180 148
119 180 148
119 180 148
118 180 148
118 180 148
118 180 148
117 180 148
117 180 148
117 179 148
116 179 148
116 179 148
116 179 148
115 179 148
115 179 148
115 179 148
114 179 148
114 178 148
114 178 148
113 178 148
113 178 148
112 178 148
112 178 148
112 178 148
111 178 148
111 177 148
111 177 148
110 177 148
110 177 148
110 177 148
109 177 148
109 177 148
109 177 148
108 177 148
108 176 148
108 176 148
107 176 148
107 176 148
107 176 148
106 176 148
106 176 148
106 176 148
105 175 148
105 175 148
105 175 148
104 175 148
104 175 148
104 175 148
103 175 148
103 175 148
103 175 148
102 174 148
102 174 148
102 174 148
101 174 148
101 174 148
101 173 148
101 173 148
100 173 148
100 173 149
100 172 149
100 172 149
99 172 149
99 172 149
99 171 149
99 171 149
98 171 149
98 171 149
98 170 150
98 170 150
97 170 150
97 170 150
97 169 150
97 169 150
96 169 150
96 169 150
96 168 150
96 168 150
95 168 151
95 168 151
95 167 151
95 167 151
94 167 151
94 167 151
94 166 151
94 166 151
93 166 151
93 166 152
93 165 152
93 165 152
92 165 152
92 165 152
92 164 152
91 164 152
91 164 152
91 164 152
91 163 152
90 163 153
90 163 153
90 163 153
90 162 153
89 162 153
89 162 153
89 162 153
89 161 153
88 161 153
88 161 154
88 160 154
88 160 154
87 160 154
87 160 154
87 159 154
87 159 154
86 159 154
86 159 154
86 158 154
86 158 155
85 158 155
85 158 155
85 157 155
85 157 155
84 157 155
84 157 155
84 156 155
84 156 155
83 156 156
83 156 156
83 155 156
83 155 156
82 155 156
82 155 156
82 154 156
82 154 156
81 154 156
81 154 156
81 153 157
81 153 157
80 153 157
80 153 157
80 152 157
80 152 157
79 152 157
79 152 157
79 151 157
79 151 158
78 151 158
78 151 158
78 150 158
78 150 158
77 150 158
77 150 158
77 149 158
77 149 158
76 149 158
76 148 159
76 148 159
75 148 159
75 148 159
75 147 159
75 147 159
74 147 159
74 147 159
74 146 159
74 146 160
73 146 160
73 146 160
73 145 160
73 145 160
72 145 160
72 145 160
72 144 160
72 144 160
71 144 160
71 144 161
71 143 161
71 143 161
70 143 161
70 143 161
70 142 161
70 142 161
69 142 161
69 142 161
69 141 162
69 141 162
68 141 162
68 141 162
68 140 162
68 140 162
67 140 162
67 140 162
67 139 162
67 139 162
66 139 163
66 139 163
66 138 163
66 138 163
65 138 163
65 138 163
65 137 163
65 137 163
64 137 163
64 137 164
64 136 164
64 136 164
63 136 164
63 135 164
63 135 164
63 135 164
62 135 164
62 134 164
62 134 165
62 134 165
61 134 165
61 133 165
61 133 165
60 133 165
60 133 165
60 132 165
60 132 165
59 132 165
59 132 166
59 131 166
59 131 166
58 131 166
58 131 166
58 130 166
58 130 166
57 130 166
57 130 166
57 129 167
57 129 167
56 129 167
56 129 167
56 128 167
56 128 167
55 128 167
55 128 167
55 127 167
55 127 167
54 127 168
54 127 168
54 126 168
54 126 168
53 126 168
53 126 168
53 125 168
53 125 168
52 125 168
52 125 169
52 124 169
52 124 169
51 124 169
51 124 169
51 123 169
51 123 169
50 123 169
50 122 169
50 122 169
50 122 170
50 122 170
50 121 169
50 121 169
50 121 169
51 121 169
51 120 169
51 120 169
51 120 169
51 120 169
52 119 168
52 119 168
52 119 168
52 119 168
52 118 168
53 118 168
53 118 168
53 118 168
53 117 167
54 117 167
54 117 167
54 117 167
54 116 167
54 116 167
55 116 167
55 116 167
55 115 167
55 115 166
55 115 166
56 115 166
56 114 166
56 114 166
56 114 166
57 114 166
57 113 166
57 113 165
57 113 165
57 113 165
58 112 165
58 112 165
58 112 165
58 112 165
58 111 165
59 111 165
59 111 164
59 111 164
59 110 164
60 110 164
60 110 164
60 110 164
60 109 164
60 109 164
61 109 163
61 109 163
61 108 163
61 108 163
61 108 163
62 108 163
62 107 163
62 107 163
62 107 163
63 107 162
63 106 162
63 106 162
63 106 162
63 106 162
64 105 162
64 105 162
64 105 162
64 105 161
64 104 161
65 104 161
65 104 161
65 104 161
65 103 161
66 103 161
66 103 161
66 103 160
66 102 160
66 102 160
67 102 160
67 102 160
67 101 160
67 101 160
67 101 160
68 101 160
68 100 159
68 100 159
68 100 159
69 100 159
69 99 159
69 99 159
69 99 159
69 99 159
70 98 158
70 98 158
70 98 158
70 98 158
71 97 158
71 97 158
71 97 158
71 97 158
71 96 158
72 96 157
72 96 157
72 96 157
72 95 157
72 95 157
73 95 157
73 95 157
73 94 157
73 94 156
74 94 156
74 94 156
74 93 156
74 93 156
74 93 156
75 93 156
75 92 156
75 92 156
75 92 155
75 92 155
76 91 155
76 91 155
76 91 155
76 91 155
77 90 155
77 90 155
77 90 154
77 90 154
77 89 154
78 89 154
78 89 154
78 89 154
78 88 154
78 88 154
79 88 153
79 88 153
79 87 153
79 87 153
80 87 153
80 87 153
80 86 153
80 86 153
80 86 153
81 86 152
81 85 152
81 85 152
81 85 152
81 85 152
82 84 152
82 84 152
82 84 152
82 84 151
83 83 151
83 83 151
83 83 151
83 83 151
83 82 151
84 82 151
84 82 151
84 82 151
84 81 150
84 81 150
85 81 150
85 81 150
85 80 150
85 80 150
86 80 150
86 80 150
86 79 149
86 79 149
86 79 149
87 79 149
87 78 149
87 78 149
87 78 149
87 78 149
88 77 149
88 77 148
88 77 148
88 77 148
89 76 148
89 76 148
89 76 148
89 76 148
89 75 148
90 75 147
90 75 147
90 75 147
90 74 147
90 74 147
91 74 147
91 74 147
91 73 147
91 73 146
92 73 146
92 73 146
92 72 146
92 72 146
92 72 146
93 72 146
93 71 146
93 71 146
93 71 145
94 71 145
