255 0 229
255 0 229
255 0 229
255 0 229
255 0 229
255 0 228
255 0 228
255 0 228
255 0 228
255 1 228
255 1 228
255 1 228
255 1 228
255 1 228
255 1 227
255 1 227
255 1 227
255 1 227
255 2 227
255 2 227
255 2 227
255 2 227
255 2 227
255 2 226
255 2 226
255 2 226
255 2 226
255 3 226
255 3 226
255 3 226
255 3 226
255 3 226
255 3 225
255 3 225
255 3 225
255 3 225
255 4 225
255 4 225
255 4 225
255 4 225
255 4 225
255 4 224
255 4 224
255 4 224
255 4 224
255 5 224
255 5 224
255 5 224
255 5 224
255 5 224
255 5 223
255 5 223
255 5 223
255 5 223
255 6 223
255 6 223
255 6 223
255 6 223
255 6 222
255 6 222
255 6 222
255 6 222
255 6 222
255 7 222
255 7 222
255 7 222
255 7 222
255 7 221
255 7 221
255 7 221
255 7 221
255 7 221
255 8 221
255 8 221
255 8 221
255 8 221
255 8 220
255 8 220
255 8 220
255 8 220
255 8 220
255 9 220
255 9 220
255 9 220
255 9 220
255 9 219
255 9 219
255 9 219
255 9 219
255 9 219
255 10 219
255 10 219
255 10 219
255 10 219
255 10 218
255 10 218
255 10 218
255 10 218
255 10 218
255 11 218
255 11 218
255 11 218
255 11 218
255 11 217
255 11 217
255 11 217
255 11 217
255 11 217
255 12 217
255 12 217
255 12 217
255 12 217
255 12 216
255 12 216
255 12 216
255 12 216
255 13 216
255 13 216
255 13 216
255 13 216
255 13 216
255 13 215
255 13 215
255 13 215
255 13 215
255 14 215
255 14 215
255 14 215
255 14 215
255 14 215
255 14 214
255 14 214
255 14 214
255 14 214
255 15 214
255 15 214
255 15 214
255 15 214
255 15 214
255 15 213
255 15 213
255 15 213
255 15 213
255 16 213
255 16 213
255 16 213
255 16 213
255 16 213
255 16 212
255 16 212
255 16 212
255 16 212
255 17 212
255 17 212
255 17 212
255 17 212
255 17 212
255 17 211
255 17 211
255 17 211
255 17 211
255 18 211
255 18 211
255 18 211
255 18 211
255 18 211
255 18 210
255 18 210
255 18 210
255 18 210
255 19 210
255 19 210
255 19 210
255 19 210
255 19 209
255 19 209
255 19 209
255 19 209
255 19 209
255 20 209
255 20 209
255 20 209
255 20 209
255 20 208
255 20 208
255 20 208
255 20 208
255 20 208
255 21 208
255 21 208
255 21 208
255 21 208
255 21 207
255 21 207
255 21 207
255 21 207
255 21 207
255 22 207
255 22 207
255 22 207
255 22 207
255 22 206
255 22 206
255 22 206
255 22 206
255 22 206
255 23 206
255 23 206
255 23 206
255 23 206
255 23 205
255 23 205
255 23 205
255 23 205
255 23 205
255 24 205
255 24 205
255 24 205
255 24 205
255 24 204
255 24 204
255 24 204
255 24 204
255 25 204
255 25 204
255 25 204
255 25 204
255 25 204
255 25 203
255 25 203
255 25 203
255 25 203
255 26 203
255 26 203
255 26 203
255 26 203
255 26 203
255 26 202
255 26 202
255 26 202
255 26 202
255 27 202
255 27 202
255 27 202
255 27 202
255 27 202
255 27 201
255 27 201
255 27 201
255 27 201
255 28 201
255 28 201
255 28 201
255 28 201
255 28 201
255 28 200
255 28 200
255 28 200
255 28 200
255 29 200
255 29 200
255 29 200
255 29 200
255 29 200
255 29 199
255 29 199
255 29 199
255 29 199
255 30 199
255 30 199
255 30 199
255 30 199
255 30 199
255 30 198
255 30 198
255 30 198
255 30 198
255 31 198
255 31 198
255 31 198
255 31 198
255 31 197
255 31 197
255 31 197
255 31 197
255 31 197
255 32 197
255 32 197
255 32 197
255 32 197
255 32 196
255 32 196
255 32 196
255 32 196
255 32 196
255 33 196
255 33 196
255 33 196
255 33 196
255 33 195
255 33 195
255 33 195
255 33 195
255 33 195
255 34 195
255 34 195
255 34 195
255 34 195
255 34 194
255 34 194
255 34 194
255 34 194
255 34 194
255 35 194
255 35 194
255 35 194
255 35 194
255 35 193
255 35 193
255 35 193
255 35 193
255 35 193
255 36 193
255 36 193
255 36 193
255 36 193
255 36 192
255 36 192
255 36 192
255 36 192
255 36 192
255 37 192
255 37 192
255 37 192
255 37 192
255 37 191
255 37 191
255 37 191
255 37 191
255 38 191
255 38 191
255 38 191
255 38 191
255 38 191
255 38 190
255 38 190
255 38 190
255 38 190
255 39 190
255 39 190
255 39 190
255 39 190
255 39 190
255 39 189
255 39 189
255 39 189
255 39 189
255 40 189
255 40 189
255 40 189
255 40 189
255 40 189
255 40 188
255 40 188
255 40 188
255 40 188
255 41 188
255 41 188
255 41 188
255 41 188
255 41 188
255 41 187
255 41 187
255 41 187
255 41 187
255 42 187
255 42 187
255 42 187
255 42 187
255 42 187
255 42 186
255 42 186
255 42 186
255 42 186
255 43 186
255 43 186
255 43 186
255 43 186
255 43 185
255 43 185
255 43 185
255 43 185
255 43 185
255 44 185
255 44 185
255 44 185
255 44 185
255 44 184
255 44 184
255 44 184
255 44 184
255 44 184
255 45 184
255 45 184
255 45 184
255 45 184
255 45 183
255 45 183
255 45 183
255 45 183
255 45 183
255 46 183
255 46 183
255 46 183
255 46 183
255 46 182
255 46 182
255 46 182
255 46 182
255 46 182
255 47 182
255 47 182
255 47 182
255 47 182
255 47 181
255 47 181
255 47 181
255 47 181
255 47 181
255 48 181
255 48 181
255 48 181
255 48 181
255 48 180
255 48 180
255 48 180
255 48 180
255 48 180
255 49 180
255 49 180
255 49 180
255 49 180
255 49 179
255 49 179
255 49 179
255 49 179
255 50 179
255 50 179
255 50 179
255 50 179
255 50 179
255 50 178
255 50 178
255 50 178
255 50 178
255 51 178
255 51 178
255 51 178
255 51 178
255 51 178
255 51 177
255 51 177
255 51 177
255 51 177
255 52 177
255 52 177
255 52 177
255 52 177
255 52 177
255 52 176
255 52 176
255 52 176
255 52 176
255 53 176
255 53 176
255 53 176
255 53 176
255 53 176
255 53 175
255 53 175
255 53 175
255 53 175
255 54 175
255 54 175
255 54 175
255 54 175
255 54 175
255 54 174
255 54 174
255 54 174
255 54 174
255 55 174
255 55 174
255 55 174
255 55 174
255 55 174
255 55 173
255 55 173
255 55 173
255 55 173
255 56 173
255 56 173
255 56 173
255 56 173
255 56 172
255 56 172
255 56 172
255 56 172
255 56 172
255 57 172
255 57 172
255 57 172
255 57 172
255 57 171
255 57 171
255 57 171
255 57 171
255 57 171
255 58 171
255 58 171
255 58 171
255 58 171
255 58 170
255 58 170
255 58 170
255 58 170
255 58 170
255 59 170
255 59 170
255 59 170
255 59 170
255 59 169
255 59 169
255 59 169
255 59 169
255 59 169
255 60 169
255 60 169
255 60 169
255 60 169
255 60 168
255 60 168
255 60 168
255 60 168
255 60 168
255 61 168
255 61 168
255 61 168
255 61 168
255 61 167
255 61 167
255 61 167
255 61 167
255 61 167
255 62 167
255 62 167
255 62 167
255 62 167
255 62 166
255 62 166
255 62 166
255 62 166
255 63 166
255 63 166
255 63 166
255 63 166
255 63 166
255 63 165
255 63 165
255 63 165
255 63 165
255 64 165
255 64 165
255 64 165
255 64 165
255 64 165
255 64 164
255 64 164
255 64 164
255 64 164
255 65 164
255 65 164
255 65 164
255 65 164
255 65 164
255 65 163
255 65 163
255 65 163
255 65 163
255 66 163
255 66 163
255 66 163
255 66 163
255 66 163
255 66 162
255 66 162
255 66 162
255 66 162
255 67 162
255 67 162
255 67 162
255 67 162
255 67 162
255 67 161
255 67 161
255 67 161
255 67 161
255 68 161
255 68 161
255 68 161
255 68 161
255 68 160
255 68 160
255 68 160
255 68 160
255 68 160
255 69 160
255 69 160
255 69 160
255 69 160
255 69 159
255 69 159
255 69 159
255 69 159
255 69 159
255 70 159
255 70 159
255 70 159
255 70 159
255 70 158
255 70 158
255 70 158
255 70 158
255 70 158
255 71 158
255 71 158
255 71 158
255 71 158
255 71 157
255 71 157
255 71 157
255 71 157
255 71 157
255 72 157
255 72 157
255 72 157
255 72 157
255 72 156
255 72 156
255 72 156
255 72 156
255 72 156
255 73 156
255 73 156
255 73 156
255 73 156
255 73 155
255 73 155
255 73 155
255 73 155
255 73 155
255 74 155
255 74 155
255 74 155
255 74 155
255 74 154
255 74 154
255 74 154
255 74 154
255 75 154
255 75 154
255 75 154
255 75 154
255 75 154
255 75 153
255 75 153
255 75 153
255 75 153
255 76 153
255 76 153
255 76 153
255 76 153
255 76 153
255 76 152
255 76 152
255 76 152
255 76 152
255 77 152
255 77 152
255 77 152
255 77 152
255 77 152
255 77 151
255 77 151
255 77 151
255 77 151
255 78 151
255 78 151
255 78 151
255 78 151
255 78 151
255 78 150
255 78 150
255 78 150
255 78 150
255 79 150
255 79 150
255 79 150
255 79 150
255 79 150
255 79 149
255 79 149
255 79 149
255 79 149
255 80 149
255 80 149
255 80 149
255 80 149
255 80 149
255 80 148
255 80 148
255 80 148
255 80 148
255 81 148
255 81 148
255 81 148
255 81 148
255 81 147
255 81 147
255 81 147
255 81 147
255 81 147
255 82 147
255 82 147
255 82 147
255 82 147
255 82 146
255 82 146
255 82 146
255 82 146
255 82 146
255 83 146
255 83 146
255 83 146
255 83 146
255 83 145
255 83 145
255 83 145
255 83 145
255 83 145
255 84 145
255 84 145
255 84 145
255 84 145
255 84 144
255 84 144
255 84 144
255 84 144
255 84 144
255 85 144
255 85 144
255 85 144
255 85 144
255 85 143
255 85 143
255 85 143
255 85 143
255 85 143
255 86 143
255 86 143
255 86 143
255 86 143
255 86 142
255 86 142
255 86 142
255 86 142
255 87 142
255 87 142
255 87 142
255 87 142
255 87 142
255 87 141
255 87 141
255 87 141
255 87 141
255 88 141
255 88 141
255 88 141
255 88 141
255 88 141
255 88 140
255 88 140
255 88 140
255 88 140
255 89 140
255 89 140
255 89 140
255 89 140
255 89 140
255 89 139
255 89 139
255 89 139
255 89 139
255 90 139
255 90 139
255 90 139
255 90 139
255 90 139
255 90 138
255 90 138
255 90 138
255 90 138
255 91 138
255 91 138
255 91 138
255 91 138
255 91 138
255 91 137
255 91 137
255 91 137
255 91 137
255 92 137
255 92 137
255 92 137
255 92 137
255 92 137
255 92 136
255 92 136
255 92 136
255 92 136
255 93 136
255 93 136
255 93 136
255 93 136
255 93 135
255 93 135
255 93 135
255 93 135
255 93 135
255 94 135
255 94 135
255 94 135
255 94 135
255 94 134
255 94 134
255 94 134
255 94 134
255 94 134
255 95 134
255 95 134
255 95 134
255 95 134
255 95 133
255 95 133
255 95 133
255 95 133
255 95 133
255 96 133
255 96 133
255 96 133
255 96 133
255 96 132
255 96 132
255 96 132
255 96 132
255 96 132
255 97 132
255 97 132
255 97 132
255 97 132
255 97 131
255 97 131
255 97 131
255 97 131
255 97 131
255 98 131
255 98 131
255 98 131
255 98 131
255 98 130
255 98 130
255 98 130
255 98 130
255 98 130
255 99 130
255 99 130
255 99 130
255 99 130
255 99 129
255 99 129
255 99 129
255 99 129
255 100 129
255 100 129
255 100 129
255 100 129
255 100 129
255 100 128
255 100 128
255 100 128
255 100 128
255 101 128
255 101 128
255 101 128
255 101 128
255 101 128
255 101 127
255 101 127
255 101 127
255 101 127
255 102 127
255 102 127
255 102 127
255 102 127
255 102 127
255 102 126
255 102 126
255 102 126
255 102 126
255 103 126
255 103 126
255 103 126
255 103 126
255 103 126
255 103 125
255 103 125
255 103 125
255 103 125
255 104 125
255 104 125
255 104 125
255 104 125
255 104 125
255 104 124
255 104 124
255 104 124
255 104 124
255 105 124
255 105 124
255 105 124
255 105 124
255 105 123
255 105 123
255 105 123
255 105 123
255 105 123
255 106 123
255 106 123
255 106 123
255 106 123
255 106 122
255 106 122
255 106 122
255 106 122
255 106 122
255 107 122
255 107 122
255 107 122
255 107 122
255 107 121
255 107 121
255 107 121
255 107 121
255 107 121
255 108 121
255 108 121
255 108 121
255 108 121
255 108 120
255 108 120
255 108 120
255 108 120
255 108 120
255 109 120
255 109 120
255 109 120
255 109 120
255 109 119
255 109 119
255 109 119
255 109 119
255 109 119
255 110 119
255 110 119
255 110 119
255 110 119
255 110 118
255 110 118
255 110 118
255 110 118
255 110 118
255 111 118
255 111 118
255 111 118
255 111 118
255 111 117
255 111 117
255 111 117
255 111 117
255 112 117
255 112 117
255 112 117
255 112 117
255 112 117
255 112 116
255 112 116
255 112 116
255 112 116
255 113 116
255 113 116
255 113 116
255 113 116
255 113 116
255 113 115
255 113 115
255 113 115
255 113 115
255 114 115
255 114 115
255 114 115
255 114 115
255 114 115
255 114 114
255 114 114
255 114 114
255 114 114
255 115 114
255 115 114
255 115 114
255 115 114
255 115 114
255 115 113
255 115 113
255 115 113
255 115 113
255 116 113
255 116 113
255 116 113
255 116 113
255 116 113
255 116 112
255 116 112
255 116 112
255 116 112
255 117 112
255 117 112
255 117 112
255 117 112
255 117 112
255 117 111
255 117 111
255 117 111
255 117 111
255 118 111
255 118 111
255 118 111
255 118 111
255 118 110
255 118 110
255 118 110
255 118 110
255 118 110
255 119 110
255 119 110
255 119 110
255 119 110
255 119 109
255 119 109
255 119 109
255 119 109
255 119 109
255 120 109
255 120 109
255 120 109
255 120 109
255 120 108
255 120 108
255 120 108
255 120 108
255 120 108
255 121 108
255 121 108
255 121 108
255 121 108
255 121 107
255 121 107
255 121 107
255 121 107
255 121 107
255 122 107
255 122 107
255 122 107
255 122 107
255 122 106
255 122 106
255 122 106
255 122 106
255 122 106
255 123 106
255 123 106
255 123 106
255 123 106
255 123 105
255 123 105
255 123 105
255 123 105
255 123 105
255 124 105
255 124 105
255 124 105
255 124 105
255 124 104
255 124 104
255 124 104
255 124 104
255 125 104
255 125 104
255 125 104
255 125 104
255 125 104
255 125 103
255 125 103
255 125 103
255 125 103
255 126 103
255 126 103
255 126 103
255 126 103
255 126 103
255 126 102
255 126 102
255 126 102
255 126 102
255 127 102
255 127 102
255 127 102
255 127 102
255 127 102
255 127 101
255 127 101
255 127 101
255 127 101
255 128 101
255 128 101
255 128 101
255 128 101
255 128 101
255 128 100
255 128 100
255 128 100
255 128 100
255 129 100
255 129 100
255 129 100
255 129 100
255 129 100
255 129 99
255 129 99
255 129 99
255 129 99
255 130 99
255 130 99
255 130 99
255 130 99
255 130 98
255 130 98
255 130 98
255 130 98
255 130 98
255 131 98
255 131 98
255 131 98
255 131 98
255 131 97
255 131 97
255 131 97
255 131 97
255 131 97
255 132 97
255 132 97
255 132 97
255 132 97
255 132 96
255 132 96
255 132 96
255 132 96
255 132 96
255 133 96
255 133 96
255 133 96
255 133 96
255 133 95
255 133 95
255 133 95
255 133 95
255 133 95
255 134 95
255 134 95
255 134 95
255 134 95
255 134 94
255 134 94
255 134 94
255 134 94
255 134 94
255 135 94
255 135 94
255 135 94
255 135 94
255 135 93
255 135 93
255 135 93
255 135 93
255 135 93
255 136 93
255 136 93
255 136 93
255 136 93
255 136 92
255 136 92
255 136 92
255 136 92
255 137 92
255 137 92
255 137 92
255 137 92
255 137 92
255 137 91
255 137 91
255 137 91
255 137 91
255 138 91
255 138 91
255 138 91
255 138 91
255 138 91
255 138 90
255 138 90
255 138 90
255 138 90
255 139 90
255 139 90
255 139 90
255 139 90
255 139 90
255 139 89
255 139 89
255 139 89
255 139 89
255 140 89
255 140 89
255 140 89
255 140 89
255 140 89
255 140 88
255 140 88
255 140 88
255 140 88
255 141 88
255 141 88
255 141 88
255 141 88
255 141 88
255 141 87
255 141 87
255 141 87
255 141 87
255 142 87
255 142 87
255 142 87
255 142 87
255 142 87
255 142 86
255 142 86
255 142 86
255 142 86
255 143 86
255 143 86
255 143 86
255 143 86
255 143 85
255 143 85
255 143 85
255 143 85
255 143 85
255 144 85
255 144 85
255 144 85
255 144 85
255 144 84
255 144 84
255 144 84
255 144 84
255 144 84
255 145 84
255 145 84
255 145 84
255 145 84
255 145 83
255 145 83
255 145 83
255 145 83
255 145 83
255 146 83
255 146 83
255 146 83
255 146 83
255 146 82
255 146 82
255 146 82
255 146 82
255 146 82
255 147 82
255 147 82
255 147 82
255 147 82
255 147 81
255 147 81
255 147 81
255 147 81
255 147 81
255 148 81
255 148 81
255 148 81
255 148 81
255 148 80
255 148 80
255 148 80
255 148 80
255 149 80
255 149 80
255 149 80
255 149 80
255 149 80
255 149 79
255 149 79
255 149 79
255 149 79
255 150 79
255 150 79
255 150 79
255 150 79
255 150 79
255 150 78
255 150 78
255 150 78
255 150 78
255 151 78
255 151 78
255 151 78
255 151 78
255 151 78
255 151 77
255 151 77
255 151 77
255 151 77
255 152 77
255 152 77
255 152 77
255 152 77
255 152 77
255 152 76
255 152 76
255 152 76
255 152 76
255 153 76
255 153 76
255 153 76
255 153 76
255 153 76
255 153 75
255 153 75
255 153 75
255 153 75
255 154 75
255 154 75
255 154 75
255 154 75
255 154 75
255 154 74
255 154 74
255 154 74
255 154 74
255 155 74
255 155 74
255 155 74
255 155 74
255 155 73
255 155 73
255 155 73
255 155 73
255 155 73
255 156 73
255 156 73
255 156 73
255 156 73
255 156 72
255 156 72
255 156 72
255 156 72
255 156 72
255 157 72
255 157 72
255 157 72
255 157 72
255 157 71
255 157 71
255 157 71
255 157 71
255 157 71
255 158 71
255 158 71
255 158 71
255 158 71
255 158 70
255 158 70
255 158 70
255 158 70
255 158 70
255 159 70
255 159 70
255 159 70
255 159 70
255 159 69
255 159 69
255 159 69
255 159 69
255 159 69
255 160 69
255 160 69
255 160 69
255 160 69
255 160 68
255 160 68
255 160 68
255 160 68
255 160 68
255 161 68
255 161 68
255 161 68
255 161 68
255 161 67
255 161 67
255 161 67
255 161 67
255 162 67
255 162 67
255 162 67
255 162 67
255 162 67
255 162 66
255 162 66
255 162 66
255 162 66
255 163 66
255 163 66
255 163 66
255 163 66
255 163 66
255 163 65
255 163 65
255 163 65
255 163 65
255 164 65
255 164 65
255 164 65
255 164 65
255 164 65
255 164 64
255 164 64
255 164 64
255 164 64
255 165 64
255 165 64
255 165 64
255 165 64
255 165 64
255 165 63
255 165 63
255 165 63
255 165 63
255 166 63
255 166 63
255 166 63
255 166 63
255 166 63
255 166 62
255 166 62
255 166 62
255 166 62
255 167 62
255 167 62
255 167 62
255 167 62
255 167 61
255 167 61
255 167 61
255 167 61
255 167 61
255 168 61
255 168 61
255 168 61
255 168 61
255 168 60
255 168 60
255 168 60
255 168 60
255 168 60
255 169 60
255 169 60
255 169 60
255 169 60
255 169 59
255 169 59
255 169 59
255 169 59
255 169 59
255 170 59
255 170 59
255 170 59
255 170 59
255 170 58
255 170 58
255 170 58
255 170 58
255 170 58
255 171 58
255 171 58
255 171 58
255 171 58
255 171 57
255 171 57
255 171 57
255 171 57
255 171 57
255 172 57
255 172 57
255 172 57
255 172 57
255 172 56
255 172 56
255 172 56
255 172 56
255 172 56
255 173 56
255 173 56
255 173 56
255 173 56
255 173 55
255 173 55
255 173 55
255 173 55
255 174 55
255 174 55
255 174 55
255 174 55
255 174 55
255 174 54
255 174 54
255 174 54
255 174 54
255 175 54
255 175 54
255 175 54
255 175 54
255 175 54
255 175 53
255 175 53
255 175 53
255 175 53
255 176 53
255 176 53
255 176 53
255 176 53
255 176 53
255 176 52
255 176 52
255 176 52
255 176 52
255 177 52
255 177 52
255 177 52
255 177 52
255 177 52
255 177 51
255 177 51
255 177 51
255 177 51
255 178 51
255 178 51
255 178 51
255 178 51
255 178 51
255 178 50
255 178 50
255 178 50
255 178 50
255 179 50
255 179 50
255 179 50
255 179 50
255 179 50
255 179 49
255 179 49
255 179 49
255 179 49
255 180 49
255 180 49
255 180 49
255 180 49
255 180 48
255 180 48
255 180 48
255 180 48
255 180 48
255 181 48
255 181 48
255 181 48
255 181 48
255 181 47
255 181 47
255 181 47
255 181 47
255 181 47
255 182 47
255 182 47
255 182 47
255 182 47
255 182 46
255 182 46
255 182 46
255 182 46
255 182 46
255 183 46
255 183 46
255 183 46
255 183 46
255 183 45
255 183 45
255 183 45
255 183 45
255 183 45
255 184 45
255 184 45
255 184 45
255 184 45
255 184 44
255 184 44
255 184 44
255 184 44
255 184 44
255 185 44
255 185 44
255 185 44
255 185 44
255 185 43
255 185 43
255 185 43
255 185 43
255 185 43
255 186 43
255 186 43
255 186 43
255 186 43
255 186 42
255 186 42
255 186 42
255 186 42
255 187 42
255 187 42
255 187 42
255 187 42
255 187 42
255 187 41
255 187 41
255 187 41
255 187 41
255 188 41
255 188 41
255 188 41
255 188 41
255 188 41
255 188 40
255 188 40
255 188 40
255 188 40
255 189 40
255 189 40
255 189 40
255 189 40
255 189 40
255 189 39
255 189 39
255 189 39
255 189 39
255 190 39
255 190 39
255 190 39
255 190 39
255 190 39
255 190 38
255 190 38
255 190 38
255 190 38
255 191 38
255 191 38
255 191 38
255 191 38
255 191 38
255 191 37
255 191 37
255 191 37
255 191 37
255 192 37
255 192 37
255 192 37
255 192 37
255 192 36
255 192 36
255 192 36
255 192 36
255 192 36
255 193 36
255 193 36
255 193 36
255 193 36
255 193 35
255 193 35
255 193 35
255 193 35
255 193 35
255 194 35
255 194 35
255 194 35
255 194 35
255 194 34
255 194 34
255 194 34
255 194 34
255 194 34
255 195 34
255 195 34
255 195 34
255 195 34
255 195 33
255 195 33
255 195 33
255 195 33
255 195 33
255 196 33
255 196 33
255 196 33
255 196 33
255 196 32
255 196 32
255 196 32
255 196 32
255 196 32
255 197 32
255 197 32
255 197 32
255 197 32
255 197 31
255 197 31
255 197 31
255 197 31
255 197 31
255 198 31
255 198 31
255 198 31
255 198 31
255 198 30
255 198 30
255 198 30
255 198 30
255 199 30
255 199 30
255 199 30
255 199 30
255 199 30
255 199 29
255 199 29
255 199 29
255 199 29
255 200 29
255 200 29
255 200 29
255 200 29
255 200 29
255 200 28
255 200 28
255 200 28
255 200 28
255 201 28
255 201 28
255 201 28
255 201 28
255 201 28
255 201 27
255 201 27
255 201 27
255 201 27
255 202 27
255 202 27
255 202 27
255 202 27
255 202 27
255 202 26
255 202 26
255 202 26
255 202 26
255 203 26
255 203 26
255 203 26
255 203 26
255 203 26
255 203 25
255 203 25
255 203 25
255 203 25
255 204 25
255 204 25
255 204 25
255 204 25
255 204 25
255 204 24
255 204 24
255 204 24
255 204 24
255 205 24
255 205 24
255 205 24
255 205 24
255 205 23
255 205 23
255 205 23
255 205 23
255 205 23
255 206 23
255 206 23
255 206 23
255 206 23
255 206 22
255 206 22
255 206 22
255 206 22
255 206 22
255 207 22
255 207 22
255 207 22
255 207 22
255 207 21
255 207 21
255 207 21
255 207 21
255 207 21
255 208 21
255 208 21
255 208 21
255 208 21
255 208 20
255 208 20
255 208 20
255 208 20
255 208 20
255 209 20
255 209 20
255 209 20
255 209 20
255 209 19
255 209 19
255 209 19
255 209 19
255 209 19
255 210 19
255 210 19
255 210 19
255 210 19
255 210 18
255 210 18
255 210 18
255 210 18
255 211 18
255 211 18
255 211 18
255 211 18
255 211 18
255 211 17
255 211 17
255 211 17
255 211 17
255 212 17
255 212 17
255 212 17
255 212 17
255 212 17
255 212 16
255 212 16
255 212 16
255 212 16
255 213 16
255 213 16
255 213 16
255 213 16
255 213 16
255 213 15
255 213 15
255 213 15
255 213 15
255 214 15
255 214 15
255 214 15
255 214 15
255 214 15
255 214 14
255 214 14
255 214 14
255 214 14
255 215 14
255 215 14
255 215 14
255 215 14
255 215 14
255 215 13
255 215 13
255 215 13
255 215 13
255 216 13
255 216 13
255 216 13
255 216 13
255 216 13
255 216 12
255 216 12
255 216 12
255 216 12
255 217 12
255 217 12
255 217 12
255 217 12
255 217 11
255 217 11
255 217 11
255 217 11
255 217 11
255 218 11
255 218 11
255 218 11
255 218 11
255 218 10
255 218 10
255 218 10
255 218 10
255 218 10
255 219 10
255 219 10
255 219 10
255 219 10
255 219 9
255 219 9
255 219 9
255 219 9
255 219 9
255 220 9
255 220 9
255 220 9
255 220 9
255 220 8
255 220 8
255 220 8
255 220 8
255 220 8
255 221 8
255 221 8
255 221 8
255 221 8
255 221 7
255 221 7
255 221 7
255 221 7
255 221 7
255 222 7
255 222 7
255 222 7
255 222 7
255 222 6
255 222 6
255 222 6
255 222 6
255 222 6
255 223 6
255 223 6
255 223 6
255 223 6
255 223 5
255 223 5
255 223 5
255 223 5
255 224 5
255 224 5
255 224 5
255 224 5
255 224 5
255 224 4
255 224 4
255 224 4
255 224 4
255 225 4
255 225 4
255 225 4
255 225 4
255 225 4
255 225 3
255 225 3
255 225 3
255 225 3
255 226 3
255 226 3
255 226 3
255 226 3
255 226 3
255 226 2
255 226 2
255 226 2
255 226 2
255 227 2
255 227 2
255 227 2
255 227 2
255 227 2
255 227 1
255 227 1
255 227 1
255 227 1
255 228 1
255 228 1
255 228 1
255 228 1
255 228 1
255 228 0
255 228 0
255 228 0
255 228 0
255 229 0
255 229 0
255 229 0
255 229 0
255 229 0
