0 114 91
0 114 91
0 114 91
0 114 91
0 114 91
0 115 91
0 115 91
0 115 91
0 115 91
1 115 91
1 115 91
1 115 91
1 115 91
1 115 91
1 115 91
1 115 91
1 115 91
2 115 91
2 115 91
2 115 91
2 115 91
2 115 91
2 115 91
2 116 91
2 116 91
3 116 91
3 116 91
3 116 91
3 116 91
3 116 91
3 116 91
3 116 91
3 116 91
4 116 91
4 116 91
4 116 91
4 116 91
4 116 91
4 116 91
4 116 91
4 116 91
5 117 91
5 117 91
5 117 91
5 117 91
5 117 91
5 117 91
5 117 91
5 117 91
6 117 91
6 117 91
6 117 91
6 117 91
6 117 91
6 117 91
6 117 91
6 117 91
7 117 91
7 118 91
7 118 91
7 118 91
7 118 91
7 118 91
7 118 91
7 118 91
8 118 91
8 118 91
8 118 91
8 118 91
8 118 91
8 118 91
8 118 91
8 118 91
9 118 91
9 118 91
9 118 91
9 119 91
9 119 91
9 119 91
9 119 91
9 119 91
10 119 91
10 119 91
10 119 91
10 119 91
10 119 91
10 119 91
10 119 91
10 119 91
11 119 91
11 119 91
11 119 91
11 119 91
11 119 91
11 120 91
11 120 91
11 120 91
12 120 91
12 120 91
12 120 91
12 120 91
12 120 91
12 120 91
12 120 91
12 120 91
13 120 91
13 120 91
13 120 91
13 120 91
13 120 91
13 120 91
13 120 91
13 121 91
14 121 91
14 121 91
14 121 91
14 121 91
14 121 91
14 121 91
14 121 91
14 121 91
15 121 91
15 121 91
15 121 91
15 121 91
15 121 91
15 121 91
15 121 91
15 121 91
16 121 91
16 122 91
16 122 91
16 122 91
16 122 91
16 122 91
16 122 91
16 122 91
17 122 91
17 122 91
17 122 91
17 122 91
17 122 91
17 122 91
17 122 91
17 122 91
18 122 91
18 122 91
18 122 91
18 123 91
18 123 91
18 123 91
18 123 91
18 123 91
19 123 91
19 123 91
19 123 91
19 123 91
19 123 91
19 123 91
19 123 91
19 123 91
20 123 91
20 123 91
20 123 91
20 123 91
20 123 91
20 124 91
20 124 91
20 124 91
21 124 91
21 124 91
21 124 91
21 124 91
21 124 91
21 124 91
21 124 91
21 124 91
22 124 91
22 124 91
22 124 91
22 124 91
22 124 91
22 124 91
22 125 91
22 125 91
23 125 91
23 125 91
23 125 91
23 125 91
23 125 91
23 125 91
23 125 91
23 125 91
24 125 91
24 125 91
24 125 91
24 125 91
24 125 91
24 125 91
24 125 91
24 125 91
25 126 91
25 126 91
25 126 91
25 126 91
25 126 91
25 126 91
25 126 91
25 126 91
26 126 91
26 126 91
26 126 91
26 126 91
26 126 91
26 126 91
26 126 91
26 126 91
27 126 91
27 126 91
27 127 91
27 127 91
27 127 91
27 127 91
27 127 91
27 127 91
28 127 91
28 127 91
28 127 91
28 127 91
28 127 91
28 127 91
28 127 91
28 127 91
29 127 91
29 127 91
29 127 91
29 127 91
29 128 91
29 128 91
29 128 91
29 128 91
30 128 91
30 128 91
30 128 91
30 128 91
30 128 91
30 128 91
30 128 91
30 128 91
31 128 91
31 128 91
31 128 91
31 128 91
31 128 91
31 128 91
31 129 91
31 129 91
32 129 91
32 129 91
32 129 91
32 129 91
32 129 91
32 129 91
32 129 91
32 129 91
33 129 91
33 129 91
33 129 91
33 129 91
33 129 91
33 129 91
33 129 91
33 129 91
34 130 91
34 130 91
34 130 91
34 130 91
34 130 91
34 130 91
34 130 91
34 130 91
35 130 91
35 130 91
35 130 91
35 130 91
35 130 91
35 130 91
35 130 91
35 130 91
36 130 91
36 131 91
36 131 91
36 131 91
36 131 91
36 131 91
36 131 91
36 131 91
36 131 91
37 131 91
37 131 91
37 131 91
37 131 91
37 131 91
37 131 91
37 131 91
37 131 91
38 131 91
38 131 91
38 132 91
38 132 91
38 132 91
38 132 91
38 132 91
38 132 91
39 132 91
39 132 91
39 132 91
39 132 91
39 132 91
39 132 91
39 132 91
39 132 91
40 132 91
40 132 91
40 132 91
40 132 91
40 133 91
40 133 91
40 133 91
40 133 91
41 133 91
41 133 91
41 133 91
41 133 91
41 133 91
41 133 91
41 133 91
41 133 91
42 133 91
42 133 91
42 133 91
42 133 91
42 133 91
42 133 91
42 134 91
42 134 91
43 134 91
43 134 91
43 134 91
43 134 91
43 134 91
43 134 91
43 134 91
43 134 91
44 134 91
44 134 91
44 134 91
44 134 91
44 134 91
44 134 91
44 134 91
44 134 91
45 135 91
45 135 91
45 135 91
45 135 91
45 135 91
45 135 91
45 135 91
45 135 91
46 135 91
46 135 91
46 135 91
46 135 91
46 135 91
46 135 91
46 135 91
46 135 91
47 135 91
47 135 91
47 136 91
47 136 91
47 136 91
47 136 91
47 136 91
47 136 91
48 136 91
48 136 91
48 136 91
48 136 91
48 136 91
48 136 91
48 136 91
48 136 91
49 136 91
49 136 91
49 136 91
49 137 91
49 137 91
49 137 91
49 137 91
49 137 91
50 137 91
50 137 91
50 137 91
50 137 91
50 137 91
50 137 91
50 137 91
50 137 91
51 137 91
51 137 91
51 137 91
51 137 91
51 137 91
51 138 91
51 138 91
51 138 91
52 138 91
52 138 91
52 138 91
52 138 91
52 138 91
52 138 91
52 138 91
52 138 91
53 138 91
53 138 91
53 138 91
53 138 91
53 138 91
53 138 91
53 138 91
53 139 91
54 139 91
54 139 91
54 139 91
54 139 91
54 139 91
54 139 91
54 139 91
54 139 91
55 139 91
55 139 91
55 139 91
55 139 91
55 139 91
55 139 91
55 139 91
55 139 91
56 139 91
56 140 91
56 140 91
56 140 91
56 140 91
56 140 91
56 140 91
56 140 91
57 140 91
57 140 91
57 140 91
57 140 91
57 140 91
57 140 91
57 140 91
57 140 91
58 140 91
58 140 91
58 140 91
58 141 91
58 141 91
58 141 91
58 141 91
58 141 91
59 141 91
59 141 91
59 141 91
59 141 91
59 141 91
59 141 91
59 141 91
59 141 91
60 141 91
60 141 91
60 141 91
60 141 91
60 141 91
60 142 91
60 142 91
60 142 91
61 142 91
61 142 91
61 142 91
61 142 91
61 142 91
61 142 91
61 142 91
61 142 91
62 142 91
62 142 91
62 142 91
62 142 91
62 142 91
62 142 91
62 143 91
62 143 91
63 143 91
63 143 91
63 143 91
63 143 91
63 143 91
63 143 91
63 143 91
63 143 91
64 143 91
64 143 91
64 143 91
64 143 91
64 143 91
64 143 91
64 143 91
64 143 91
65 144 91
65 144 91
65 144 91
65 144 91
65 144 91
65 144 91
65 144 91
65 144 91
66 144 91
66 144 91
66 144 91
66 144 91
66 144 91
66 144 91
66 144 91
66 144 91
67 144 91
67 144 91
67 145 91
67 145 91
67 145 91
67 145 91
67 145 91
67 145 91
68 145 91
68 145 91
68 145 91
68 145 91
68 145 91
68 145 91
68 145 91
68 145 91
69 145 91
69 145 91
69 145 91
69 145 91
69 146 91
69 146 91
69 146 91
69 146 91
70 146 91
70 146 91
70 146 91
70 146 91
70 146 91
70 146 91
70 146 91
70 146 91
71 146 91
71 146 91
71 146 91
71 146 91
71 146 91
71 146 91
71 147 91
71 147 91
72 147 91
72 147 91
72 147 91
72 147 91
72 147 91
72 147 91
72 147 91
72 147 91
72 147 91
73 147 91
73 147 91
73 147 91
73 147 91
73 147 91
73 147 91
73 147 91
73 148 91
74 148 91
74 148 91
74 148 91
74 148 91
74 148 91
74 148 91
74 148 91
74 148 91
75 148 91
75 148 91
75 148 91
75 148 91
75 148 91
75 148 91
75 148 91
75 148 91
76 149 91
76 149 91
76 149 91
76 149 91
76 149 91
76 149 91
76 149 91
76 149 91
77 149 91
77 149 91
77 149 91
77 149 91
77 149 91
77 149 91
77 149 91
77 149 91
78 149 91
78 149 91
78 150 91
78 150 91
78 150 91
78 150 91
78 150 91
78 150 91
79 150 91
79 150 91
79 150 91
79 150 91
79 150 91
79 150 91
79 150 91
79 150 91
80 150 91
80 150 91
80 150 91
80 150 91
80 151 91
80 151 91
80 151 91
80 151 91
81 151 91
81 151 91
81 151 91
81 151 91
81 151 91
81 151 91
81 151 91
81 151 91
82 151 91
82 151 91
82 151 91
82 151 91
82 151 91
82 151 91
82 152 91
82 152 91
83 152 91
83 152 91
83 152 91
83 152 91
83 152 91
83 152 91
83 152 91
83 152 91
84 152 91
84 152 91
84 152 91
84 152 91
84 152 91
84 152 91
84 152 91
84 152 91
85 153 91
85 153 91
85 153 91
85 153 91
85 153 91
85 153 91
85 153 91
85 153 91
86 153 91
86 153 91
86 153 91
86 153 91
86 153 91
86 153 91
86 153 91
86 153 91
87 153 91
87 153 91
87 154 91
87 154 91
87 154 91
87 154 91
87 154 91
87 154 91
88 154 91
88 154 91
88 154 91
88 154 91
88 154 91
88 154 91
88 154 91
88 154 91
89 154 91
89 154 91
89 154 91
89 154 91
89 155 91
89 155 91
89 155 91
89 155 91
90 155 91
90 155 91
90 155 91
90 155 91
90 155 91
90 155 91
90 155 91
90 155 91
91 155 91
91 155 91
91 155 91
91 155 91
91 155 91
91 156 91
91 156 91
91 156 91
92 156 91
92 156 91
92 156 91
92 156 91
92 156 91
92 156 91
92 156 91
92 156 91
93 156 91
93 156 91
93 156 91
93 156 91
93 156 91
93 156 91
93 156 91
93 157 91
94 157 91
94 157 91
94 157 91
94 157 91
94 157 91
94 157 91
94 157 91
94 157 91
95 157 91
95 157 91
95 157 91
95 157 91
95 157 91
95 157 91
95 157 91
95 157 91
96 157 91
96 158 91
96 158 91
96 158 91
96 158 91
96 158 91
96 158 91
96 158 91
97 158 91
97 158 91
97 158 91
97 158 91
97 158 91
97 158 91
97 158 91
97 158 91
98 158 91
98 158 91
98 158 91
98 159 91
98 159 91
98 159 91
98 159 91
98 159 91
99 159 91
99 159 91
99 159 91
99 159 91
99 159 91
99 159 91
99 159 91
99 159 91
100 159 91
100 159 91
100 159 91
100 159 91
100 159 91
100 160 91
100 160 91
100 160 91
101 160 91
101 160 91
101 160 91
101 160 91
101 160 91
101 160 91
101 160 91
101 160 91
102 160 91
102 160 91
102 160 91
102 160 91
102 160 91
102 160 91
102 160 91
102 161 91
103 161 91
103 161 91
103 161 91
103 161 91
103 161 91
103 161 91
103 161 91
103 161 91
104 161 91
104 161 91
104 161 91
104 161 91
104 161 91
104 161 91
104 161 91
104 161 91
105 162 91
105 162 91
105 162 91
105 162 91
105 162 91
105 162 91
105 162 91
105 162 91
106 162 91
106 162 91
106 162 91
106 162 91
106 162 91
106 162 91
106 162 91
106 162 91
107 162 91
107 162 91
107 163 91
107 163 91
107 163 91
107 163 91
107 163 91
107 163 91
108 163 91
108 163 91
108 163 91
108 163 91
108 163 91
108 163 91
108 163 91
108 163 91
109 163 91
109 163 91
109 163 91
109 163 91
109 164 91
109 164 91
109 164 91
109 164 91
109 164 91
110 164 91
110 164 91
110 164 91
110 164 91
110 164 91
110 164 91
110 164 91
110 164 91
111 164 91
111 164 91
111 164 91
111 164 91
111 164 91
111 165 91
111 165 91
111 165 91
112 165 91
112 165 91
112 165 91
112 165 91
112 165 91
112 165 91
112 165 91
112 165 91
113 165 91
113 165 91
113 165 91
113 165 91
113 165 91
113 165 91
113 165 91
113 166 91
114 166 91
114 166 91
114 166 91
114 166 91
114 166 91
114 166 91
114 166 91
114 166 91
115 166 91
115 166 91
115 166 91
115 166 91
115 166 91
115 166 91
115 166 91
115 166 91
116 166 91
116 167 91
116 167 91
116 167 91
116 167 91
116 167 91
116 167 91
116 167 91
117 167 91
117 167 91
117 167 91
117 167 91
117 167 91
117 167 91
117 167 91
117 167 91
118 167 91
118 167 91
118 168 91
118 168 91
118 168 91
118 168 91
118 168 91
118 168 91
119 168 91
119 168 91
119 168 91
119 168 91
119 168 91
119 168 91
119 168 91
119 168 91
120 168 91
120 168 91
120 168 91
120 168 91
120 169 91
120 169 91
120 169 91
120 169 91
121 169 91
121 169 91
121 169 91
121 169 91
121 169 91
121 169 91
121 169 91
121 169 91
122 169 91
122 169 91
122 169 91
122 169 91
122 169 91
122 169 91
122 170 91
122 170 91
123 170 91
123 170 91
123 170 91
123 170 91
123 170 91
123 170 91
123 170 91
123 170 91
124 170 91
124 170 91
124 170 91
124 170 91
124 170 91
124 170 91
124 170 91
124 170 91
125 171 91
125 171 91
125 171 91
125 171 91
125 171 91
125 171 91
125 171 91
125 171 91
126 171 91
126 171 91
126 171 91
126 171 91
126 171 91
126 171 91
126 171 91
126 171 91
127 171 91
127 171 91
127 172 91
127 172 91
127 172 91
127 172 91
127 172 91
127 172 91
128 172 91
128 172 91
128 172 91
128 172 91
128 172 91
128 172 91
128 172 91
128 172 91
129 172 91
129 172 91
129 172 91
129 172 91
129 173 91
129 173 91
129 173 91
129 173 91
130 173 91
130 173 91
130 173 91
130 173 91
130 173 91
130 173 91
130 173 91
130 173 91
131 173 91
131 173 91
131 173 91
131 173 91
131 173 91
131 174 91
131 174 91
131 174 91
132 174 91
132 174 91
132 174 91
132 174 91
132 174 91
132 174 91
132 174 91
132 174 91
133 174 91
133 174 91
133 174 91
133 174 91
133 174 91
133 174 91
133 174 91
133 175 91
134 175 91
134 175 91
134 175 91
134 175 91
134 175 91
134 175 91
134 175 91
134 175 91
135 175 91
135 175 91
135 175 91
135 175 91
135 175 91
135 175 91
135 175 91
135 175 91
136 175 91
136 176 91
136 176 91
136 176 91
136 176 91
136 176 91
136 176 91
136 176 91
137 176 91
137 176 91
137 176 91
137 176 91
137 176 91
137 176 91
137 176 91
137 176 91
138 176 91
138 176 91
138 176 91
138 177 91
138 177 91
138 177 91
138 177 91
138 177 91
139 177 91
139 177 91
139 177 91
139 177 91
139 177 91
139 177 91
139 177 91
139 177 91
140 177 91
140 177 91
140 177 91
140 177 91
140 177 91
140 178 91
140 178 91
140 178 91
141 178 91
141 178 91
141 178 91
141 178 91
141 178 91
141 178 91
141 178 91
141 178 91
142 178 91
142 178 91
142 178 91
142 178 91
142 178 91
142 178 91
142 178 91
142 179 91
143 179 91
143 179 91
143 179 91
143 179 91
143 179 91
143 179 91
143 179 91
143 179 91
144 179 91
144 179 91
144 179 91
144 179 91
144 179 91
144 179 91
144 179 91
144 179 91
145 180 91
145 180 91
145 180 91
145 180 91
145 180 91
145 180 91
145 180 91
145 180 91
145 180 91
146 180 91
146 180 91
146 180 91
146 180 91
146 180 91
146 180 91
146 180 91
146 180 91
147 180 91
147 181 91
147 181 91
147 181 91
147 181 91
147 181 91
147 181 91
147 181 91
148 181 91
148 181 91
148 181 91
148 181 91
148 181 91
148 181 91
148 181 91
148 181 91
149 181 91
149 181 91
149 181 91
149 182 91
149 182 91
149 182 91
149 182 91
149 182 91
150 182 91
150 182 91
150 182 91
150 182 91
150 182 91
150 182 91
150 182 91
150 182 91
151 182 91
151 182 91
151 182 91
151 182 91
151 182 91
151 183 91
151 183 91
151 183 91
152 183 91
152 183 91
152 183 91
152 183 91
152 183 91
152 183 91
152 183 91
152 183 91
153 183 91
153 183 91
153 183 91
153 183 91
153 183 91
153 183 91
153 183 91
153 184 91
154 184 91
154 184 91
154 184 91
154 184 91
154 184 91
154 184 91
154 184 91
154 184 91
155 184 91
155 184 91
155 184 91
155 184 91
155 184 91
155 184 91
155 184 91
155 184 91
156 184 91
156 185 91
156 185 91
156 185 91
156 185 91
156 185 91
156 185 91
156 185 91
157 185 91
157 185 91
157 185 91
157 185 91
157 185 91
157 185 91
157 185 91
157 185 91
158 185 91
158 185 91
158 185 91
158 186 91
158 186 91
158 186 91
158 186 91
158 186 91
159 186 91
159 186 91
159 186 91
159 186 91
159 186 91
159 186 91
159 186 91
159 186 91
160 186 91
160 186 91
160 186 91
160 186 91
160 187 91
160 187 91
160 187 91
160 187 91
161 187 91
161 187 91
161 187 91
161 187 91
161 187 91
161 187 91
161 187 91
161 187 91
162 187 91
162 187 91
162 187 91
162 187 91
162 187 91
162 187 91
162 188 91
162 188 91
163 188 91
163 188 91
163 188 91
163 188 91
163 188 91
163 188 91
163 188 91
163 188 91
164 188 91
164 188 91
164 188 91
164 188 91
164 188 91
164 188 91
164 188 91
164 188 91
165 189 91
165 189 91
165 189 91
165 189 91
165 189 91
165 189 91
165 189 91
165 189 91
166 189 91
166 189 91
166 189 91
166 189 91
166 189 91
166 189 91
166 189 91
166 189 91
167 189 91
167 189 91
167 190 91
167 190 91
167 190 91
167 190 91
167 190 91
167 190 91
168 190 91
168 190 91
168 190 91
168 190 91
168 190 91
168 190 91
168 190 91
168 190 91
169 190 91
169 190 91
169 190 91
169 190 91
169 191 91
169 191 91
169 191 91
169 191 91
170 191 91
170 191 91
170 191 91
170 191 91
170 191 91
170 191 91
170 191 91
170 191 91
171 191 91
171 191 91
171 191 91
171 191 91
171 191 91
171 191 91
171 192 91
171 192 91
172 192 91
172 192 91
172 192 91
172 192 91
172 192 91
172 192 91
172 192 91
172 192 91
173 192 91
173 192 91
173 192 91
173 192 91
173 192 91
173 192 91
173 192 91
173 193 91
174 193 91
174 193 91
174 193 91
174 193 91
174 193 91
174 193 91
174 193 91
174 193 91
175 193 91
175 193 91
175 193 91
175 193 91
175 193 91
175 193 91
175 193 91
175 193 91
176 193 91
176 194 91
176 194 91
176 194 91
176 194 91
176 194 91
176 194 91
176 194 91
177 194 91
177 194 91
177 194 91
177 194 91
177 194 91
177 194 91
177 194 91
177 194 91
178 194 91
178 194 91
178 194 91
178 195 91
178 195 91
178 195 91
178 195 91
178 195 91
179 195 91
179 195 91
179 195 91
179 195 91
179 195 91
179 195 91
179 195 91
179 195 91
180 195 91
180 195 91
180 195 91
180 195 91
180 195 91
180 196 91
180 196 91
180 196 91
181 196 91
181 196 91
181 196 91
181 196 91
181 196 91
181 196 91
181 196 91
181 196 91
182 196 91
182 196 91
182 196 91
182 196 91
182 196 91
182 196 91
182 196 91
182 197 91
182 197 91
183 197 91
183 197 91
183 197 91
183 197 91
183 197 91
183 197 91
183 197 91
183 197 91
184 197 91
184 197 91
184 197 91
184 197 91
184 197 91
184 197 91
184 197 91
184 197 91
185 198 91
185 198 91
185 198 91
185 198 91
185 198 91
185 198 91
185 198 91
185 198 91
186 198 91
186 198 91
186 198 91
186 198 91
186 198 91
186 198 91
186 198 91
186 198 91
187 198 91
187 199 91
187 199 91
187 199 91
187 199 91
187 199 91
187 199 91
187 199 91
188 199 91
188 199 91
188 199 91
188 199 91
188 199 91
188 199 91
188 199 91
188 199 91
189 199 91
189 199 91
189 199 91
189 200 91
189 200 91
189 200 91
189 200 91
189 200 91
190 200 91
190 200 91
190 200 91
190 200 91
190 200 91
190 200 91
190 200 91
190 200 91
191 200 91
191 200 91
191 200 91
191 200 91
191 200 91
191 201 91
191 201 91
191 201 91
192 201 91
192 201 91
192 201 91
192 201 91
192 201 91
192 201 91
192 201 91
192 201 91
193 201 91
193 201 91
193 201 91
193 201 91
193 201 91
193 201 91
193 201 91
193 202 91
194 202 91
194 202 91
194 202 91
194 202 91
194 202 91
194 202 91
194 202 91
194 202 91
195 202 91
195 202 91
195 202 91
195 202 91
195 202 91
195 202 91
195 202 91
195 202 91
196 202 91
196 203 91
196 203 91
196 203 91
196 203 91
196 203 91
196 203 91
196 203 91
197 203 91
197 203 91
197 203 91
197 203 91
197 203 91
197 203 91
197 203 91
197 203 91
198 203 91
198 203 91
198 203 91
198 204 91
198 204 91
198 204 91
198 204 91
198 204 91
199 204 91
199 204 91
199 204 91
199 204 91
199 204 91
199 204 91
199 204 91
199 204 91
200 204 91
200 204 91
200 204 91
200 204 91
200 205 91
200 205 91
200 205 91
200 205 91
201 205 91
201 205 91
201 205 91
201 205 91
201 205 91
201 205 91
201 205 91
201 205 91
202 205 91
202 205 91
202 205 91
202 205 91
202 205 91
202 205 91
202 206 91
202 206 91
203 206 91
203 206 91
203 206 91
203 206 91
203 206 91
203 206 91
203 206 91
203 206 91
204 206 91
204 206 91
204 206 91
204 206 91
204 206 91
204 206 91
204 206 91
204 206 91
205 207 91
205 207 91
205 207 91
205 207 91
205 207 91
205 207 91
205 207 91
205 207 91
206 207 91
206 207 91
206 207 91
206 207 91
206 207 91
206 207 91
206 207 91
206 207 91
207 207 91
207 207 91
207 208 91
207 208 91
207 208 91
207 208 91
207 208 91
207 208 91
208 208 91
208 208 91
208 208 91
208 208 91
208 208 91
208 208 91
208 208 91
208 208 91
209 208 91
209 208 91
209 208 91
209 208 91
209 209 91
209 209 91
209 209 91
209 209 91
210 209 91
210 209 91
210 209 91
210 209 91
210 209 91
210 209 91
210 209 91
210 209 91
211 209 91
211 209 91
211 209 91
211 209 91
211 209 91
211 209 91
211 210 91
211 210 91
212 210 91
212 210 91
212 210 91
212 210 91
212 210 91
212 210 91
212 210 91
212 210 91
213 210 91
213 210 91
213 210 91
213 210 91
213 210 91
213 210 91
213 210 91
213 211 91
214 211 91
214 211 91
214 211 91
214 211 91
214 211 91
214 211 91
214 211 91
214 211 91
215 211 91
215 211 91
215 211 91
215 211 91
215 211 91
215 211 91
215 211 91
215 211 91
216 211 91
216 212 91
216 212 91
216 212 91
216 212 91
216 212 91
216 212 91
216 212 91
217 212 91
217 212 91
217 212 91
217 212 91
217 212 91
217 212 91
217 212 91
217 212 91
218 212 91
218 212 91
218 212 91
218 213 91
218 213 91
218 213 91
218 213 91
218 213 91
218 213 91
219 213 91
219 213 91
219 213 91
219 213 91
219 213 91
219 213 91
219 213 91
219 213 91
220 213 91
220 213 91
220 213 91
220 213 91
220 214 91
220 214 91
220 214 91
220 214 91
221 214 91
221 214 91
221 214 91
221 214 91
221 214 91
221 214 91
221 214 91
221 214 91
222 214 91
222 214 91
222 214 91
222 214 91
222 214 91
222 214 91
222 215 91
222 215 91
223 215 91
223 215 91
223 215 91
223 215 91
223 215 91
223 215 91
223 215 91
223 215 91
224 215 91
224 215 91
224 215 91
224 215 91
224 215 91
224 215 91
224 215 91
224 215 91
225 216 91
225 216 91
225 216 91
225 216 91
225 216 91
225 216 91
225 216 91
225 216 91
226 216 91
226 216 91
226 216 91
226 216 91
226 216 91
226 216 91
226 216 91
226 216 91
227 216 91
227 216 91
227 217 91
227 217 91
227 217 91
227 217 91
227 217 91
227 217 91
228 217 91
228 217 91
228 217 91
228 217 91
228 217 91
228 217 91
228 217 91
228 217 91
229 217 91
229 217 91
229 217 91
229 218 91
229 218 91
229 218 91
229 218 91
229 218 91
230 218 91
230 218 91
230 218 91
230 218 91
230 218 91
230 218 91
230 218 91
230 218 91
231 218 91
231 218 91
231 218 91
231 218 91
231 218 91
231 219 91
231 219 91
231 219 91
232 219 91
232 219 91
232 219 91
232 219 91
232 219 91
232 219 91
232 219 91
232 219 91
233 219 91
233 219 91
233 219 91
233 219 91
233 219 91
233 219 91
233 219 91
233 220 91
234 220 91
234 220 91
234 220 91
234 220 91
234 220 91
234 220 91
234 220 91
234 220 91
235 220 91
235 220 91
235 220 91
235 220 91
235 220 91
235 220 91
235 220 91
235 220 91
236 220 91
236 221 91
236 221 91
236 221 91
236 221 91
236 221 91
236 221 91
236 221 91
237 221 91
237 221 91
237 221 91
237 221 91
237 221 91
237 221 91
237 221 91
237 221 91
238 221 91
238 221 91
238 221 91
238 222 91
238 222 91
238 222 91
238 222 91
238 222 91
239 222 91
239 222 91
239 222 91
239 222 91
239 222 91
239 222 91
239 222 91
239 222 91
240 222 91
240 222 91
240 222 91
240 222 91
240 222 91
240 223 91
240 223 91
240 223 91
241 223 91
241 223 91
241 223 91
241 223 91
241 223 91
241 223 91
241 223 91
241 223 91
242 223 91
242 223 91
242 223 91
242 223 91
242 223 91
242 223 91
242 224 91
242 224 91
243 224 91
243 224 91
243 224 91
243 224 91
243 224 91
243 224 91
243 224 91
243 224 91
244 224 91
244 224 91
244 224 91
244 224 91
244 224 91
244 224 91
244 224 91
244 224 91
245 225 91
245 225 91
245 225 91
245 225 91
245 225 91
245 225 91
245 225 91
245 225 91
246 225 91
246 225 91
246 225 91
246 225 91
246 225 91
246 225 91
246 225 91
246 225 91
247 225 91
247 225 91
247 226 91
247 226 91
247 226 91
247 226 91
247 226 91
247 226 91
248 226 91
248 226 91
248 226 91
248 226 91
248 226 91
248 226 91
248 226 91
248 226 91
249 226 91
249 226 91
249 226 91
249 226 91
249 227 91
249 227 91
249 227 91
249 227 91
250 227 91
250 227 91
250 227 91
250 227 91
250 227 91
250 227 91
250 227 91
250 227 91
251 227 91
251 227 91
251 227 91
251 227 91
251 227 91
251 227 91
251 228 91
251 228 91
252 228 91
252 228 91
252 228 91
252 228 91
252 228 91
252 228 91
252 228 91
252 228 91
253 228 91
253 228 91
253 228 91
253 228 91
253 228 91
253 228 91
253 228 91
253 228 91
254 229 91
254 229 91
254 229 91
254 229 91
254 229 91
254 229 91
254 229 91
254 229 91
255 229 91
