51 45 137
50 46 137
50 46 138
50 46 138
50 47 138
50 47 139
50 47 139
49 47 139
49 48 140
49 48 140
49 48 140
49 49 140
49 49 141
48 49 141
48 50 141
48 50 142
48 50 142
48 50 142
48 51 143
47 51 143
47 51 143
47 52 143
47 52 144
47 52 144
47 53 144
46 53 145
46 53 145
46 53 145
46 54 146
46 54 146
46 54 146
45 55 146
45 55 147
45 55 147
45 56 147
45 56 148
45 56 148
44 56 148
44 57 149
44 57 149
44 57 149
44 58 149
44 58 150
43 58 150
43 59 150
43 59 151
43 59 151
43 59 151
43 60 152
42 60 152
42 60 152
42 61 152
42 61 153
42 61 153
42 62 153
41 62 154
41 62 154
41 62 154
41 63 155
41 63 155
41 63 155
40 64 155
40 64 156
40 64 156
40 65 156
40 65 157
40 65 157
39 65 157
39 66 158
39 66 158
39 66 158
39 67 158
39 67 159
38 67 159
38 68 159
38 68 160
38 68 160
38 68 160
38 69 161
37 69 161
37 69 161
37 70 161
37 70 162
37 70 162
37 71 162
36 71 163
36 71 163
36 71 163
36 72 164
36 72 164
36 72 164
35 73 164
35 73 165
35 73 165
35 74 165
35 74 166
35 74 166
34 74 166
34 75 166
34 75 167
34 75 167
34 76 167
34 76 168
33 76 168
33 76 168
33 77 169
33 77 169
33 77 169
33 78 169
32 78 170
32 78 170
32 79 170
32 79 171
32 79 171
32 79 171
31 80 172
31 80 172
31 80 172
31 81 172
31 81 173
31 81 173
30 82 173
30 82 174
30 82 174
30 82 174
30 83 175
30 83 175
29 83 175
29 84 175
29 84 176
29 84 176
29 85 176
29 85 177
28 85 177
28 85 177
28 86 178
28 86 178
28 86 178
28 87 178
27 87 179
27 87 179
27 88 179
27 88 180
27 88 180
27 88 180
26 89 181
26 89 181
26 89 181
26 90 181
26 90 182
26 90 182
25 91 182
25 91 183
25 91 183
25 91 183
25 92 184
25 92 184
24 92 184
24 93 184
24 93 185
24 93 185
24 94 185
24 94 186
23 94 186
23 94 186
23 95 187
23 95 187
23 95 187
23 96 187
22 96 188
22 96 188
22 97 188
22 97 189
22 97 189
22 97 189
21 98 190
21 98 190
21 98 190
21 99 190
21 99 191
21 99 191
20 100 191
20 100 192
20 100 192
20 100 192
20 101 193
20 101 193
19 101 193
19 102 193
19 102 194
19 102 194
19 103 194
19 103 195
18 103 195
18 103 195
18 104 195
18 104 196
18 104 196
18 105 196
17 105 197
17 105 197
17 105 197
17 106 198
17 106 198
17 106 198
16 107 198
16 107 199
16 107 199
16 108 199
16 108 200
16 108 200
15 108 200
15 109 201
15 109 201
15 109 201
15 110 201
15 110 202
14 110 202
14 111 202
14 111 203
14 111 203
14 111 203
14 112 204
13 112 204
13 112 204
13 113 204
13 113 205
13 113 205
13 114 205
12 114 206
12 114 206
12 114 206
12 115 207
12 115 207
12 115 207
11 116 207
11 116 208
11 116 208
11 117 208
11 117 209
11 117 209
10 117 209
10 118 210
10 118 210
10 118 210
10 119 210
10 119 211
9 119 211
9 120 211
9 120 212
9 120 212
9 120 212
9 121 213
8 121 213
8 121 213
8 122 213
8 122 214
8 122 214
8 123 214
7 123 215
7 123 215
7 123 215
7 124 216
7 124 216
7 124 216
6 125 216
6 125 217
6 125 217
6 126 217
6 126 218
6 126 218
5 126 218
5 127 219
5 127 219
5 127 219
5 128 219
5 128 220
4 128 220
4 129 220
4 129 221
4 129 221
4 129 221
4 130 222
3 130 222
3 130 222
3 131 222
3 131 223
3 131 223
3 132 223
2 132 224
2 132 224
2 132 224
2 133 225
2 133 225
2 133 225
2 134 225
1 134 226
1 134 226
1 134 226
1 135 227
1 135 227
1 135 227
0 136 227
0 136 228
0 136 228
0 137 228
0 137 229
0 137 229
0 137 228
0 138 228
0 138 227
0 138 226
0 138 226
0 139 225
0 139 224
0 139 224
0 139 223
0 139 222
0 140 222
0 140 221
0 140 220
0 140 220
0 141 219
0 141 218
0 141 218
0 141 217
0 141 216
0 142 216
0 142 215
0 142 214
0 142 214
0 143 213
0 143 212
0 143 212
0 143 211
0 143 210
0 144 210
0 144 209
0 144 208
0 144 208
0 145 207
0 145 206
0 145 205
0 145 205
0 145 204
0 146 203
0 146 203
0 146 202
0 146 201
0 147 201
0 147 200
0 147 199
0 147 199
0 148 198
0 148 197
0 148 197
0 148 196
0 148 195
0 149 195
0 149 194
0 149 193
0 149 193
0 150 192
0 150 191
0 150 191
0 150 190
0 150 189
0 151 189
0 151 188
0 151 187
0 151 187
0 152 186
0 152 185
0 152 185
0 152 184
0 152 183
0 153 183
0 153 182
0 153 181
0 153 181
0 154 180
0 154 179
0 154 179
0 154 178
0 154 177
0 155 177
0 155 176
0 155 175
0 155 175
0 156 174
0 156 173
0 156 173
0 156 172
0 156 171
0 157 171
0 157 170
0 157 169
0 157 168
0 158 168
0 158 167
0 158 166
0 158 166
0 158 165
0 159 164
0 159 164
0 159 163
0 159 162
0 160 162
0 160 161
0 160 160
0 160 160
0 161 159
0 161 158
0 161 158
0 161 157
0 161 156
0 162 156
0 162 155
0 162 154
0 162 154
0 163 153
0 163 152
0 163 152
0 163 151
0 163 150
0 164 150
0 164 149
0 164 148
0 164 148
0 165 147
0 165 146
0 165 146
0 165 145
0 165 144
0 166 144
0 166 143
0 166 142
0 166 142
0 167 141
0 167 140
0 167 140
0 167 139
0 167 138
0 168 138
0 168 137
0 168 136
0 168 136
0 169 135
0 169 134
0 169 134
0 169 133
0 169 132
0 170 131
0 170 131
0 170 130
0 170 129
0 171 129
0 171 128
0 171 127
0 171 127
0 171 126
0 172 125
0 172 125
0 172 124
0 172 123
0 173 123
0 173 122
0 173 121
0 173 121
0 174 120
0 174 119
0 174 119
0 174 118
0 174 117
0 175 117
0 175 116
0 175 115
0 175 115
0 176 114
0 176 113
0 176 113
0 176 112
0 176 111
0 177 111
0 177 110
0 177 109
0 177 109
0 178 108
0 178 107
0 178 107
0 178 106
0 178 105
0 179 105
0 179 104
0 179 103
0 179 103
0 180 102
0 180 101
0 180 101
0 180 100
0 180 99
0 181 99
0 181 98
0 181 97
0 181 97
0 182 96
0 182 95
0 182 94
0 182 94
0 182 93
0 183 92
0 183 92
0 183 91
0 183 91
1 183 92
1 183 92
2 183 92
2 184 92
3 184 92
3 184 92
4 184 92
4 184 92
5 184 92
5 184 92
6 184 92
6 184 92
7 184 93
7 184 93
8 185 93
8 185 93
9 185 93
9 185 93
10 185 93
10 185 93
11 185 93
11 185 93
12 185 93
12 185 94
13 185 94
13 186 94
14 186 94
14 186 94
15 186 94
15 186 94
16 186 94
16 186 94
17 186 94
17 186 94
18 186 95
18 186 95
19 187 95
19 187 95
20 187 95
20 187 95
21 187 95
21 187 95
22 187 95
22 187 95
23 187 95
23 187 96
24 187 96
24 188 96
25 188 96
25 188 96
26 188 96
26 188 96
27 188 96
27 188 96
28 188 96
28 188 96
29 188 97
29 188 97
30 189 97
30 189 97
31 189 97
31 189 97
32 189 97
32 189 97
33 189 97
33 189 97
34 189 97
34 189 98
35 189 98
35 189 98
36 190 98
36 190 98
36 190 98
37 190 98
37 190 98
38 190 98
38 190 98
39 190 98
39 190 98
40 190 99
40 190 99
41 191 99
41 191 99
42 191 99
42 191 99
43 191 99
43 191 99
44 191 99
44 191 99
45 191 99
45 191 100
46 191 100
46 192 100
47 192 100
47 192 100
48 192 100
48 192 100
49 192 100
49 192 100
50 192 100
50 192 100
51 192 101
51 192 101
52 193 101
52 193 101
53 193 101
53 193 101
54 193 101
54 193 101
55 193 101
55 193 101
56 193 101
56 193 102
57 193 102
57 194 102
58 194 102
58 194 102
59 194 102
59 194 102
60 194 102
60 194 102
61 194 102
61 194 102
62 194 103
62 194 103
63 195 103
63 195 103
64 195 103
64 195 103
65 195 103
65 195 103
66 195 103
66 195 103
67 195 103
67 195 104
68 195 104
68 195 104
69 196 104
69 196 104
70 196 104
70 196 104
71 196 104
71 196 104
72 196 104
72 196 104
73 196 105
73 196 105
74 196 105
74 197 105
75 197 105
75 197 105
76 197 105
76 197 105
77 197 105
77 197 105
78 197 105
78 197 105
79 197 106
79 197 106
80 198 106
80 198 106
81 198 106
81 198 106
82 198 106
82 198 106
83 198 106
83 198 106
84 198 106
84 198 107
85 198 107
85 199 107
86 199 107
86 199 107
87 199 107
87 199 107
88 199 107
88 199 107
89 199 107
89 199 107
90 199 108
90 199 108
91 200 108
91 200 108
92 200 108
92 200 108
93 200 108
93 200 108
94 200 108
94 200 108
95 200 108
95 200 109
96 200 109
96 201 109
97 201 109
97 201 109
98 201 109
98 201 109
99 201 109
99 201 109
100 201 109
100 201 109
101 201 110
101 201 110
102 202 110
102 202 110
103 202 110
103 202 110
104 202 110
104 202 110
105 202 110
105 202 110
106 202 110
106 202 111
107 202 111
107 202 111
108 203 111
108 203 111
109 203 111
109 203 111
110 203 111
110 203 111
111 203 111
111 203 111
112 203 112
112 203 112
113 203 112
113 204 112
114 204 112
114 204 112
115 204 112
115 204 112
116 204 112
116 204 112
117 204 112
117 204 112
118 204 113
118 204 113
119 205 113
119 205 113
120 205 113
120 205 113
121 205 113
121 205 113
122 205 113
122 205 113
123 205 113
123 205 114
124 205 114
124 206 114
125 206 114
125 206 114
126 206 114
126 206 114
127 206 114
127 206 114
128 206 114
128 206 114
129 206 115
129 206 115
130 207 115
130 207 115
131 207 115
131 207 115
132 207 115
132 207 115
133 207 115
133 207 115
134 207 115
134 207 116
135 207 116
135 208 116
136 208 116
136 208 116
137 208 116
137 208 116
138 208 116
138 208 116
139 208 116
139 208 116
140 208 117
140 208 117
141 209 117
141 209 117
142 209 117
142 209 117
143 209 117
143 209 117
144 209 117
144 209 117
145 209 117
145 209 118
146 209 118
146 209 118
147 210 118
147 210 118
148 210 118
148 210 118
149 210 118
149 210 118
150 210 118
150 210 118
151 210 118
151 210 119
152 210 119
152 211 119
153 211 119
153 211 119
154 211 119
154 211 119
155 211 119
155 211 119
156 211 119
156 211 119
157 211 120
157 211 120
158 212 120
158 212 120
159 212 120
159 212 120
160 212 120
160 212 120
161 212 120
161 212 120
162 212 120
162 212 121
163 212 121
163 213 121
164 213 121
164 213 121
165 213 121
165 213 121
166 213 121
166 213 121
167 213 121
167 213 121
168 213 122
168 213 122
169 214 122
169 214 122
170 214 122
170 214 122
171 214 122
171 214 122
172 214 122
172 214 122
173 214 122
173 214 123
174 214 123
174 215 123
175 215 123
175 215 123
176 215 123
176 215 123
177 215 123
177 215 123
178 215 123
178 215 123
179 215 124
179 215 124
180 216 124
180 216 124
181 216 124
181 216 124
182 216 124
182 216 124
182 216 124
183 216 124
183 216 124
184 216 125
184 216 125
185 216 125
185 217 125
186 217 125
186 217 125
187 217 125
187 217 125
188 217 125
188 217 125
189 217 125
189 217 125
190 217 126
190 217 126
191 218 126
191 218 126
192 218 126
192 218 126
193 218 126
193 218 126
194 218 126
194 218 126
195 218 126
195 218 127
196 218 127
196 219 127
197 219 127
197 219 127
198 219 127
198 219 127
199 219 127
199 219 127
200 219 127
200 219 127
201 219 128
201 219 128
202 220 128
202 220 128
203 220 128
203 220 128
204 220 128
204 220 128
205 220 128
205 220 128
206 220 128
206 220 129
207 220 129
207 221 129
208 221 129
208 221 129
209 221 129
209 221 129
210 221 129
210 221 129
211 221 129
211 221 129
212 221 130
212 221 130
213 222 130
213 222 130
214 222 130
214 222 130
215 222 130
215 222 130
216 222 130
216 222 130
217 222 130
217 222 131
218 222 131
218 222 131
219 223 131
219 223 131
220 223 131
220 223 131
221 223 131
221 223 131
222 223 131
222 223 131
223 223 132
223 223 132
224 223 132
224 224 132
225 224 132
225 224 132
226 224 132
226 224 132
227 224 132
227 224 132
228 224 132
228 224 132
229 224 133
229 224 133
230 225 133
230 225 133
231 225 133
231 225 133
232 225 133
232 225 133
233 225 133
233 225 133
234 225 133
234 225 134
235 225 134
235 226 134
236 226 134
236 226 134
237 226 134
237 226 134
238 226 134
238 226 134
239 226 134
239 226 134
240 226 135
240 226 135
241 227 135
241 227 135
242 227 135
242 227 135
243 227 135
243 227 135
244 227 135
244 227 135
245 227 135
245 227 136
246 227 136
246 228 136
247 228 136
247 228 136
248 228 136
248 228 136
249 228 136
249 228 136
250 228 136
250 228 136
251 228 137
251 228 137
252 229 137
252 229 137
253 229 137
253 229 137
254 229 137
254 229 137
254 229 137
254 229 137
254 228 137
254 228 137
253 228 137
253 227 137
253 227 136
253 227 136
252 227 136
252 226 136
252 226 136
252 226 136
251 225 136
251 225 136
251 225 135
251 225 135
250 224 135
250 224 135
250 224 135
250 223 135
249 223 135
249 223 135
249 223 134
249 222 134
248 222 134
248 222 134
248 221 134
248 221 134
247 221 134
247 221 134
247 220 134
247 220 133
246 220 133
246 219 133
246 219 133
246 219 133
245 219 133
245 218 133
245 218 133
245 218 132
244 217 132
244 217 132
244 217 132
244 217 132
243 216 132
243 216 132
243 216 132
243 215 131
242 215 131
242 215 131
242 215 131
242 214 131
241 214 131
241 214 131
241 213 131
241 213 130
240 213 130
240 212 130
240 212 130
240 212 130
239 212 130
239 211 130
239 211 130
239 211 130
238 210 129
238 210 129
238 210 129
238 210 129
237 209 129
237 209 129
237 209 129
237 208 129
236 208 128
236 208 128
236 208 128
236 207 128
235 207 128
235 207 128
235 206 128
235 206 128
234 206 127
234 206 127
234 205 127
234 205 127
233 205 127
233 204 127
233 204 127
233 204 127
232 204 126
232 203 126
232 203 126
232 203 126
231 202 126
231 202 126
231 202 126
231 202 126
230 201 126
230 201 125
230 201 125
230 200 125
229 200 125
229 200 125
229 200 125
229 199 125
228 199 125
228 199 124
228 198 124
228 198 124
227 198 124
227 198 124
227 197 124
227 197 124
226 197 124
226 196 123
226 196 123
226 196 123
225 196 123
225 195 123
225 195 123
225 195 123
224 194 123
224 194 122
224 194 122
224 194 122
223 193 122
223 193 122
223 193 122
223 192 122
222 192 122
222 192 122
222 192 121
222 191 121
221 191 121
221 191 121
221 190 121
221 190 121
220 190 121
220 190 121
220 189 120
220 189 120
219 189 120
219 188 120
219 188 120
219 188 120
218 188 120
218 187 120
218 187 119
218 187 119
218 186 119
217 186 119
217 186 119
217 186 119
217 185 119
216 185 119
216 185 118
216 184 118
216 184 118
215 184 118
215 184 118
215 183 118
215 183 118
214 183 118
214 182 118
214 182 117
214 182 117
213 181 117
213 181 117
213 181 117
213 181 117
212 180 117
212 180 117
212 180 116
212 179 116
211 179 116
211 179 116
211 179 116
211 178 116
210 178 116
210 178 116
210 177 115
210 177 115
209 177 115
209 177 115
209 176 115
209 176 115
208 176 115
208 175 115
208 175 114
208 175 114
207 175 114
207 174 114
207 174 114
207 174 114
206 173 114
206 173 114
206 173 114
206 173 113
205 172 113
205 172 113
205 172 113
205 171 113
204 171 113
204 171 113
204 171 113
204 170 112
203 170 112
203 170 112
203 169 112
203 169 112
202 169 112
202 169 112
202 168 112
202 168 111
201 168 111
201 167 111
201 167 111
201 167 111
200 167 111
200 166 111
200 166 111
200 166 111
199 165 110
199 165 110
199 165 110
199 165 110
198 164 110
198 164 110
198 164 110
198 163 110
197 163 109
197 163 109
197 163 109
197 162 109
196 162 109
196 162 109
196 161 109
196 161 109
195 161 108
195 161 108
195 160 108
195 160 108
194 160 108
194 159 108
194 159 108
194 159 108
193 159 107
193 158 107
193 158 107
193 158 107
192 157 107
192 157 107
192 157 107
192 157 107
191 156 107
191 156 106
191 156 106
191 155 106
190 155 106
190 155 106
190 155 106
190 154 106
189 154 106
189 154 105
189 153 105
189 153 105
188 153 105
188 153 105
188 152 105
188 152 105
187 152 105
187 151 104
187 151 104
187 151 104
186 151 104
186 150 104
186 150 104
186 150 104
185 149 104
185 149 103
185 149 103
185 148 103
184 148 103
184 148 103
184 148 103
184 147 103
183 147 103
183 147 103
183 146 102
183 146 102
182 146 102
182 146 102
182 145 102
182 145 102
181 145 102
181 144 102
181 144 101
181 144 101
180 144 101
180 143 101
180 143 101
180 143 101
179 142 101
179 142 101
179 142 100
179 142 100
178 141 100
178 141 100
178 141 100
178 140 100
177 140 100
177 140 100
177 140 99
177 139 99
176 139 99
176 139 99
176 138 99
176 138 99
175 138 99
175 138 99
175 137 99
175 137 98
174 137 98
174 136 98
174 136 98
174 136 98
173 136 98
173 135 98
173 135 98
173 135 97
172 134 97
172 134 97
172 134 97
172 134 97
171 133 97
171 133 97
171 133 97
171 132 96
170 132 96
170 132 96
170 132 96
170 131 96
169 131 96
169 131 96
169 130 96
169 130 95
168 130 95
168 130 95
168 129 95
168 129 95
167 129 95
167 128 95
167 128 95
167 128 95
166 128 94
166 127 94
166 127 94
166 127 94
165 126 94
165 126 94
165 126 94
165 126 94
164 125 93
164 125 93
164 125 93
164 124 93
163 124 93
163 124 93
163 124 93
163 123 93
162 123 92
162 123 92
162 122 92
162 122 92
161 122 92
161 122 92
161 121 92
161 121 92
160 121 91
160 120 91
160 120 91
160 120 91
159 120 91
159 119 91
159 119 91
159 119 91
158 118 91
158 118 90
158 118 90
158 117 90
157 117 90
157 117 90
157 117 90
157 116 90
156 116 90
156 116 89
156 115 89
156 115 89
155 115 89
155 115 89
155 114 89
155 114 89
154 114 89
154 113 88
154 113 88
154 113 88
153 113 88
153 112 88
153 112 88
153 112 88
152 111 88
152 111 87
152 111 87
152 111 87
151 110 87
151 110 87
151 110 87
151 109 87
150 109 87
150 109 87
150 109 86
150 108 86
149 108 86
149 108 86
149 107 86
149 107 86
148 107 86
148 107 86
148 106 85
148 106 85
147 106 85
147 105 85
147 105 85
147 105 85
146 105 85
146 104 85
146 104 84
146 104 84
145 103 84
145 103 84
145 103 84
145 103 84
145 102 84
144 102 84
144 102 83
144 101 83
144 101 83
143 101 83
143 101 83
143 100 83
143 100 83
142 100 83
142 99 83
142 99 82
142 99 82
141 99 82
141 98 82
141 98 82
141 98 82
140 97 82
140 97 82
140 97 81
140 97 81
139 96 81
139 96 81
139 96 81
139 95 81
138 95 81
138 95 81
138 95 80
138 94 80
137 94 80
137 94 80
137 93 80
137 93 80
136 93 80
136 93 80
136 92 80
136 92 79
135 92 79
135 91 79
135 91 79
135 91 79
134 91 79
134 90 79
134 90 79
134 90 78
133 89 78
133 89 78
133 89 78
133 89 78
132 88 78
132 88 78
132 88 78
132 87 77
131 87 77
131 87 77
131 86 77
131 86 77
130 86 77
130 86 77
130 85 77
130 85 76
129 85 76
129 84 76
129 84 76
129 84 76
128 84 76
128 83 76
128 83 76
128 83 76
127 82 75
127 82 75
127 82 75
127 83 76
128 83 76
128 83 76
128 83 77
128 84 77
129 84 77
129 84 78
129 85 78
129 85 78
130 85 78
130 85 79
130 86 79
130 86 79
131 86 80
131 87 80
131 87 80
131 87 81
132 88 81
132 88 81
132 88 81
132 88 82
133 89 82
133 89 82
133 89 83
133 90 83
134 90 83
134 90 84
134 90 84
134 91 84
135 91 84
135 91 85
135 92 85
135 92 85
136 92 86
136 92 86
136 93 86
136 93 87
137 93 87
137 94 87
137 94 87
137 94 88
138 94 88
138 95 88
138 95 89
138 95 89
139 96 89
139 96 90
139 96 90
139 96 90
140 97 90
140 97 91
140 97 91
140 98 91
141 98 92
141 98 92
141 98 92
141 99 93
142 99 93
142 99 93
142 100 93
142 100 94
143 100 94
143 100 94
143 101 95
143 101 95
144 101 95
144 102 96
144 102 96
144 102 96
145 102 96
145 103 97
145 103 97
145 103 97
146 104 98
146 104 98
146 104 98
146 104 99
147 105 99
147 105 99
147 105 99
147 106 100
148 106 100
148 106 100
148 106 101
148 107 101
149 107 101
149 107 102
149 108 102
149 108 102
150 108 103
150 108 103
150 109 103
150 109 103
151 109 104
151 110 104
151 110 104
151 110 105
152 110 105
152 111 105
152 111 106
152 111 106
153 112 106
153 112 106
153 112 107
153 112 107
154 113 107
154 113 108
154 113 108
154 114 108
155 114 109
155 114 109
155 114 109
155 115 109
156 115 110
156 115 110
156 116 110
156 116 111
157 116 111
157 116 111
157 117 112
157 117 112
158 117 112
158 118 112
158 118 113
158 118 113
159 118 113
159 119 114
159 119 114
159 119 114
160 120 115
160 120 115
160 120 115
160 121 115
161 121 116
161 121 116
161 121 116
161 122 117
162 122 117
162 122 117
162 123 118
162 123 118
163 123 118
163 123 118
163 124 119
163 124 119
164 124 119
164 125 120
164 125 120
164 125 120
165 125 121
165 126 121
165 126 121
165 126 121
166 127 122
166 127 122
166 127 122
166 127 123
167 128 123
167 128 123
167 128 124
167 129 124
168 129 124
168 129 124
168 129 125
168 130 125
169 130 125
169 130 126
169 131 126
169 131 126
170 131 127
170 131 127
170 132 127
170 132 127
171 132 128
171 133 128
171 133 128
171 133 129
172 133 129
172 134 129
172 134 130
172 134 130
173 135 130
173 135 130
173 135 131
173 135 131
174 136 131
174 136 132
174 136 132
174 137 132
175 137 133
175 137 133
175 137 133
175 138 133
176 138 134
176 138 134
176 139 134
176 139 135
177 139 135
177 139 135
177 140 136
177 140 136
178 140 136
178 141 136
178 141 137
178 141 137
179 141 137
179 142 138
179 142 138
179 142 138
180 143 139
180 143 139
180 143 139
180 143 139
181 144 140
181 144 140
181 144 140
181 145 141
182 145 141
182 145 141
182 145 142
182 146 142
182 146 142
183 146 142
183 147 143
183 147 143
183 147 143
184 147 144
184 148 144
184 148 144
184 148 145
185 149 145
185 149 145
185 149 145
185 149 146
186 150 146
186 150 146
186 150 147
186 151 147
187 151 147
187 151 148
187 152 148
187 152 148
188 152 148
188 152 149
188 153 149
188 153 149
189 153 150
189 154 150
189 154 150
189 154 151
190 154 151
190 155 151
190 155 151
190 155 152
191 156 152
191 156 152
191 156 153
191 156 153
192 157 153
192 157 154
192 157 154
192 158 154
193 158 154
193 158 155
193 158 155
193 159 155
194 159 156
194 159 156
194 160 156
194 160 157
195 160 157
195 160 157
195 161 157
195 161 158
196 161 158
196 162 158
196 162 159
196 162 159
197 162 159
197 163 160
197 163 160
197 163 160
198 164 160
198 164 161
198 164 161
198 164 161
199 165 162
199 165 162
199 165 162
199 166 163
200 166 163
200 166 163
200 166 163
200 167 164
201 167 164
201 167 164
201 168 165
201 168 165
202 168 165
202 168 166
202 169 166
202 169 166
203 169 167
203 170 167
203 170 167
203 170 167
204 170 168
204 171 168
204 171 168
204 171 169
205 172 169
205 172 169
205 172 170
205 172 170
206 173 170
206 173 170
206 173 171
206 174 171
207 174 171
207 174 172
207 174 172
207 175 172
208 175 173
208 175 173
208 176 173
208 176 173
209 176 174
209 176 174
209 177 174
209 177 175
210 177 175
210 178 175
210 178 176
210 178 176
211 178 176
211 179 176
211 179 177
211 179 177
212 180 177
212 180 178
212 180 178
212 180 178
213 181 179
213 181 179
213 181 179
213 182 179
214 182 180
214 182 180
214 183 180
214 183 181
215 183 181
215 183 181
215 184 182
215 184 182
216 184 182
216 185 182
216 185 183
216 185 183
217 185 183
217 186 184
217 186 184
217 186 184
218 187 185
218 187 185
218 187 185
218 187 185
219 188 186
219 188 186
219 188 186
219 189 187
220 189 187
220 189 187
220 189 188
220 190 188
221 190 188
221 190 188
221 191 189
221 191 189
222 191 189
222 191 190
222 192 190
222 192 190
223 192 191
223 193 191
223 193 191
223 193 191
224 193 192
224 194 192
224 194 192
224 194 193
225 195 193
225 195 193
225 195 194
225 195 194
226 196 194
226 196 194
226 196 195
226 197 195
227 197 195
227 197 196
227 197 196
227 198 196
228 198 197
228 198 197
228 199 197
228 199 197
229 199 198
229 199 198
229 200 198
229 200 199
230 200 199
230 201 199
230 201 200
230 201 200
231 201 200
231 202 200
231 202 201
231 202 201
232 203 201
232 203 202
232 203 202
232 203 202
233 204 203
233 204 203
233 204 203
233 205 203
234 205 204
234 205 204
234 205 204
234 206 205
235 206 205
235 206 205
235 207 206
235 207 206
236 207 206
236 207 206
236 208 207
236 208 207
237 208 207
237 209 208
237 209 208
237 209 208
238 209 209
238 210 209
238 210 209
238 210 209
239 211 210
239 211 210
239 211 210
239 211 211
240 212 211
240 212 211
240 212 212
240 213 212
241 213 212
241 213 212
241 214 213
241 214 213
242 214 213
242 214 214
242 215 214
242 215 214
243 215 215
243 216 215
243 216 215
243 216 215
244 216 216
244 217 216
244 217 216
244 217 217
245 218 217
245 218 217
245 218 218
245 218 218
246 219 218
246 219 218
246 219 219
246 220 219
247 220 219
247 220 220
247 220 220
247 221 220
248 221 221
248 221 221
248 222 221
248 222 221
249 222 222
249 222 222
249 223 222
249 223 223
250 223 223
250 224 223
250 224 224
250 224 224
251 224 224
251 225 224
251 225 225
251 225 225
252 226 225
252 226 226
252 226 226
252 226 226
253 227 227
253 227 227
253 227 227
253 228 227
254 228 228
254 228 228
254 228 228
254 229 229
255 229 229
