48 16 53
48 16 53
48 16 53
48 16 53
48 16 53
48 16 53
48 16 53
48 16 53
49 19 60
49 19 60
49 19 60
49 19 60
49 19 60
49 19 60
49 19 60
49 19 60
50 21 66
50 21 66
50 21 66
50 21 66
50 21 66
50 21 66
50 21 66
50 21 66
52 24 73
52 24 73
52 24 73
52 24 73
52 24 73
52 24 73
52 24 73
52 24 73
53 27 79
53 27 79
53 27 79
53 27 79
53 27 79
53 27 79
53 27 79
53 27 79
54 29 85
54 29 85
54 29 85
54 29 85
54 29 85
54 29 85
54 29 85
54 29 85
55 32 91
55 32 91
55 32 91
55 32 91
55 32 91
55 32 91
55 32 91
55 32 91
56 34 97
56 34 97
56 34 97
56 34 97
56 34 97
56 34 97
56 34 97
56 34 97
57 37 103
57 37 103
57 37 103
57 37 103
57 37 103
57 37 103
57 37 103
57 37 103
58 40 109
58 40 109
58 40 109
58 40 109
58 40 109
58 40 109
58 40 109
58 40 109
59 42 114
59 42 114
59 42 114
59 42 114
59 42 114
59 42 114
59 42 114
59 42 114
60 45 120
60 45 120
60 45 120
60 45 120
60 45 120
60 45 120
60 45 120
60 45 120
60 47 125
60 47 125
60 47 125
60 47 125
60 47 125
60 47 125
60 47 125
60 47 125
61 50 130
61 50 130
61 50 130
61 50 130
61 50 130
61 50 130
61 50 130
61 50 130
62 52 135
62 52 135
62 52 135
62 52 135
62 52 135
62 52 135
62 52 135
62 52 135
63 55 140
63 55 140
63 55 140
63 55 140
63 55 140
63 55 140
63 55 140
63 55 140
64 57 145
64 57 145
64 57 145
64 57 145
64 57 145
64 57 145
64 57 145
64 57 145
64 60 150
64 60 150
64 60 150
64 60 150
64 60 150
64 60 150
64 60 150
64 60 150
65 62 154
65 62 154
65 62 154
65 62 154
65 62 154
65 62 154
65 62 154
65 62 154
65 65 159
65 65 159
65 65 159
65 65 159
65 65 159
65 65 159
65 65 159
65 65 159
66 67 163
66 67 163
66 67 163
66 67 163
66 67 163
66 67 163
66 67 163
66 67 163
67 70 167
67 70 167
67 70 167
67 70 167
67 70 167
67 70 167
67 70 167
67 70 167
67 72 171
67 72 171
67 72 171
67 72 171
67 72 171
67 72 171
67 72 171
67 72 171
67 75 175
67 75 175
67 75 175
67 75 175
67 75 175
67 75 175
67 75 175
67 75 175
68 77 179
68 77 179
68 77 179
68 77 179
68 77 179
68 77 179
68 77 179
68 77 179
68 80 182
68 80 182
68 80 182
68 80 182
68 80 182
68 80 182
68 80 182
68 80 182
69 82 186
69 82 186
69 82 186
69 82 186
69 82 186
69 82 186
69 82 186
69 82 186
69 84 189
69 84 189
69 84 189
69 84 189
69 84 189
69 84 189
69 84 189
69 84 189
69 87 192
69 87 192
69 87 192
69 87 192
69 87 192
69 87 192
69 87 192
69 87 192
69 89 195
69 89 195
69 89 195
69 89 195
69 89 195
69 89 195
69 89 195
69 89 195
70 91 198
70 91 198
70 91 198
70 91 198
70 91 198
70 91 198
70 91 198
70 91 198
70 94 201
70 94 201
70 94 201
70 94 201
70 94 201
70 94 201
70 94 201
70 94 201
70 96 204
70 96 204
70 96 204
70 96 204
70 96 204
70 96 204
70 96 204
70 96 204
70 98 207
70 98 207
70 98 207
70 98 207
70 98 207
70 98 207
70 98 207
70 98 207
70 101 209
70 101 209
70 101 209
70 101 209
70 101 209
70 101 209
70 101 209
70 101 209
70 103 211
70 103 211
70 103 211
70 103 211
70 103 211
70 103 211
70 103 211
70 103 211
70 105 214
70 105 214
70 105 214
70 105 214
70 105 214
70 105 214
70 105 214
70 105 214
70 108 216
70 108 216
70 108 216
70 108 216
70 108 216
70 108 216
70 108 216
70 108 216
70 110 218
70 110 218
70 110 218
70 110 218
70 110 218
70 110 218
70 110 218
70 110 218
70 112 219
70 112 219
70 112 219
70 112 219
70 112 219
70 112 219
70 112 219
70 112 219
70 115 221
70 115 221
70 115 221
70 115 221
70 115 221
70 115 221
70 115 221
70 115 221
70 117 223
70 117 223
70 117 223
70 117 223
70 117 223
70 117 223
70 117 223
70 117 223
69 119 224
69 119 224
69 119 224
69 119 224
69 119 224
69 119 224
69 119 224
69 119 224
69 121 225
69 121 225
69 121 225
69 121 225
69 121 225
69 121 225
69 121 225
69 121 225
69 123 227
69 123 227
69 123 227
69 123 227
69 123 227
69 123 227
69 123 227
69 123 227
68 126 227
68 126 227
68 126 227
68 126 227
68 126 227
68 126 227
68 126 227
68 126 227
67 128 228
67 128 228
67 128 228
67 128 228
67 128 228
67 128 228
67 128 228
67 128 228
66 130 228
66 130 228
66 130 228
66 130 228
66 130 228
66 130 228
66 130 228
66 130 228
65 133 229
65 133 229
65 133 229
65 133 229
65 133 229
65 133 229
65 133 229
65 133 229
64 135 229
64 135 229
64 135 229
64 135 229
64 135 229
64 135 229
64 135 229
64 135 229
63 137 229
63 137 229
63 137 229
63 137 229
63 137 229
63 137 229
63 137 229
63 137 229
62 139 228
62 139 228
62 139 228
62 139 228
62 139 228
62 139 228
62 139 228
62 139 228
60 142 228
60 142 228
60 142 228
60 142 228
60 142 228
60 142 228
60 142 228
60 142 228
59 144 227
59 144 227
59 144 227
59 144 227
59 144 227
59 144 227
59 144 227
59 144 227
57 146 226
57 146 226
57 146 226
57 146 226
57 146 226
57 146 226
57 146 226
57 146 226
56 148 225
56 148 225
56 148 225
56 148 225
56 148 225
56 148 225
56 148 225
56 148 225
54 151 224
54 151 224
54 151 224
54 151 224
54 151 224
54 151 224
54 151 224
54 151 224
52 153 223
52 153 223
52 153 223
52 153 223
52 153 223
52 153 223
52 153 223
52 153 223
51 155 222
51 155 222
51 155 222
51 155 222
51 155 222
51 155 222
51 155 222
51 155 222
49 157 220
49 157 220
49 157 220
49 157 220
49 157 220
49 157 220
49 157 220
49 157 220
47 160 219
47 160 219
47 160 219
47 160 219
47 160 219
47 160 219
47 160 219
47 160 219
45 162 217
45 162 217
45 162 217
45 162 217
45 162 217
45 162 217
45 162 217
45 162 217
43 164 215
43 164 215
43 164 215
43 164 215
43 164 215
43 164 215
43 164 215
43 164 215
42 166 213
42 166 213
42 166 213
42 166 213
42 166 213
42 166 213
42 166 213
42 166 213
40 168 211
40 168 211
40 168 211
40 168 211
40 168 211
40 168 211
40 168 211
40 168 211
38 170 209
38 170 209
38 170 209
38 170 209
38 170 209
38 170 209
38 170 209
38 170 209
37 172 207
37 172 207
37 172 207
37 172 207
37 172 207
37 172 207
37 172 207
37 172 207
35 175 205
35 175 205
35 175 205
35 175 205
35 175 205
35 175 205
35 175 205
35 175 205
33 177 203
33 177 203
33 177 203
33 177 203
33 177 203
33 177 203
33 177 203
33 177 203
32 179 201
32 179 201
32 179 201
32 179 201
32 179 201
32 179 201
32 179 201
32 179 201
30 181 198
30 181 198
30 181 198
30 181 198
30 181 198
30 181 198
30 181 198
30 181 198
29 183 196
29 183 196
29 183 196
29 183 196
29 183 196
29 183 196
29 183 196
29 183 196
28 184 193
28 184 193
28 184 193
28 184 193
28 184 193
28 184 193
28 184 193
28 184 193
27 186 191
27 186 191
27 186 191
27 186 191
27 186 191
27 186 191
27 186 191
27 186 191
26 188 189
26 188 189
26 188 189
26 188 189
26 188 189
26 188 189
26 188 189
26 188 189
25 190 186
25 190 186
25 190 186
25 190 186
25 190 186
25 190 186
25 190 186
25 190 186
24 192 184
24 192 184
24 192 184
24 192 184
24 192 184
24 192 184
24 192 184
24 192 184
24 193 181
24 193 181
24 193 181
24 193 181
24 193 181
24 193 181
24 193 181
24 193 181
23 195 179
23 195 179
23 195 179
23 195 179
23 195 179
23 195 179
23 195 179
23 195 179
23 197 177
23 197 177
23 197 177
23 197 177
23 197 177
23 197 177
23 197 177
23 197 177
23 198 174
23 198 174
23 198 174
23 198 174
23 198 174
23 198 174
23 198 174
23 198 174
23 200 172
23 200 172
23 200 172
23 200 172
23 200 172
23 200 172
23 200 172
23 200 172
24 201 170
24 201 170
24 201 170
24 201 170
24 201 170
24 201 170
24 201 170
24 201 170
24 203 168
24 203 168
24 203 168
24 203 168
24 203 168
24 203 168
24 203 168
24 203 168
25 204 166
25 204 166
25 204 166
25 204 166
25 204 166
25 204 166
25 204 166
25 204 166
26 205 164
26 205 164
26 205 164
26 205 164
26 205 164
26 205 164
26 205 164
26 205 164
27 206 162
27 206 162
27 206 162
27 206 162
27 206 162
27 206 162
27 206 162
27 206 162
29 208 159
29 208 159
29 208 159
29 208 159
29 208 159
29 208 159
29 208 159
29 208 159
30 209 157
30 209 157
30 209 157
30 209 157
30 209 157
30 209 157
30 209 157
30 209 157
32 210 155
32 210 155
32 210 155
32 210 155
32 210 155
32 210 155
32 210 155
32 210 155
34 211 152
34 211 152
34 211 152
34 211 152
34 211 152
34 211 152
34 211 152
34 211 152
36 212 150
36 212 150
36 212 150
36 212 150
36 212 150
36 212 150
36 212 150
36 212 150
39 213 147
39 213 147
39 213 147
39 213 147
39 213 147
39 213 147
39 213 147
39 213 147
41 214 144
41 214 144
41 214 144
41 214 144
41 214 144
41 214 144
41 214 144
41 214 144
44 215 142
44 215 142
44 215 142
44 215 142
44 215 142
44 215 142
44 215 142
44 215 142
47 216 139
47 216 139
47 216 139
47 216 139
47 216 139
47 216 139
47 216 139
47 216 139
50 217 136
50 217 136
50 217 136
50 217 136
50 217 136
50 217 136
50 217 136
50 217 136
53 218 133
53 218 133
53 218 133
53 218 133
53 218 133
53 218 133
53 218 133
53 218 133
56 219 130
56 219 130
56 219 130
56 219 130
56 219 130
56 219 130
56 219 130
56 219 130
59 220 127
59 220 127
59 220 127
59 220 127
59 220 127
59 220 127
59 220 127
59 220 127
63 221 124
63 221 124
63 221 124
63 221 124
63 221 124
63 221 124
63 221 124
63 221 124
66 222 121
66 222 121
66 222 121
66 222 121
66 222 121
66 222 121
66 222 121
66 222 121
70 222 118
70 222 118
70 222 118
70 222 118
70 222 118
70 222 118
70 222 118
70 222 118
74 223 115
74 223 115
74 223 115
74 223 115
74 223 115
74 223 115
74 223 115
74 223 115
77 224 112
77 224 112
77 224 112
77 224 112
77 224 112
77 224 112
77 224 112
77 224 112
81 224 109
81 224 109
81 224 109
81 224 109
81 224 109
81 224 109
81 224 109
81 224 109
85 225 106
85 225 106
85 225 106
85 225 106
85 225 106
85 225 106
85 225 106
85 225 106
89 226 103
89 226 103
89 226 103
89 226 103
89 226 103
89 226 103
89 226 103
89 226 103
93 226 100
93 226 100
93 226 100
93 226 100
93 226 100
93 226 100
93 226 100
93 226 100
97 226 97
97 226 97
97 226 97
97 226 97
97 226 97
97 226 97
97 226 97
97 226 97
101 227 94
101 227 94
101 227 94
101 227 94
101 227 94
101 227 94
101 227 94
101 227 94
105 227 91
105 227 91
105 227 91
105 227 91
105 227 91
105 227 91
105 227 91
105 227 91
109 228 88
109 228 88
109 228 88
109 228 88
109 228 88
109 228 88
109 228 88
109 228 88
113 228 85
113 228 85
113 228 85
113 228 85
113 228 85
113 228 85
113 228 85
113 228 85
116 228 82
116 228 82
116 228 82
116 228 82
116 228 82
116 228 82
116 228 82
116 228 82
120 228 80
120 228 80
120 228 80
120 228 80
120 228 80
120 228 80
120 228 80
120 228 80
124 229 77
124 229 77
124 229 77
124 229 77
124 229 77
124 229 77
124 229 77
124 229 77
128 229 75
128 229 75
128 229 75
128 229 75
128 229 75
128 229 75
128 229 75
128 229 75
132 229 72
132 229 72
132 229 72
132 229 72
132 229 72
132 229 72
132 229 72
132 229 72
135 229 70
135 229 70
135 229 70
135 229 70
135 229 70
135 229 70
135 229 70
135 229 70
139 229 67
139 229 67
139 229 67
139 229 67
139 229 67
139 229 67
139 229 67
139 229 67
142 229 65
142 229 65
142 229 65
142 229 65
142 229 65
142 229 65
142 229 65
142 229 65
146 229 63
146 229 63
146 229 63
146 229 63
146 229 63
146 229 63
146 229 63
146 229 63
149 228 61
149 228 61
149 228 61
149 228 61
149 228 61
149 228 61
149 228 61
149 228 61
152 228 59
152 228 59
152 228 59
152 228 59
152 228 59
152 228 59
152 228 59
152 228 59
155 228 58
155 228 58
155 228 58
155 228 58
155 228 58
155 228 58
155 228 58
155 228 58
158 228 56
158 228 56
158 228 56
158 228 56
158 228 56
158 228 56
158 228 56
158 228 56
161 227 54
161 227 54
161 227 54
161 227 54
161 227 54
161 227 54
161 227 54
161 227 54
164 227 53
164 227 53
164 227 53
164 227 53
164 227 53
164 227 53
164 227 53
164 227 53
166 226 52
166 226 52
166 226 52
166 226 52
166 226 52
166 226 52
166 226 52
166 226 52
169 226 51
169 226 51
169 226 51
169 226 51
169 226 51
169 226 51
169 226 51
169 226 51
172 225 50
172 225 50
172 225 50
172 225 50
172 225 50
172 225 50
172 225 50
172 225 50
174 224 49
174 224 49
174 224 49
174 224 49
174 224 49
174 224 49
174 224 49
174 224 49
177 224 48
177 224 48
177 224 48
177 224 48
177 224 48
177 224 48
177 224 48
177 224 48
179 223 48
179 223 48
179 223 48
179 223 48
179 223 48
179 223 48
179 223 48
179 223 48
182 222 47
182 222 47
182 222 47
182 222 47
182 222 47
182 222 47
182 222 47
182 222 47
185 221 47
185 221 47
185 221 47
185 221 47
185 221 47
185 221 47
185 221 47
185 221 47
187 220 47
187 220 47
187 220 47
187 220 47
187 220 47
187 220 47
187 220 47
187 220 47
190 219 46
190 219 46
190 219 46
190 219 46
190 219 46
190 219 46
190 219 46
190 219 46
192 218 46
192 218 46
192 218 46
192 218 46
192 218 46
192 218 46
192 218 46
192 218 46
195 217 46
195 217 46
195 217 46
195 217 46
195 217 46
195 217 46
195 217 46
195 217 46
197 215 46
197 215 46
197 215 46
197 215 46
197 215 46
197 215 46
197 215 46
197 215 46
200 214 46
200 214 46
200 214 46
200 214 46
200 214 46
200 214 46
200 214 46
200 214 46
202 213 46
202 213 46
202 213 46
202 213 46
202 213 46
202 213 46
202 213 46
202 213 46
205 212 46
205 212 46
205 212 46
205 212 46
205 212 46
205 212 46
205 212 46
205 212 46
207 210 47
207 210 47
207 210 47
207 210 47
207 210 47
207 210 47
207 210 47
207 210 47
209 209 47
209 209 47
209 209 47
209 209 47
209 209 47
209 209 47
209 209 47
209 209 47
212 207 47
212 207 47
212 207 47
212 207 47
212 207 47
212 207 47
212 207 47
212 207 47
214 206 48
214 206 48
214 206 48
214 206 48
214 206 48
214 206 48
214 206 48
214 206 48
216 205 48
216 205 48
216 205 48
216 205 48
216 205 48
216 205 48
216 205 48
216 205 48
218 203 48
218 203 48
218 203 48
218 203 48
218 203 48
218 203 48
218 203 48
218 203 48
221 201 49
221 201 49
221 201 49
221 201 49
221 201 49
221 201 49
221 201 49
221 201 49
223 200 49
223 200 49
223 200 49
223 200 49
223 200 49
223 200 49
223 200 49
223 200 49
225 198 49
225 198 49
225 198 49
225 198 49
225 198 49
225 198 49
225 198 49
225 198 49
227 196 50
227 196 50
227 196 50
227 196 50
227 196 50
227 196 50
227 196 50
227 196 50
229 195 50
229 195 50
229 195 50
229 195 50
229 195 50
229 195 50
229 195 50
229 195 50
231 193 50
231 193 50
231 193 50
231 193 50
231 193 50
231 193 50
231 193 50
231 193 50
232 191 51
232 191 51
232 191 51
232 191 51
232 191 51
232 191 51
232 191 51
232 191 51
234 190 51
234 190 51
234 190 51
234 190 51
234 190 51
234 190 51
234 190 51
234 190 51
236 188 51
236 188 51
236 188 51
236 188 51
236 188 51
236 188 51
236 188 51
236 188 51
237 186 52
237 186 52
237 186 52
237 186 52
237 186 52
237 186 52
237 186 52
237 186 52
239 184 52
239 184 52
239 184 52
239 184 52
239 184 52
239 184 52
239 184 52
239 184 52
240 182 52
240 182 52
240 182 52
240 182 52
240 182 52
240 182 52
240 182 52
240 182 52
242 180 52
242 180 52
242 180 52
242 180 52
242 180 52
242 180 52
242 180 52
242 180 52
243 179 52
243 179 52
243 179 52
243 179 52
243 179 52
243 179 52
243 179 52
243 179 52
244 177 52
244 177 52
244 177 52
244 177 52
244 177 52
244 177 52
244 177 52
244 177 52
246 175 52
246 175 52
246 175 52
246 175 52
246 175 52
246 175 52
246 175 52
246 175 52
247 173 52
247 173 52
247 173 52
247 173 52
247 173 52
247 173 52
247 173 52
247 173 52
248 171 51
248 171 51
248 171 51
248 171 51
248 171 51
248 171 51
248 171 51
248 171 51
249 169 51
249 169 51
249 169 51
249 169 51
249 169 51
249 169 51
249 169 51
249 169 51
249 167 50
249 167 50
249 167 50
249 167 50
249 167 50
249 167 50
249 167 50
249 167 50
250 165 50
250 165 50
250 165 50
250 165 50
250 165 50
250 165 50
250 165 50
250 165 50
251 163 49
251 163 49
251 163 49
251 163 49
251 163 49
251 163 49
251 163 49
251 163 49
251 161 49
251 161 49
251 161 49
251 161 49
251 161 49
251 161 49
251 161 49
251 161 49
252 159 48
252 159 48
252 159 48
252 159 48
252 159 48
252 159 48
252 159 48
252 159 48
252 156 47
252 156 47
252 156 47
252 156 47
252 156 47
252 156 47
252 156 47
252 156 47
253 154 46
253 154 46
253 154 46
253 154 46
253 154 46
253 154 46
253 154 46
253 154 46
253 152 45
253 152 45
253 152 45
253 152 45
253 152 45
253 152 45
253 152 45
253 152 45
253 149 44
253 149 44
253 149 44
253 149 44
253 149 44
253 149 44
253 149 44
253 149 44
253 147 43
253 147 43
253 147 43
253 147 43
253 147 43
253 147 43
253 147 43
253 147 43
254 145 43
254 145 43
254 145 43
254 145 43
254 145 43
254 145 43
254 145 43
254 145 43
254 142 41
254 142 41
254 142 41
254 142 41
254 142 41
254 142 41
254 142 41
254 142 41
254 139 40
254 139 40
254 139 40
254 139 40
254 139 40
254 139 40
254 139 40
254 139 40
254 137 39
254 137 39
254 137 39
254 137 39
254 137 39
254 137 39
254 137 39
254 137 39
253 134 38
253 134 38
253 134 38
253 134 38
253 134 38
253 134 38
253 134 38
253 134 38
253 132 37
253 132 37
253 132 37
253 132 37
253 132 37
253 132 37
253 132 37
253 132 37
253 129 36
253 129 36
253 129 36
253 129 36
253 129 36
253 129 36
253 129 36
253 129 36
253 126 35
253 126 35
253 126 35
253 126 35
253 126 35
253 126 35
253 126 35
253 126 35
252 124 34
252 124 34
252 124 34
252 124 34
252 124 34
252 124 34
252 124 34
252 124 34
252 121 33
252 121 33
252 121 33
252 121 33
252 121 33
252 121 33
252 121 33
252 121 33
251 118 31
251 118 31
251 118 31
251 118 31
251 118 31
251 118 31
251 118 31
251 118 31
251 115 30
251 115 30
251 115 30
251 115 30
251 115 30
251 115 30
251 115 30
251 115 30
250 113 29
250 113 29
250 113 29
250 113 29
250 113 29
250 113 29
250 113 29
250 113 29
250 110 28
250 110 28
250 110 28
250 110 28
250 110 28
250 110 28
250 110 28
250 110 28
249 107 27
249 107 27
249 107 27
249 107 27
249 107 27
249 107 27
249 107 27
249 107 27
248 104 25
248 104 25
248 104 25
248 104 25
248 104 25
248 104 25
248 104 25
248 104 25
247 102 24
247 102 24
247 102 24
247 102 24
247 102 24
247 102 24
247 102 24
247 102 24
247 99 23
247 99 23
247 99 23
247 99 23
247 99 23
247 99 23
247 99 23
247 99 23
246 96 22
246 96 22
246 96 22
246 96 22
246 96 22
246 96 22
246 96 22
246 96 22
245 94 21
245 94 21
245 94 21
245 94 21
245 94 21
245 94 21
245 94 21
245 94 21
244 91 20
244 91 20
244 91 20
244 91 20
244 91 20
244 91 20
244 91 20
244 91 20
243 89 19
243 89 19
243 89 19
243 89 19
243 89 19
243 89 19
243 89 19
243 89 19
242 86 18
242 86 18
242 86 18
242 86 18
242 86 18
242 86 18
242 86 18
242 86 18
241 84 17
241 84 17
241 84 17
241 84 17
241 84 17
241 84 17
241 84 17
241 84 17
239 81 16
239 81 16
239 81 16
239 81 16
239 81 16
239 81 16
239 81 16
239 81 16
238 79 15
238 79 15
238 79 15
238 79 15
238 79 15
238 79 15
238 79 15
238 79 15
237 76 14
237 76 14
237 76 14
237 76 14
237 76 14
237 76 14
237 76 14
237 76 14
236 74 13
236 74 13
236 74 13
236 74 13
236 74 13
236 74 13
236 74 13
236 74 13
234 72 12
234 72 12
234 72 12
234 72 12
234 72 12
234 72 12
234 72 12
234 72 12
233 70 11
233 70 11
233 70 11
233 70 11
233 70 11
233 70 11
233 70 11
233 70 11
232 67 11
232 67 11
232 67 11
232 67 11
232 67 11
232 67 11
232 67 11
232 67 11
230 65 10
230 65 10
230 65 10
230 65 10
230 65 10
230 65 10
230 65 10
230 65 10
229 63 9
229 63 9
229 63 9
229 63 9
229 63 9
229 63 9
229 63 9
229 63 9
227 61 9
227 61 9
227 61 9
227 61 9
227 61 9
227 61 9
227 61 9
227 61 9
226 60 8
226 60 8
226 60 8
226 60 8
226 60 8
226 60 8
226 60 8
226 60 8
224 58 8
224 58 8
224 58 8
224 58 8
224 58 8
224 58 8
224 58 8
224 58 8
222 56 7
222 56 7
222 56 7
222 56 7
222 56 7
222 56 7
222 56 7
222 56 7
221 54 7
221 54 7
221 54 7
221 54 7
221 54 7
221 54 7
221 54 7
221 54 7
219 52 6
219 52 6
219 52 6
219 52 6
219 52 6
219 52 6
219 52 6
219 52 6
217 50 6
217 50 6
217 50 6
217 50 6
217 50 6
217 50 6
217 50 6
217 50 6
215 49 5
215 49 5
215 49 5
215 49 5
215 49 5
215 49 5
215 49 5
215 49 5
214 47 5
214 47 5
214 47 5
214 47 5
214 47 5
214 47 5
214 47 5
214 47 5
212 45 4
212 45 4
212 45 4
212 45 4
212 45 4
212 45 4
212 45 4
212 45 4
210 44 4
210 44 4
210 44 4
210 44 4
210 44 4
210 44 4
210 44 4
210 44 4
208 42 4
208 42 4
208 42 4
208 42 4
208 42 4
208 42 4
208 42 4
208 42 4
206 40 3
206 40 3
206 40 3
206 40 3
206 40 3
206 40 3
206 40 3
206 40 3
203 39 3
203 39 3
203 39 3
203 39 3
203 39 3
203 39 3
203 39 3
203 39 3
201 37 3
201 37 3
201 37 3
201 37 3
201 37 3
201 37 3
201 37 3
201 37 3
199 36 2
199 36 2
199 36 2
199 36 2
199 36 2
199 36 2
199 36 2
199 36 2
197 34 2
197 34 2
197 34 2
197 34 2
197 34 2
197 34 2
197 34 2
197 34 2
195 32 2
195 32 2
195 32 2
195 32 2
195 32 2
195 32 2
195 32 2
195 32 2
192 31 2
192 31 2
192 31 2
192 31 2
192 31 2
192 31 2
192 31 2
192 31 2
190 30 1
190 30 1
190 30 1
190 30 1
190 30 1
190 30 1
190 30 1
190 30 1
187 28 1
187 28 1
187 28 1
187 28 1
187 28 1
187 28 1
187 28 1
187 28 1
185 27 1
185 27 1
185 27 1
185 27 1
185 27 1
185 27 1
185 27 1
185 27 1
182 25 1
182 25 1
182 25 1
182 25 1
182 25 1
182 25 1
182 25 1
182 25 1
180 24 1
180 24 1
180 24 1
180 24 1
180 24 1
180 24 1
180 24 1
180 24 1
177 23 1
177 23 1
177 23 1
177 23 1
177 23 1
177 23 1
177 23 1
177 23 1
174 21 1
174 21 1
174 21 1
174 21 1
174 21 1
174 21 1
174 21 1
174 21 1
172 20 1
172 20 1
172 20 1
172 20 1
172 20 1
172 20 1
172 20 1
172 20 1
169 19 0
169 19 0
169 19 0
169 19 0
169 19 0
169 19 0
169 19 0
169 19 0
166 18 0
166 18 0
166 18 0
166 18 0
166 18 0
166 18 0
166 18 0
166 18 0
163 16 0
163 16 0
163 16 0
163 16 0
163 16 0
163 16 0
163 16 0
163 16 0
160 15 0
160 15 0
160 15 0
160 15 0
160 15 0
160 15 0
160 15 0
160 15 0
157 14 0
157 14 0
157 14 0
157 14 0
157 14 0
157 14 0
157 14 0
157 14 0
154 13 0
154 13 0
154 13 0
154 13 0
154 13 0
154 13 0
154 13 0
154 13 0
151 12 1
151 12 1
151 12 1
151 12 1
151 12 1
151 12 1
151 12 1
151 12 1
148 11 1
148 11 1
148 11 1
148 11 1
148 11 1
148 11 1
148 11 1
148 11 1
145 10 1
145 10 1
145 10 1
145 10 1
145 10 1
145 10 1
145 10 1
145 10 1
142 9 1
142 9 1
142 9 1
142 9 1
142 9 1
142 9 1
142 9 1
142 9 1
139 8 1
139 8 1
139 8 1
139 8 1
139 8 1
139 8 1
139 8 1
139 8 1
135 7 1
135 7 1
135 7 1
135 7 1
135 7 1
135 7 1
135 7 1
135 7 1
132 6 1
132 6 1
132 6 1
132 6 1
132 6 1
132 6 1
132 6 1
132 6 1
129 5 1
129 5 1
129 5 1
129 5 1
129 5 1
129 5 1
129 5 1
129 5 1
125 4 2
125 4 2
125 4 2
125 4 2
125 4 2
125 4 2
125 4 2
125 4 2
122 3 2
122 3 2
122 3 2
122 3 2
122 3 2
122 3 2
122 3 2
122 3 2
