47 17 49
47 17 49
47 17 49
47 17 49
47 17 49
48 17 50
48 17 50
48 17 50
48 17 50
48 16 51
48 16 51
48 16 51
48 16 51
49 16 51
49 16 51
49 16 51
49 16 51
50 16 52
50 16 52
50 16 52
50 16 52
50 15 53
50 15 53
50 15 53
50 15 53
50 15 53
50 15 53
50 15 53
50 15 53
51 15 54
51 15 54
51 15 54
51 15 54
51 15 55
51 15 55
51 15 55
51 15 55
52 15 56
52 15 56
52 15 56
52 15 56
52 15 57
52 15 57
52 15 57
52 15 57
53 15 58
53 15 58
53 15 58
53 15 58
54 15 59
54 15 59
54 15 59
54 15 59
54 15 60
54 15 60
54 15 60
54 15 60
55 15 61
55 15 61
55 15 61
55 15 61
56 15 62
56 15 62
56 15 62
56 15 62
56 15 63
56 15 63
56 15 63
56 15 63
57 15 64
57 15 64
57 15 64
57 15 64
58 15 65
58 15 65
58 15 65
58 15 65
58 15 66
58 15 66
58 15 66
58 15 66
59 15 67
59 15 67
59 15 67
59 15 67
60 15 69
60 15 69
60 15 69
60 15 69
61 15 70
61 15 70
61 15 70
61 15 70
62 15 71
62 15 71
62 15 71
62 15 71
62 15 72
62 15 72
62 15 72
62 15 72
63 16 74
63 16 74
63 16 74
63 16 74
64 16 75
64 16 75
64 16 75
64 16 75
65 16 77
65 16 77
65 16 77
65 16 77
66 16 78
66 16 78
66 16 78
66 16 78
67 16 79
67 16 79
67 16 79
67 16 79
68 17 81
68 17 81
68 17 81
68 17 81
68 17 82
68 17 82
68 17 82
68 17 82
69 17 84
69 17 84
69 17 84
69 17 84
70 17 85
70 17 85
70 17 85
70 17 85
71 18 87
71 18 87
71 18 87
71 18 87
72 18 88
72 18 88
72 18 88
72 18 88
73 18 90
73 18 90
73 18 90
73 18 90
73 19 91
73 19 91
73 19 91
73 19 91
74 19 93
74 19 93
74 19 93
74 19 93
75 20 94
75 20 94
75 20 94
75 20 94
76 20 96
76 20 96
76 20 96
76 20 96
77 21 97
77 21 97
77 21 97
77 21 97
77 21 99
77 21 99
77 21 99
77 21 99
78 22 101
78 22 101
78 22 101
78 22 101
79 22 102
79 22 102
79 22 102
79 22 102
80 23 104
80 23 104
80 23 104
80 23 104
80 23 105
80 23 105
80 23 105
80 23 105
81 24 107
81 24 107
81 24 107
81 24 107
82 25 108
82 25 108
82 25 108
82 25 108
82 25 110
82 25 110
82 25 110
82 25 110
83 26 111
83 26 111
83 26 111
83 26 111
83 27 113
83 27 113
83 27 113
83 27 113
84 28 114
84 28 114
84 28 114
84 28 114
85 28 115
85 28 115
85 28 115
85 28 115
85 29 117
85 29 117
85 29 117
85 29 117
86 30 118
86 30 118
86 30 118
86 30 118
86 31 120
86 31 120
86 31 120
86 31 120
87 32 121
87 32 121
87 32 121
87 32 121
87 33 122
87 33 122
87 33 122
87 33 122
87 34 123
87 34 123
87 34 123
87 34 123
88 35 125
88 35 125
88 35 125
88 35 125
88 36 126
88 36 126
88 36 126
88 36 126
89 37 127
89 37 127
89 37 127
89 37 127
89 38 128
89 38 128
89 38 128
89 38 128
89 39 130
89 39 130
89 39 130
89 39 130
90 40 131
90 40 131
90 40 131
90 40 131
90 41 132
90 41 132
90 41 132
90 41 132
90 42 133
90 42 133
90 42 133
90 42 133
90 43 134
90 43 134
90 43 134
90 43 134
91 44 135
91 44 135
91 44 135
91 44 135
91 45 136
91 45 136
91 45 136
91 45 136
91 46 137
91 46 137
91 46 137
91 46 137
91 47 138
91 47 138
91 47 138
91 47 138
91 47 138
92 48 139
92 48 139
92 48 139
92 48 139
92 49 140
92 49 140
92 49 140
92 49 140
92 50 141
92 50 141
92 50 141
92 50 141
92 51 142
92 51 142
92 51 142
92 51 142
92 52 142
92 52 142
92 52 142
92 52 142
92 54 143
92 54 143
92 54 143
92 54 143
92 55 144
92 55 144
92 55 144
92 55 144
93 56 145
93 56 145
93 56 145
93 56 145
93 57 146
93 57 146
93 57 146
93 57 146
93 58 146
93 58 146
93 58 146
93 58 146
93 59 147
93 59 147
93 59 147
93 59 147
93 60 148
93 60 148
93 60 148
93 60 148
93 61 149
93 61 149
93 61 149
93 61 149
93 62 149
93 62 149
93 62 149
93 62 149
93 63 150
93 63 150
93 63 150
93 63 150
93 64 151
93 64 151
93 64 151
93 64 151
93 66 151
93 66 151
93 66 151
93 66 151
94 67 152
94 67 152
94 67 152
94 67 152
94 68 153
94 68 153
94 68 153
94 68 153
94 69 153
94 69 153
94 69 153
94 69 153
94 70 154
94 70 154
94 70 154
94 70 154
94 71 154
94 71 154
94 71 154
94 71 154
94 72 155
94 72 155
94 72 155
94 72 155
94 73 155
94 73 155
94 73 155
94 73 155
94 74 156
94 74 156
94 74 156
94 74 156
94 75 156
94 75 156
94 75 156
94 75 156
94 76 157
94 76 157
94 76 157
94 76 157
94 77 158
94 77 158
94 77 158
94 77 158
94 79 158
94 79 158
94 79 158
94 79 158
94 80 158
94 80 158
94 80 158
94 80 158
94 81 159
94 81 159
94 81 159
94 81 159
94 82 159
94 82 159
94 82 159
94 82 159
94 83 160
94 83 160
94 83 160
94 83 160
94 84 160
94 84 160
94 84 160
94 84 160
95 85 161
95 85 161
95 85 161
95 85 161
95 86 161
95 86 161
95 86 161
95 86 161
95 87 162
95 87 162
95 87 162
95 87 162
95 88 162
95 88 162
95 88 162
95 88 162
95 89 162
95 89 162
95 89 162
95 89 162
95 90 163
95 90 163
95 90 163
95 90 163
95 91 163
95 91 163
95 91 163
95 91 163
95 92 163
95 92 163
95 92 163
95 92 163
95 93 164
95 93 164
95 93 164
95 93 164
95 94 164
95 94 164
95 94 164
95 94 164
96 95 164
96 95 164
96 95 164
96 95 164
96 96 165
96 96 165
96 96 165
96 96 165
96 97 165
96 97 165
96 97 165
96 97 165
96 98 165
96 98 165
96 98 165
96 98 165
96 99 166
96 99 166
96 99 166
96 99 166
96 100 166
96 100 166
96 100 166
96 100 166
97 101 166
97 101 166
97 101 166
97 101 166
97 102 166
97 102 166
97 102 166
97 102 166
97 103 167
97 103 167
97 103 167
97 103 167
97 104 167
97 104 167
97 104 167
97 104 167
97 105 167
97 105 167
97 105 167
97 105 167
98 106 167
98 106 167
98 106 167
98 106 167
98 107 168
98 107 168
98 107 168
98 107 168
98 108 168
98 108 168
98 108 168
98 108 168
99 109 168
99 109 168
99 109 168
99 109 168
99 110 168
99 110 168
99 110 168
99 110 168
99 111 169
99 111 169
99 111 169
99 111 169
100 112 169
100 112 169
100 112 169
100 112 169
100 113 169
100 113 169
100 113 169
100 113 169
100 114 169
100 114 169
100 114 169
100 114 169
101 115 169
101 115 169
101 115 169
101 115 169
101 116 170
101 116 170
101 116 170
101 116 170
101 117 170
101 117 170
101 117 170
101 117 170
102 118 170
102 118 170
102 118 170
102 118 170
102 119 170
102 119 170
102 119 170
102 119 170
103 120 170
103 120 170
103 120 170
103 120 170
103 121 171
103 121 171
103 121 171
103 121 171
104 122 171
104 122 171
104 122 171
104 122 171
104 123 171
104 123 171
104 123 171
104 123 171
104 123 171
105 124 171
105 124 171
105 124 171
105 124 171
106 125 171
106 125 171
106 125 171
106 125 171
106 125 171
106 125 171
106 125 171
106 125 171
107 126 171
107 126 171
107 126 171
107 126 171
107 127 172
107 127 172
107 127 172
107 127 172
108 128 172
108 128 172
108 128 172
108 128 172
109 129 172
109 129 172
109 129 172
109 129 172
109 130 172
109 130 172
109 130 172
109 130 172
110 131 172
110 131 172
110 131 172
110 131 172
111 132 172
111 132 172
111 132 172
111 132 172
111 133 173
111 133 173
111 133 173
111 133 173
112 134 173
112 134 173
112 134 173
112 134 173
113 135 173
113 135 173
113 135 173
113 135 173
114 135 173
114 135 173
114 135 173
114 135 173
115 136 173
115 136 173
115 136 173
115 136 173
115 137 173
115 137 173
115 137 173
115 137 173
116 138 173
116 138 173
116 138 173
116 138 173
117 139 174
117 139 174
117 139 174
117 139 174
118 140 174
118 140 174
118 140 174
118 140 174
119 141 174
119 141 174
119 141 174
119 141 174
120 142 174
120 142 174
120 142 174
120 142 174
121 142 174
121 142 174
121 142 174
121 142 174
122 143 174
122 143 174
122 143 174
122 143 174
123 144 174
123 144 174
123 144 174
123 144 174
124 145 175
124 145 175
124 145 175
124 145 175
125 146 175
125 146 175
125 146 175
125 146 175
126 147 175
126 147 175
126 147 175
126 147 175
127 148 175
127 148 175
127 148 175
127 148 175
128 148 175
128 148 175
128 148 175
128 148 175
129 149 175
129 149 175
129 149 175
129 149 175
130 150 175
130 150 175
130 150 175
130 150 175
131 151 176
131 151 176
131 151 176
131 151 176
132 152 176
132 152 176
132 152 176
132 152 176
133 153 176
133 153 176
133 153 176
133 153 176
134 153 176
134 153 176
134 153 176
134 153 176
136 154 176
136 154 176
136 154 176
136 154 176
137 155 176
137 155 176
137 155 176
137 155 176
138 156 177
138 156 177
138 156 177
138 156 177
139 157 177
139 157 177
139 157 177
139 157 177
140 158 177
140 158 177
140 158 177
140 158 177
142 158 177
142 158 177
142 158 177
142 158 177
143 159 177
143 159 177
143 159 177
143 159 177
144 160 178
144 160 178
144 160 178
144 160 178
146 161 178
146 161 178
146 161 178
146 161 178
147 162 178
147 162 178
147 162 178
147 162 178
148 162 178
148 162 178
148 162 178
148 162 178
150 163 179
150 163 179
150 163 179
150 163 179
151 164 179
151 164 179
151 164 179
151 164 179
152 165 179
152 165 179
152 165 179
152 165 179
154 165 179
154 165 179
154 165 179
154 165 179
155 166 180
155 166 180
155 166 180
155 166 180
156 167 180
156 167 180
156 167 180
156 167 180
158 168 180
158 168 180
158 168 180
158 168 180
159 169 180
159 169 180
159 169 180
159 169 180
161 169 181
161 169 181
161 169 181
161 169 181
162 170 181
162 170 181
162 170 181
162 170 181
164 171 181
164 171 181
164 171 181
164 171 181
165 172 182
165 172 182
165 172 182
165 172 182
167 172 182
167 172 182
167 172 182
167 172 182
168 173 182
168 173 182
168 173 182
168 173 182
170 174 183
170 174 183
170 174 183
170 174 183
171 175 183
171 175 183
171 175 183
171 175 183
173 175 184
173 175 184
173 175 184
173 175 184
174 176 184
174 176 184
174 176 184
174 176 184
176 177 184
176 177 184
176 177 184
176 177 184
177 177 185
177 177 185
177 177 185
177 177 185
179 178 185
179 178 185
179 178 185
179 178 185
180 179 186
180 179 186
180 179 186
180 179 186
182 179 186
182 179 186
182 179 186
182 179 186
183 180 187
183 180 187
183 180 187
183 180 187
185 181 187
185 181 187
185 181 187
185 181 187
186 182 188
186 182 188
186 182 188
186 182 188
188 182 188
188 182 188
188 182 188
188 182 188
188 182 188
189 183 189
189 183 189
189 183 189
189 183 189
191 183 189
191 183 189
191 183 189
191 183 189
192 184 190
192 184 190
192 184 190
192 184 190
194 185 190
194 185 190
194 185 190
194 185 190
195 185 191
195 185 191
195 185 191
195 185 191
197 186 191
197 186 191
197 186 191
197 186 191
198 187 192
198 187 192
198 187 192
198 187 192
199 187 192
199 187 192
199 187 192
199 187 192
201 188 193
201 188 193
201 188 193
201 188 193
202 188 193
202 188 193
202 188 193
202 188 193
203 189 194
203 189 194
203 189 194
203 189 194
205 189 194
205 189 194
205 189 194
205 189 194
206 190 195
206 190 195
206 190 195
206 190 195
207 190 195
207 190 195
207 190 195
207 190 195
208 191 196
208 191 196
208 191 196
208 191 196
210 191 196
210 191 196
210 191 196
210 191 196
211 192 197
211 192 197
211 192 197
211 192 197
212 192 197
212 192 197
212 192 197
212 192 197
213 192 198
213 192 198
213 192 198
213 192 198
214 193 198
214 193 198
214 193 198
214 193 198
215 193 199
215 193 199
215 193 199
215 193 199
216 194 199
216 194 199
216 194 199
216 194 199
217 194 199
217 194 199
217 194 199
217 194 199
217 194 200
217 194 200
217 194 200
217 194 200
218 194 200
218 194 200
218 194 200
218 194 200
219 195 201
219 195 201
219 195 201
219 195 201
220 195 201
220 195 201
220 195 201
220 195 201
221 195 201
221 195 201
221 195 201
221 195 201
221 195 202
221 195 202
221 195 202
221 195 202
222 195 202
222 195 202
222 195 202
222 195 202
223 195 202
223 195 202
223 195 202
223 195 202
223 195 202
223 195 202
223 195 202
223 195 202
224 195 203
224 195 203
224 195 203
224 195 203
224 195 203
224 195 203
224 195 203
224 195 203
225 195 203
225 195 203
225 195 203
225 195 203
225 195 203
225 195 203
225 195 203
225 195 203
225 195 203
225 195 203
225 195 203
225 195 203
225 195 202
225 195 202
225 195 202
225 195 202
225 194 202
225 194 202
225 194 202
225 194 202
225 194 201
225 194 201
225 194 201
225 194 201
225 194 200
225 194 200
225 194 200
225 194 200
225 194 200
225 194 200
225 194 200
225 194 200
225 194 199
225 194 199
225 194 199
225 194 199
224 194 198
224 194 198
224 194 198
224 194 198
224 193 198
224 193 198
224 193 198
224 193 198
224 193 197
224 193 197
224 193 197
224 193 197
224 193 196
224 193 196
224 193 196
224 193 196
223 192 195
223 192 195
223 192 195
223 192 195
223 192 194
223 192 194
223 192 194
223 192 194
223 191 194
223 191 194
223 191 194
223 191 194
223 191 193
223 191 193
223 191 193
223 191 193
222 190 192
222 190 192
222 190 192
222 190 192
222 190 191
222 190 191
222 190 191
222 190 191
222 189 190
222 189 190
222 189 190
222 189 190
221 188 188
221 188 188
221 188 188
221 188 188
221 188 187
221 188 187
221 188 187
221 188 187
221 187 186
221 187 186
221 187 186
221 187 186
220 186 185
220 186 185
220 186 185
220 186 185
220 186 184
220 186 184
220 186 184
220 186 184
219 185 182
219 185 182
219 185 182
219 185 182
219 184 181
219 184 181
219 184 181
219 184 181
219 183 180
219 183 180
219 183 180
219 183 180
218 183 178
218 183 178
218 183 178
218 183 178
218 182 177
218 182 177
218 182 177
218 182 177
217 181 175
217 181 175
217 181 175
217 181 175
217 180 174
217 180 174
217 180 174
217 180 174
216 179 172
216 179 172
216 179 172
216 179 172
216 178 171
216 178 171
216 178 171
216 178 171
216 178 169
216 178 169
216 178 169
216 178 169
215 177 168
215 177 168
215 177 168
215 177 168
215 176 166
215 176 166
215 176 166
215 176 166
214 175 165
214 175 165
214 175 165
214 175 165
214 174 163
214 174 163
214 174 163
214 174 163
214 174 163
213 173 162
213 173 162
213 173 162
213 173 162
213 172 160
213 172 160
213 172 160
213 172 160
212 171 159
212 171 159
212 171 159
212 171 159
212 170 157
212 170 157
212 170 157
212 170 157
211 169 156
211 169 156
211 169 156
211 169 156
211 168 154
211 168 154
211 168 154
211 168 154
211 167 152
211 167 152
211 167 152
211 167 152
210 166 151
210 166 151
210 166 151
210 166 151
210 165 149
210 165 149
210 165 149
210 165 149
209 164 148
209 164 148
209 164 148
209 164 148
209 163 146
209 163 146
209 163 146
209 163 146
209 162 145
209 162 145
209 162 145
209 162 145
208 161 143
208 161 143
208 161 143
208 161 143
208 160 142
208 160 142
208 160 142
208 160 142
207 159 140
207 159 140
207 159 140
207 159 140
207 158 139
207 158 139
207 158 139
207 158 139
207 157 137
207 157 137
207 157 137
207 157 137
206 156 136
206 156 136
206 156 136
206 156 136
206 155 134
206 155 134
206 155 134
206 155 134
206 154 133
206 154 133
206 154 133
206 154 133
205 153 131
205 153 131
205 153 131
205 153 131
205 152 130
205 152 130
205 152 130
205 152 130
205 151 128
205 151 128
205 151 128
205 151 128
204 150 127
204 150 127
204 150 127
204 150 127
204 149 126
204 149 126
204 149 126
204 149 126
204 148 124
204 148 124
204 148 124
204 148 124
204 147 123
204 147 123
204 147 123
204 147 123
203 146 121
203 146 121
203 146 121
203 146 121
203 144 120
203 144 120
203 144 120
203 144 120
203 143 119
203 143 119
203 143 119
203 143 119
202 142 117
202 142 117
202 142 117
202 142 117
202 141 116
202 141 116
202 141 116
202 141 116
202 140 115
202 140 115
202 140 115
202 140 115
202 139 114
202 139 114
202 139 114
202 139 114
201 138 112
201 138 112
201 138 112
201 138 112
201 137 111
201 137 111
201 137 111
201 137 111
201 136 110
201 136 110
201 136 110
201 136 110
201 135 109
201 135 109
201 135 109
201 135 109
200 133 108
200 133 108
200 133 108
200 133 108
200 132 106
200 132 106
200 132 106
200 132 106
200 131 105
200 131 105
200 131 105
200 131 105
199 130 104
199 130 104
199 130 104
199 130 104
199 129 103
199 129 103
199 129 103
199 129 103
199 128 102
199 128 102
199 128 102
199 128 102
199 127 101
199 127 101
199 127 101
199 127 101
198 126 100
198 126 100
198 126 100
198 126 100
198 125 99
198 125 99
198 125 99
198 125 99
198 124 98
198 124 98
198 124 98
198 124 98
197 122 97
197 122 97
197 122 97
197 122 97
197 121 96
197 121 96
197 121 96
197 121 96
197 120 95
197 120 95
197 120 95
197 120 95
196 119 94
196 119 94
196 119 94
196 119 94
196 118 93
196 118 93
196 118 93
196 118 93
196 117 92
196 117 92
196 117 92
196 117 92
195 116 91
195 116 91
195 116 91
195 116 91
195 115 91
195 115 91
195 115 91
195 115 91
195 114 90
195 114 90
195 114 90
195 114 90
194 112 89
194 112 89
194 112 89
194 112 89
194 111 88
194 111 88
194 111 88
194 111 88
194 110 88
194 110 88
194 110 88
194 110 88
193 109 87
193 109 87
193 109 87
193 109 87
193 108 86
193 108 86
193 108 86
193 108 86
192 107 85
192 107 85
192 107 85
192 107 85
192 106 85
192 106 85
192 106 85
192 106 85
192 105 84
192 105 84
192 105 84
192 105 84
191 104 83
191 104 83
191 104 83
191 104 83
191 103 83
191 103 83
191 103 83
191 103 83
190 101 82
190 101 82
190 101 82
190 101 82
190 100 82
190 100 82
190 100 82
190 100 82
189 99 81
189 99 81
189 99 81
189 99 81
189 98 81
189 98 81
189 98 81
189 98 81
188 97 80
188 97 80
188 97 80
188 97 80
188 96 80
188 96 80
188 96 80
188 96 80
188 96 80
187 95 79
187 95 79
187 95 79
187 95 79
187 94 79
187 94 79
187 94 79
187 94 79
186 93 78
186 93 78
186 93 78
186 93 78
186 92 78
186 92 78
186 92 78
186 92 78
185 91 77
185 91 77
185 91 77
185 91 77
185 90 77
185 90 77
185 90 77
185 90 77
184 89 77
184 89 77
184 89 77
184 89 77
184 87 76
184 87 76
184 87 76
184 87 76
183 86 76
183 86 76
183 86 76
183 86 76
182 85 76
182 85 76
182 85 76
182 85 76
182 84 75
182 84 75
182 84 75
182 84 75
181 83 75
181 83 75
181 83 75
181 83 75
181 82 75
181 82 75
181 82 75
181 82 75
180 81 74
180 81 74
180 81 74
180 81 74
179 80 74
179 80 74
179 80 74
179 80 74
179 79 74
179 79 74
179 79 74
179 79 74
178 78 74
178 78 74
178 78 74
178 78 74
178 77 73
178 77 73
178 77 73
178 77 73
177 76 73
177 76 73
177 76 73
177 76 73
176 75 73
176 75 73
176 75 73
176 75 73
175 74 73
175 74 73
175 74 73
175 74 73
175 73 73
175 73 73
175 73 73
175 73 73
174 72 72
174 72 72
174 72 72
174 72 72
173 71 72
173 71 72
173 71 72
173 71 72
173 70 72
173 70 72
173 70 72
173 70 72
172 69 72
172 69 72
172 69 72
172 69 72
171 68 72
171 68 72
171 68 72
171 68 72
170 67 72
170 67 72
170 67 72
170 67 72
170 66 72
170 66 72
170 66 72
170 66 72
169 65 72
169 65 72
169 65 72
169 65 72
168 64 72
168 64 72
168 64 72
168 64 72
167 63 71
167 63 71
167 63 71
167 63 71
167 62 71
167 62 71
167 62 71
167 62 71
166 61 71
166 61 71
166 61 71
166 61 71
165 60 71
165 60 71
165 60 71
165 60 71
164 60 71
164 60 71
164 60 71
164 60 71
163 59 71
163 59 71
163 59 71
163 59 71
162 58 71
162 58 71
162 58 71
162 58 71
162 57 71
162 57 71
162 57 71
162 57 71
161 56 71
161 56 71
161 56 71
161 56 71
160 55 71
160 55 71
160 55 71
160 55 71
159 54 71
159 54 71
159 54 71
159 54 71
158 53 71
158 53 71
158 53 71
158 53 71
157 52 71
157 52 71
157 52 71
157 52 71
156 51 71
156 51 71
156 51 71
156 51 71
155 50 71
155 50 71
155 50 71
155 50 71
154 50 71
154 50 71
154 50 71
154 50 71
154 49 71
154 49 71
154 49 71
154 49 71
153 48 71
153 48 71
153 48 71
153 48 71
152 47 71
152 47 71
152 47 71
152 47 71
151 46 71
151 46 71
151 46 71
151 46 71
150 45 71
150 45 71
150 45 71
150 45 71
149 45 71
149 45 71
149 45 71
149 45 71
148 44 71
148 44 71
148 44 71
148 44 71
147 43 71
147 43 71
147 43 71
147 43 71
146 42 71
146 42 71
146 42 71
146 42 71
145 41 72
145 41 72
145 41 72
145 41 72
144 41 72
144 41 72
144 41 72
144 41 72
143 40 72
143 40 72
143 40 72
143 40 72
141 39 72
141 39 72
141 39 72
141 39 72
140 38 72
140 38 72
140 38 72
140 38 72
139 38 72
139 38 72
139 38 72
139 38 72
138 37 72
138 37 72
138 37 72
138 37 72
137 36 72
137 36 72
137 36 72
137 36 72
136 36 72
136 36 72
136 36 72
136 36 72
135 35 72
135 35 72
135 35 72
135 35 72
134 34 72
134 34 72
134 34 72
134 34 72
132 34 72
132 34 72
132 34 72
132 34 72
131 33 72
131 33 72
131 33 72
131 33 72
130 32 72
130 32 72
130 32 72
130 32 72
129 32 72
129 32 72
129 32 72
129 32 72
128 31 72
128 31 72
128 31 72
128 31 72
127 31 72
127 31 72
127 31 72
127 31 72
127 31 72
125 30 72
125 30 72
125 30 72
125 30 72
124 30 71
124 30 71
124 30 71
124 30 71
123 29 71
123 29 71
123 29 71
123 29 71
122 29 71
122 29 71
122 29 71
122 29 71
120 28 71
120 28 71
120 28 71
120 28 71
119 28 71
119 28 71
119 28 71
119 28 71
118 27 71
118 27 71
118 27 71
118 27 71
117 27 71
117 27 71
117 27 71
117 27 71
115 26 71
115 26 71
115 26 71
115 26 71
114 26 70
114 26 70
114 26 70
114 26 70
113 25 70
113 25 70
113 25 70
113 25 70
111 25 70
111 25 70
111 25 70
111 25 70
110 25 70
110 25 70
110 25 70
110 25 70
109 24 70
109 24 70
109 24 70
109 24 70
107 24 69
107 24 69
107 24 69
107 24 69
106 23 69
106 23 69
106 23 69
106 23 69
105 23 69
105 23 69
105 23 69
105 23 69
103 23 68
103 23 68
103 23 68
103 23 68
102 22 68
102 22 68
102 22 68
102 22 68
101 22 68
101 22 68
101 22 68
101 22 68
99 22 67
99 22 67
99 22 67
99 22 67
98 21 67
98 21 67
98 21 67
98 21 67
97 21 67
97 21 67
97 21 67
97 21 67
95 21 66
95 21 66
95 21 66
95 21 66
94 21 66
94 21 66
94 21 66
94 21 66
93 20 66
93 20 66
93 20 66
93 20 66
92 20 65
92 20 65
92 20 65
92 20 65
90 20 65
90 20 65
90 20 65
90 20 65
89 19 64
89 19 64
89 19 64
89 19 64
88 19 64
88 19 64
88 19 64
88 19 64
86 19 63
86 19 63
86 19 63
86 19 63
85 19 63
85 19 63
85 19 63
85 19 63
84 18 62
84 18 62
84 18 62
84 18 62
82 18 62
82 18 62
82 18 62
82 18 62
81 18 62
81 18 62
81 18 62
81 18 62
80 18 61
80 18 61
80 18 61
80 18 61
79 18 61
79 18 61
79 18 61
79 18 61
77 17 60
77 17 60
77 17 60
77 17 60
76 17 60
76 17 60
76 17 60
76 17 60
75 17 59
75 17 59
75 17 59
75 17 59
74 17 59
74 17 59
74 17 59
74 17 59
73 17 58
73 17 58
73 17 58
73 17 58
71 16 58
71 16 58
71 16 58
71 16 58
70 16 57
70 16 57
70 16 57
70 16 57
69 16 57
69 16 57
69 16 57
69 16 57
68 16 56
68 16 56
68 16 56
68 16 56
67 16 56
67 16 56
67 16 56
67 16 56
66 16 55
66 16 55
66 16 55
66 16 55
65 15 55
65 15 55
65 15 55
65 15 55
64 15 54
64 15 54
64 15 54
64 15 54
63 15 54
63 15 54
63 15 54
63 15 54
62 15 54
62 15 54
62 15 54
62 15 54
61 15 53
61 15 53
61 15 53
61 15 53
60 15 53
60 15 53
60 15 53
60 15 53
59 15 52
59 15 52
59 15 52
59 15 52
58 15 52
58 15 52
58 15 52
58 15 52
57 15 52
57 15 52
57 15 52
57 15 52
56 15 51
56 15 51
56 15 51
56 15 51
55 15 51
55 15 51
55 15 51
55 15 51
55 15 51
55 15 51
55 15 51
55 15 51
54 15 50
54 15 50
54 15 50
54 15 50
53 15 50
53 15 50
53 15 50
53 15 50
53 15 50
53 15 50
53 15 50
53 15 50
52 15 50
52 15 50
52 15 50
52 15 50
51 15 50
51 15 50
51 15 50
51 15 50
51 16 49
51 16 49
51 16 49
51 16 49
50 16 49
50 16 49
50 16 49
50 16 49
49 16 49
49 16 49
49 16 49
49 16 49
49 16 49
49 16 49
49 16 49
49 16 49
48 17 49
48 17 49
48 17 49
48 17 49
47 17 49
47 17 49
47 17 49
47 17 49
47 18 48
47 18 48
47 18 48
47 18 48
47 18 48
