225 216 226
225 216 226
225 216 226
225 216 226
225 216 226
225 216 226
225 216 226
225 216 226
225 216 226
224 217 226
224 217 226
224 217 226
224 217 226
224 217 225
224 217 225
224 217 225
224 217 225
223 217 225
223 217 225
223 217 225
223 217 225
223 217 225
223 217 225
223 217 225
223 217 225
222 217 224
222 217 224
222 217 224
222 217 224
221 217 224
221 217 224
221 217 224
221 217 224
221 217 224
221 217 224
221 217 224
221 217 224
220 216 223
220 216 223
220 216 223
220 216 223
219 216 223
219 216 223
219 216 223
219 216 223
218 216 222
218 216 222
218 216 222
218 216 222
217 216 222
217 216 222
217 216 222
217 216 222
217 215 222
217 215 222
217 215 222
217 215 222
216 215 221
216 215 221
216 215 221
216 215 221
215 215 221
215 215 221
215 215 221
215 215 221
214 214 220
214 214 220
214 214 220
214 214 220
213 214 220
213 214 220
213 214 220
213 214 220
212 214 219
212 214 219
212 214 219
212 214 219
211 213 219
211 213 219
211 213 219
211 213 219
210 213 218
210 213 218
210 213 218
210 213 218
208 212 218
208 212 218
208 212 218
208 212 218
207 212 217
207 212 217
207 212 217
207 212 217
206 211 216
206 211 216
206 211 216
206 211 216
205 210 216
205 210 216
205 210 216
205 210 216
203 210 215
203 210 215
203 210 215
203 210 215
202 209 215
202 209 215
202 209 215
202 209 215
201 209 214
201 209 214
201 209 214
201 209 214
199 208 214
199 208 214
199 208 214
199 208 214
198 207 213
198 207 213
198 207 213
198 207 213
197 207 212
197 207 212
197 207 212
197 207 212
195 206 212
195 206 212
195 206 212
195 206 212
194 205 211
194 205 211
194 205 211
194 205 211
192 205 211
192 205 211
192 205 211
192 205 211
191 204 210
191 204 210
191 204 210
191 204 210
189 203 210
189 203 210
189 203 210
189 203 210
188 202 209
188 202 209
188 202 209
188 202 209
186 202 208
186 202 208
186 202 208
186 202 208
185 201 208
185 201 208
185 201 208
185 201 208
183 200 207
183 200 207
183 200 207
183 200 207
182 199 207
182 199 207
182 199 207
182 199 207
180 199 206
180 199 206
180 199 206
180 199 206
179 198 206
179 198 206
179 198 206
179 198 206
177 197 205
177 197 205
177 197 205
177 197 205
176 196 205
176 196 205
176 196 205
176 196 205
174 196 204
174 196 204
174 196 204
174 196 204
173 195 204
173 195 204
173 195 204
173 195 204
171 194 204
171 194 204
171 194 204
171 194 204
170 193 203
170 193 203
170 193 203
170 193 203
168 192 203
168 192 203
168 192 203
168 192 203
167 192 202
167 192 202
167 192 202
167 192 202
165 191 202
165 191 202
165 191 202
165 191 202
164 190 202
164 190 202
164 190 202
164 190 202
162 189 201
162 189 201
162 189 201
162 189 201
161 188 201
161 188 201
161 188 201
161 188 201
159 187 201
159 187 201
159 187 201
159 187 201
158 187 200
158 187 200
158 187 200
158 187 200
156 186 200
156 186 200
156 186 200
156 186 200
155 185 200
155 185 200
155 185 200
155 185 200
154 184 199
154 184 199
154 184 199
154 184 199
152 183 199
152 183 199
152 183 199
152 183 199
151 182 199
151 182 199
151 182 199
151 182 199
150 181 198
150 181 198
150 181 198
150 181 198
148 180 198
148 180 198
148 180 198
148 180 198
147 180 198
147 180 198
147 180 198
147 180 198
146 179 198
146 179 198
146 179 198
146 179 198
144 178 197
144 178 197
144 178 197
144 178 197
143 177 197
143 177 197
143 177 197
143 177 197
142 176 197
142 176 197
142 176 197
142 176 197
140 175 197
140 175 197
140 175 197
140 175 197
139 174 197
139 174 197
139 174 197
139 174 197
138 173 196
138 173 196
138 173 196
138 173 196
137 172 196
137 172 196
137 172 196
137 172 196
137 172 196
136 171 196
136 171 196
136 171 196
136 171 196
134 171 196
134 171 196
134 171 196
134 171 196
133 170 196
133 170 196
133 170 196
133 170 196
132 169 195
132 169 195
132 169 195
132 169 195
131 168 195
131 168 195
131 168 195
131 168 195
130 167 195
130 167 195
130 167 195
130 167 195
129 166 195
129 166 195
129 166 195
129 166 195
128 165 195
128 165 195
128 165 195
128 165 195
127 164 194
127 164 194
127 164 194
127 164 194
126 163 194
126 163 194
126 163 194
126 163 194
125 162 194
125 162 194
125 162 194
125 162 194
124 161 194
124 161 194
124 161 194
124 161 194
123 160 194
123 160 194
123 160 194
123 160 194
122 159 194
122 159 194
122 159 194
122 159 194
121 158 193
121 158 193
121 158 193
121 158 193
120 157 193
120 157 193
120 157 193
120 157 193
119 156 193
119 156 193
119 156 193
119 156 193
118 155 193
118 155 193
118 155 193
118 155 193
117 154 193
117 154 193
117 154 193
117 154 193
116 154 193
116 154 193
116 154 193
116 154 193
115 153 193
115 153 193
115 153 193
115 153 193
115 152 192
115 152 192
115 152 192
115 152 192
114 151 192
114 151 192
114 151 192
114 151 192
113 150 192
113 150 192
113 150 192
113 150 192
112 149 192
112 149 192
112 149 192
112 149 192
111 148 192
111 148 192
111 148 192
111 148 192
111 147 192
111 147 192
111 147 192
111 147 192
110 146 191
110 146 191
110 146 191
110 146 191
109 145 191
109 145 191
109 145 191
109 145 191
109 144 191
109 144 191
109 144 191
109 144 191
108 143 191
108 143 191
108 143 191
108 143 191
107 142 191
107 142 191
107 142 191
107 142 191
107 141 191
107 141 191
107 141 191
107 141 191
106 139 190
106 139 190
106 139 190
106 139 190
106 138 190
106 138 190
106 138 190
106 138 190
105 137 190
105 137 190
105 137 190
105 137 190
104 136 190
104 136 190
104 136 190
104 136 190
104 135 190
104 135 190
104 135 190
104 135 190
103 134 190
103 134 190
103 134 190
103 134 190
103 133 189
103 133 189
103 133 189
103 133 189
102 132 189
102 132 189
102 132 189
102 132 189
102 131 189
102 131 189
102 131 189
102 131 189
101 130 189
101 130 189
101 130 189
101 130 189
101 129 189
101 129 189
101 129 189
101 129 189
101 128 188
101 128 188
101 128 188
101 128 188
100 127 188
100 127 188
100 127 188
100 127 188
100 126 188
100 126 188
100 126 188
100 126 188
100 125 188
100 125 188
100 125 188
100 125 188
99 124 187
99 124 187
99 124 187
99 124 187
99 123 187
99 123 187
99 123 187
99 123 187
99 122 187
99 122 187
99 122 187
99 122 187
98 120 187
98 120 187
98 120 187
98 120 187
98 119 186
98 119 186
98 119 186
98 119 186
98 118 186
98 118 186
98 118 186
98 118 186
97 117 186
97 117 186
97 117 186
97 117 186
97 116 186
97 116 186
97 116 186
97 116 186
97 115 185
97 115 185
97 115 185
97 115 185
97 114 185
97 114 185
97 114 185
97 114 185
97 113 185
97 113 185
97 113 185
97 113 185
96 112 184
96 112 184
96 112 184
96 112 184
96 110 184
96 110 184
96 110 184
96 110 184
96 109 184
96 109 184
96 109 184
96 109 184
96 108 183
96 108 183
96 108 183
96 108 183
96 107 183
96 107 183
96 107 183
96 107 183
96 106 183
96 106 183
96 106 183
96 106 183
95 105 182
95 105 182
95 105 182
95 105 182
95 104 182
95 104 182
95 104 182
95 104 182
95 103 182
95 103 182
95 103 182
95 103 182
95 101 181
95 101 181
95 101 181
95 101 181
95 100 181
95 100 181
95 100 181
95 100 181
95 99 180
95 99 180
95 99 180
95 99 180
95 98 180
95 98 180
95 98 180
95 98 180
95 97 180
95 97 180
95 97 180
95 97 180
95 97 180
95 96 179
95 96 179
95 96 179
95 96 179
95 94 179
95 94 179
95 94 179
95 94 179
94 93 178
94 93 178
94 93 178
94 93 178
94 92 178
94 92 178
94 92 178
94 92 178
94 91 177
94 91 177
94 91 177
94 91 177
94 90 177
94 90 177
94 90 177
94 90 177
94 89 176
94 89 176
94 89 176
94 89 176
94 87 176
94 87 176
94 87 176
94 87 176
94 86 175
94 86 175
94 86 175
94 86 175
94 85 175
94 85 175
94 85 175
94 85 175
94 84 174
94 84 174
94 84 174
94 84 174
94 83 173
94 83 173
94 83 173
94 83 173
94 81 173
94 81 173
94 81 173
94 81 173
94 80 172
94 80 172
94 80 172
94 80 172
94 79 172
94 79 172
94 79 172
94 79 172
94 78 171
94 78 171
94 78 171
94 78 171
94 77 170
94 77 170
94 77 170
94 77 170
94 75 170
94 75 170
94 75 170
94 75 170
94 74 169
94 74 169
94 74 169
94 74 169
93 73 168
93 73 168
93 73 168
93 73 168
93 72 167
93 72 167
93 72 167
93 72 167
93 70 167
93 70 167
93 70 167
93 70 167
93 69 166
93 69 166
93 69 166
93 69 166
93 68 165
93 68 165
93 68 165
93 68 165
93 67 164
93 67 164
93 67 164
93 67 164
93 66 164
93 66 164
93 66 164
93 66 164
93 64 163
93 64 163
93 64 163
93 64 163
93 63 162
93 63 162
93 63 162
93 63 162
93 62 161
93 62 161
93 62 161
93 62 161
92 61 160
92 61 160
92 61 160
92 61 160
92 60 159
92 60 159
92 60 159
92 60 159
92 58 158
92 58 158
92 58 158
92 58 158
92 57 157
92 57 157
92 57 157
92 57 157
92 56 156
92 56 156
92 56 156
92 56 156
92 55 155
92 55 155
92 55 155
92 55 155
92 53 154
92 53 154
92 53 154
92 53 154
91 52 153
91 52 153
91 52 153
91 52 153
91 51 152
91 51 152
91 51 152
91 51 152
91 50 151
91 50 151
91 50 151
91 50 151
91 49 150
91 49 150
91 49 150
91 49 150
90 48 149
90 48 149
90 48 149
90 48 149
90 46 148
90 46 148
90 46 148
90 46 148
90 45 146
90 45 146
90 45 146
90 45 146
90 44 145
90 44 145
90 44 145
90 44 145
89 43 144
89 43 144
89 43 144
89 43 144
89 42 143
89 42 143
89 42 143
89 42 143
89 41 141
89 41 141
89 41 141
89 41 141
88 40 140
88 40 140
88 40 140
88 40 140
88 39 139
88 39 139
88 39 139
88 39 139
87 37 137
87 37 137
87 37 137
87 37 137
87 36 136
87 36 136
87 36 136
87 36 136
87 35 134
87 35 134
87 35 134
87 35 134
86 34 133
86 34 133
86 34 133
86 34 133
86 33 131
86 33 131
86 33 131
86 33 131
85 33 130
85 33 130
85 33 130
85 33 130
85 32 128
85 32 128
85 32 128
85 32 128
84 31 127
84 31 127
84 31 127
84 31 127
83 30 125
83 30 125
83 30 125
83 30 125
83 29 124
83 29 124
83 29 124
83 29 124
82 28 122
82 28 122
82 28 122
82 28 122
82 27 120
82 27 120
82 27 120
82 27 120
81 27 119
81 27 119
81 27 119
81 27 119
80 26 117
80 26 117
80 26 117
80 26 117
80 25 115
80 25 115
80 25 115
80 25 115
79 25 114
79 25 114
79 25 114
79 25 114
78 24 112
78 24 112
78 24 112
78 24 112
77 23 110
77 23 110
77 23 110
77 23 110
77 23 108
77 23 108
77 23 108
77 23 108
76 22 107
76 22 107
76 22 107
76 22 107
75 22 105
75 22 105
75 22 105
75 22 105
74 21 103
74 21 103
74 21 103
74 21 103
73 21 102
73 21 102
73 21 102
73 21 102
73 21 100
73 21 100
73 21 100
73 21 100
73 21 100
72 20 98
72 20 98
72 20 98
72 20 98
71 20 96
71 20 96
71 20 96
71 20 96
70 19 95
70 19 95
70 19 95
70 19 95
69 19 93
69 19 93
69 19 93
69 19 93
68 19 91
68 19 91
68 19 91
68 19 91
68 18 90
68 18 90
68 18 90
68 18 90
67 18 88
67 18 88
67 18 88
67 18 88
66 18 87
66 18 87
66 18 87
66 18 87
65 18 85
65 18 85
65 18 85
65 18 85
64 17 84
64 17 84
64 17 84
64 17 84
63 17 82
63 17 82
63 17 82
63 17 82
62 17 81
62 17 81
62 17 81
62 17 81
62 17 79
62 17 79
62 17 79
62 17 79
61 17 78
61 17 78
61 17 78
61 17 78
60 17 76
60 17 76
60 17 76
60 17 76
59 17 75
59 17 75
59 17 75
59 17 75
58 16 74
58 16 74
58 16 74
58 16 74
58 16 72
58 16 72
58 16 72
58 16 72
57 16 71
57 16 71
57 16 71
57 16 71
56 16 70
56 16 70
56 16 70
56 16 70
56 16 69
56 16 69
56 16 69
56 16 69
55 16 67
55 16 67
55 16 67
55 16 67
54 16 66
54 16 66
54 16 66
54 16 66
54 16 65
54 16 65
54 16 65
54 16 65
53 16 64
53 16 64
53 16 64
53 16 64
52 16 63
52 16 63
52 16 63
52 16 63
52 17 62
52 17 62
52 17 62
52 17 62
51 17 61
51 17 61
51 17 61
51 17 61
51 17 60
51 17 60
51 17 60
51 17 60
50 17 59
50 17 59
50 17 59
50 17 59
50 17 59
50 17 59
50 17 59
50 17 59
50 17 58
50 17 58
50 17 58
50 17 58
49 18 57
49 18 57
49 18 57
49 18 57
48 18 56
48 18 56
48 18 56
48 18 56
48 19 55
48 19 55
48 19 55
48 19 55
47 19 55
47 19 55
47 19 55
47 19 55
47 20 54
47 20 54
47 20 54
47 20 54
47 19 54
47 19 54
47 19 54
47 19 54
48 19 54
48 19 54
48 19 54
48 19 54
49 18 54
49 18 54
49 18 54
49 18 54
49 18 55
49 18 55
49 18 55
49 18 55
50 18 55
50 18 55
50 18 55
50 18 55
51 17 55
51 17 55
51 17 55
51 17 55
51 17 55
51 17 55
51 17 55
51 17 55
52 17 55
52 17 55
52 17 55
52 17 55
53 17 56
53 17 56
53 17 56
53 17 56
53 17 56
53 17 56
53 17 56
53 17 56
54 17 56
54 17 56
54 17 56
54 17 56
55 17 56
55 17 56
55 17 56
55 17 56
55 17 57
55 17 57
55 17 57
55 17 57
56 17 57
56 17 57
56 17 57
56 17 57
57 17 57
57 17 57
57 17 57
57 17 57
58 17 58
58 17 58
58 17 58
58 17 58
59 17 58
59 17 58
59 17 58
59 17 58
60 17 59
60 17 59
60 17 59
60 17 59
61 17 59
61 17 59
61 17 59
61 17 59
62 17 60
62 17 60
62 17 60
62 17 60
63 17 60
63 17 60
63 17 60
63 17 60
64 17 60
64 17 60
64 17 60
64 17 60
65 17 61
65 17 61
65 17 61
65 17 61
66 17 61
66 17 61
66 17 61
66 17 61
67 18 62
67 18 62
67 18 62
67 18 62
68 18 63
68 18 63
68 18 63
68 18 63
69 18 63
69 18 63
69 18 63
69 18 63
70 18 64
70 18 64
70 18 64
70 18 64
71 18 64
71 18 64
71 18 64
71 18 64
73 18 65
73 18 65
73 18 65
73 18 65
74 19 65
74 19 65
74 19 65
74 19 65
75 19 66
75 19 66
75 19 66
75 19 66
76 19 66
76 19 66
76 19 66
76 19 66
77 19 67
77 19 67
77 19 67
77 19 67
79 20 67
79 20 67
79 20 67
79 20 67
80 20 68
80 20 68
80 20 68
80 20 68
80 20 68
81 20 68
81 20 68
81 20 68
81 20 68
82 20 69
82 20 69
82 20 69
82 20 69
84 21 69
84 21 69
84 21 69
84 21 69
85 21 70
85 21 70
85 21 70
85 21 70
86 21 70
86 21 70
86 21 70
86 21 70
88 21 71
88 21 71
88 21 71
88 21 71
89 22 71
89 22 71
89 22 71
89 22 71
90 22 72
90 22 72
90 22 72
90 22 72
92 22 72
92 22 72
92 22 72
92 22 72
93 23 73
93 23 73
93 23 73
93 23 73
94 23 73
94 23 73
94 23 73
94 23 73
95 23 74
95 23 74
95 23 74
95 23 74
97 24 74
97 24 74
97 24 74
97 24 74
98 24 75
98 24 75
98 24 75
98 24 75
99 24 75
99 24 75
99 24 75
99 24 75
101 25 75
101 25 75
101 25 75
101 25 75
102 25 76
102 25 76
102 25 76
102 25 76
103 25 76
103 25 76
103 25 76
103 25 76
105 26 76
105 26 76
105 26 76
105 26 76
106 26 77
106 26 77
106 26 77
106 26 77
107 26 77
107 26 77
107 26 77
107 26 77
109 27 77
109 27 77
109 27 77
109 27 77
110 27 78
110 27 78
110 27 78
110 27 78
111 28 78
111 28 78
111 28 78
111 28 78
113 28 78
113 28 78
113 28 78
113 28 78
114 29 78
114 29 78
114 29 78
114 29 78
115 29 78
115 29 78
115 29 78
115 29 78
117 30 79
117 30 79
117 30 79
117 30 79
118 30 79
118 30 79
118 30 79
118 30 79
119 31 79
119 31 79
119 31 79
119 31 79
120 31 79
120 31 79
120 31 79
120 31 79
122 32 79
122 32 79
122 32 79
122 32 79
123 32 79
123 32 79
123 32 79
123 32 79
124 33 79
124 33 79
124 33 79
124 33 79
125 33 80
125 33 80
125 33 80
125 33 80
127 34 80
127 34 80
127 34 80
127 34 80
128 35 80
128 35 80
128 35 80
128 35 80
129 35 80
129 35 80
129 35 80
129 35 80
130 36 80
130 36 80
130 36 80
130 36 80
131 37 80
131 37 80
131 37 80
131 37 80
132 37 80
132 37 80
132 37 80
132 37 80
134 38 80
134 38 80
134 38 80
134 38 80
135 39 80
135 39 80
135 39 80
135 39 80
136 40 80
136 40 80
136 40 80
136 40 80
137 40 80
137 40 80
137 40 80
137 40 80
138 41 80
138 41 80
138 41 80
138 41 80
139 42 80
139 42 80
139 42 80
139 42 80
140 43 80
140 43 80
140 43 80
140 43 80
141 44 80
141 44 80
141 44 80
141 44 80
143 44 80
143 44 80
143 44 80
143 44 80
144 45 80
144 45 80
144 45 80
144 45 80
145 46 80
145 46 80
145 46 80
145 46 80
146 47 79
146 47 79
146 47 79
146 47 79
147 48 79
147 48 79
147 48 79
147 48 79
148 49 79
148 49 79
148 49 79
148 49 79
149 50 79
149 50 79
149 50 79
149 50 79
150 50 79
150 50 79
150 50 79
150 50 79
151 51 79
151 51 79
151 51 79
151 51 79
152 52 79
152 52 79
152 52 79
152 52 79
153 53 79
153 53 79
153 53 79
153 53 79
154 54 79
154 54 79
154 54 79
154 54 79
154 55 79
154 55 79
154 55 79
154 55 79
155 56 79
155 56 79
155 56 79
155 56 79
156 57 79
156 57 79
156 57 79
156 57 79
157 58 79
157 58 79
157 58 79
157 58 79
158 59 79
158 59 79
158 59 79
158 59 79
159 60 79
159 60 79
159 60 79
159 60 79
160 61 79
160 61 79
160 61 79
160 61 79
161 62 79
161 62 79
161 62 79
161 62 79
162 63 79
162 63 79
162 63 79
162 63 79
162 64 79
162 64 79
162 64 79
162 64 79
163 65 79
163 65 79
163 65 79
163 65 79
164 66 79
164 66 79
164 66 79
164 66 79
164 66 79
165 67 79
165 67 79
165 67 79
165 67 79
166 68 79
166 68 79
166 68 79
166 68 79
167 69 79
167 69 79
167 69 79
167 69 79
167 70 79
167 70 79
167 70 79
167 70 79
168 71 80
168 71 80
168 71 80
168 71 80
169 73 80
169 73 80
169 73 80
169 73 80
170 74 80
170 74 80
170 74 80
170 74 80
170 75 80
170 75 80
170 75 80
170 75 80
171 76 80
171 76 80
171 76 80
171 76 80
172 77 80
172 77 80
172 77 80
172 77 80
173 78 80
173 78 80
173 78 80
173 78 80
173 79 80
173 79 80
173 79 80
173 79 80
174 80 81
174 80 81
174 80 81
174 80 81
175 81 81
175 81 81
175 81 81
175 81 81
175 82 81
175 82 81
175 82 81
175 82 81
176 84 81
176 84 81
176 84 81
176 84 81
177 85 81
177 85 81
177 85 81
177 85 81
178 86 82
178 86 82
178 86 82
178 86 82
178 87 82
178 87 82
178 87 82
178 87 82
179 88 82
179 88 82
179 88 82
179 88 82
179 89 82
179 89 82
179 89 82
179 89 82
180 90 83
180 90 83
180 90 83
180 90 83
181 91 83
181 91 83
181 91 83
181 91 83
181 93 83
181 93 83
181 93 83
181 93 83
182 94 84
182 94 84
182 94 84
182 94 84
182 95 84
182 95 84
182 95 84
182 95 84
183 96 84
183 96 84
183 96 84
183 96 84
184 97 85
184 97 85
184 97 85
184 97 85
184 98 85
184 98 85
184 98 85
184 98 85
185 100 86
185 100 86
185 100 86
185 100 86
185 101 86
185 101 86
185 101 86
185 101 86
186 102 87
186 102 87
186 102 87
186 102 87
186 103 87
186 103 87
186 103 87
186 103 87
187 104 87
187 104 87
187 104 87
187 104 87
187 106 88
187 106 88
187 106 88
187 106 88
188 107 89
188 107 89
188 107 89
188 107 89
188 108 89
188 108 89
188 108 89
188 108 89
189 109 90
189 109 90
189 109 90
189 109 90
189 110 90
189 110 90
189 110 90
189 110 90
190 112 91
190 112 91
190 112 91
190 112 91
190 113 91
190 113 91
190 113 91
190 113 91
191 114 92
191 114 92
191 114 92
191 114 92
191 115 93
191 115 93
191 115 93
191 115 93
192 116 93
192 116 93
192 116 93
192 116 93
192 118 94
192 118 94
192 118 94
192 118 94
192 119 95
192 119 95
192 119 95
192 119 95
193 120 96
193 120 96
193 120 96
193 120 96
193 121 96
193 121 96
193 121 96
193 121 96
194 123 97
194 123 97
194 123 97
194 123 97
194 124 98
194 124 98
194 124 98
194 124 98
194 125 99
194 125 99
194 125 99
194 125 99
195 126 100
195 126 100
195 126 100
195 126 100
195 127 101
195 127 101
195 127 101
195 127 101
195 129 102
195 129 102
195 129 102
195 129 102
196 130 103
196 130 103
196 130 103
196 130 103
196 131 104
196 131 104
196 131 104
196 131 104
196 132 105
196 132 105
196 132 105
196 132 105
197 134 106
197 134 106
197 134 106
197 134 106
197 135 107
197 135 107
197 135 107
197 135 107
197 136 108
197 136 108
197 136 108
197 136 108
198 137 109
198 137 109
198 137 109
198 137 109
198 139 110
198 139 110
198 139 110
198 139 110
198 140 111
198 140 111
198 140 111
198 140 111
199 141 112
199 141 112
199 141 112
199 141 112
199 142 113
199 142 113
199 142 113
199 142 113
199 143 114
199 143 114
199 143 114
199 143 114
199 145 116
199 145 116
199 145 116
199 145 116
200 146 117
200 146 117
200 146 117
200 146 117
200 147 118
200 147 118
200 147 118
200 147 118
200 148 120
200 148 120
200 148 120
200 148 120
201 150 121
201 150 121
201 150 121
201 150 121
201 151 122
201 151 122
201 151 122
201 151 122
201 152 123
201 152 123
201 152 123
201 152 123
201 152 123
201 153 125
201 153 125
201 153 125
201 153 125
202 155 126
202 155 126
202 155 126
202 155 126
202 156 128
202 156 128
202 156 128
202 156 128
202 157 129
202 157 129
202 157 129
202 157 129
202 158 131
202 158 131
202 158 131
202 158 131
203 159 132
203 159 132
203 159 132
203 159 132
203 161 133
203 161 133
203 161 133
203 161 133
203 162 135
203 162 135
203 162 135
203 162 135
204 163 137
204 163 137
204 163 137
204 163 137
204 164 138
204 164 138
204 164 138
204 164 138
204 165 140
204 165 140
204 165 140
204 165 140
204 167 141
204 167 141
204 167 141
204 167 141
205 168 143
205 168 143
205 168 143
205 168 143
205 169 144
205 169 144
205 169 144
205 169 144
205 170 146
205 170 146
205 170 146
205 170 146
206 171 148
206 171 148
206 171 148
206 171 148
206 172 149
206 172 149
206 172 149
206 172 149
206 174 151
206 174 151
206 174 151
206 174 151
207 175 153
207 175 153
207 175 153
207 175 153
207 176 154
207 176 154
207 176 154
207 176 154
207 177 156
207 177 156
207 177 156
207 177 156
208 178 158
208 178 158
208 178 158
208 178 158
208 179 159
208 179 159
208 179 159
208 179 159
209 180 161
209 180 161
209 180 161
209 180 161
209 182 163
209 182 163
209 182 163
209 182 163
209 183 164
209 183 164
209 183 164
209 183 164
210 184 166
210 184 166
210 184 166
210 184 166
210 185 168
210 185 168
210 185 168
210 185 168
211 186 169
211 186 169
211 186 169
211 186 169
211 187 171
211 187 171
211 187 171
211 187 171
211 188 173
211 188 173
211 188 173
211 188 173
212 189 175
212 189 175
212 189 175
212 189 175
212 190 176
212 190 176
212 190 176
212 190 176
213 191 178
213 191 178
213 191 178
213 191 178
213 192 180
213 192 180
213 192 180
213 192 180
214 193 181
214 193 181
214 193 181
214 193 181
214 194 183
214 194 183
214 194 183
214 194 183
215 195 185
215 195 185
215 195 185
215 195 185
215 196 187
215 196 187
215 196 187
215 196 187
216 197 188
216 197 188
216 197 188
216 197 188
216 198 190
216 198 190
216 198 190
216 198 190
216 199 192
216 199 192
216 199 192
216 199 192
217 200 193
217 200 193
217 200 193
217 200 193
217 201 195
217 201 195
217 201 195
217 201 195
218 202 196
218 202 196
218 202 196
218 202 196
218 203 198
218 203 198
218 203 198
218 203 198
219 204 200
219 204 200
219 204 200
219 204 200
219 205 201
219 205 201
219 205 201
219 205 201
219 206 203
219 206 203
219 206 203
219 206 203
220 206 204
220 206 204
220 206 204
220 206 204
220 207 205
220 207 205
220 207 205
220 207 205
221 208 207
221 208 207
221 208 207
221 208 207
221 209 208
221 209 208
221 209 208
221 209 208
221 209 209
221 209 209
221 209 209
221 209 209
222 210 211
222 210 211
222 210 211
222 210 211
222 211 212
222 211 212
222 211 212
222 211 212
222 211 213
222 211 213
222 211 213
222 211 213
223 212 214
223 212 214
223 212 214
223 212 214
223 213 215
223 213 215
223 213 215
223 213 215
223 213 216
223 213 216
223 213 216
223 213 216
223 214 217
223 214 217
223 214 217
223 214 217
224 214 218
224 214 218
224 214 218
224 214 218
224 214 219
224 214 219
224 214 219
224 214 219
224 215 220
224 215 220
224 215 220
224 215 220
224 215 221
224 215 221
224 215 221
224 215 221
225 215 221
225 215 221
225 215 221
225 215 221
225 216 222
225 216 222
225 216 222
225 216 222
225 216 223
225 216 223
225 216 223
225 216 223
225 216 223
225 216 223
225 216 223
225 216 223
225 216 224
225 216 224
225 216 224
225 216 224
225 216 225
225 216 225
225 216 225
225 216 225
225 216 225
225 216 225
225 216 225
225 216 225
225 216 225
