68 1 75
68 1 75
68 1 75
68 1 75
68 1 75
68 1 75
68 1 75
68 1 75
68 2 76
68 2 76
68 2 76
68 2 76
68 2 76
68 2 76
68 2 76
68 2 76
68 3 78
68 3 78
68 3 78
68 3 78
68 3 78
68 3 78
68 3 78
68 3 78
69 4 79
69 4 79
69 4 79
69 4 79
69 4 79
69 4 79
69 4 79
69 4 79
69 5 81
69 5 81
69 5 81
69 5 81
69 5 81
69 5 81
69 5 81
69 5 81
69 7 82
69 7 82
69 7 82
69 7 82
69 7 82
69 7 82
69 7 82
69 7 82
70 8 83
70 8 83
70 8 83
70 8 83
70 8 83
70 8 83
70 8 83
70 8 83
70 10 84
70 10 84
70 10 84
70 10 84
70 10 84
70 10 84
70 10 84
70 10 84
70 11 86
70 11 86
70 11 86
70 11 86
70 11 86
70 11 86
70 11 86
70 11 86
70 12 87
70 12 87
70 12 87
70 12 87
70 12 87
70 12 87
70 12 87
70 12 87
71 14 88
71 14 88
71 14 88
71 14 88
71 14 88
71 14 88
71 14 88
71 14 88
71 15 89
71 15 89
71 15 89
71 15 89
71 15 89
71 15 89
71 15 89
71 15 89
71 16 91
71 16 91
71 16 91
71 16 91
71 16 91
71 16 91
71 16 91
71 16 91
71 18 92
71 18 92
71 18 92
71 18 92
71 18 92
71 18 92
71 18 92
71 18 92
71 19 93
71 19 93
71 19 93
71 19 93
71 19 93
71 19 93
71 19 93
71 19 93
71 20 94
71 20 94
71 20 94
71 20 94
71 20 94
71 20 94
71 20 94
71 20 94
71 21 95
71 21 95
71 21 95
71 21 95
71 21 95
71 21 95
71 21 95
71 21 95
72 22 96
72 22 96
72 22 96
72 22 96
72 22 96
72 22 96
72 22 96
72 22 96
72 24 97
72 24 97
72 24 97
72 24 97
72 24 97
72 24 97
72 24 97
72 24 97
72 25 99
72 25 99
72 25 99
72 25 99
72 25 99
72 25 99
72 25 99
72 25 99
72 26 100
72 26 100
72 26 100
72 26 100
72 26 100
72 26 100
72 26 100
72 26 100
72 27 101
72 27 101
72 27 101
72 27 101
72 27 101
72 27 101
72 27 101
72 27 101
72 28 102
72 28 102
72 28 102
72 28 102
72 28 102
72 28 102
72 28 102
72 28 102
72 30 103
72 30 103
72 30 103
72 30 103
72 30 103
72 30 103
72 30 103
72 30 103
72 31 104
72 31 104
72 31 104
72 31 104
72 31 104
72 31 104
72 31 104
72 31 104
72 32 105
72 32 105
72 32 105
72 32 105
72 32 105
72 32 105
72 32 105
72 32 105
71 33 105
71 33 105
71 33 105
71 33 105
71 33 105
71 33 105
71 33 105
71 33 105
71 34 106
71 34 106
71 34 106
71 34 106
71 34 106
71 34 106
71 34 106
71 34 106
71 35 107
71 35 107
71 35 107
71 35 107
71 35 107
71 35 107
71 35 107
71 35 107
71 36 108
71 36 108
71 36 108
71 36 108
71 36 108
71 36 108
71 36 108
71 36 108
71 38 109
71 38 109
71 38 109
71 38 109
71 38 109
71 38 109
71 38 109
71 38 109
71 39 110
71 39 110
71 39 110
71 39 110
71 39 110
71 39 110
71 39 110
71 39 110
71 40 110
71 40 110
71 40 110
71 40 110
71 40 110
71 40 110
71 40 110
71 40 110
70 41 111
70 41 111
70 41 111
70 41 111
70 41 111
70 41 111
70 41 111
70 41 111
70 42 112
70 42 112
70 42 112
70 42 112
70 42 112
70 42 112
70 42 112
70 42 112
70 43 113
70 43 113
70 43 113
70 43 113
70 43 113
70 43 113
70 43 113
70 43 113
70 44 113
70 44 113
70 44 113
70 44 113
70 44 113
70 44 113
70 44 113
70 44 113
69 45 114
69 45 114
69 45 114
69 45 114
69 45 114
69 45 114
69 45 114
69 45 114
69 46 115
69 46 115
69 46 115
69 46 115
69 46 115
69 46 115
69 46 115
69 46 115
69 48 115
69 48 115
69 48 115
69 48 115
69 48 115
69 48 115
69 48 115
69 48 115
69 49 116
69 49 116
69 49 116
69 49 116
69 49 116
69 49 116
69 49 116
69 49 116
68 50 116
68 50 116
68 50 116
68 50 116
68 50 116
68 50 116
68 50 116
68 50 116
68 51 117
68 51 117
68 51 117
68 51 117
68 51 117
68 51 117
68 51 117
68 51 117
67 52 118
67 52 118
67 52 118
67 52 118
67 52 118
67 52 118
67 52 118
67 52 118
67 53 118
67 53 118
67 53 118
67 53 118
67 53 118
67 53 118
67 53 118
67 53 118
67 54 119
67 54 119
67 54 119
67 54 119
67 54 119
67 54 119
67 54 119
67 54 119
66 55 119
66 55 119
66 55 119
66 55 119
66 55 119
66 55 119
66 55 119
66 55 119
66 56 119
66 56 119
66 56 119
66 56 119
66 56 119
66 56 119
66 56 119
66 56 119
66 57 120
66 57 120
66 57 120
66 57 120
66 57 120
66 57 120
66 57 120
66 57 120
65 58 120
65 58 120
65 58 120
65 58 120
65 58 120
65 58 120
65 58 120
65 58 120
65 59 121
65 59 121
65 59 121
65 59 121
65 59 121
65 59 121
65 59 121
65 59 121
64 60 121
64 60 121
64 60 121
64 60 121
64 60 121
64 60 121
64 60 121
64 60 121
64 61 121
64 61 121
64 61 121
64 61 121
64 61 121
64 61 121
64 61 121
64 61 121
63 62 122
63 62 122
63 62 122
63 62 122
63 62 122
63 62 122
63 62 122
63 62 122
63 63 122
63 63 122
63 63 122
63 63 122
63 63 122
63 63 122
63 63 122
63 63 122
62 65 122
62 65 122
62 65 122
62 65 122
62 65 122
62 65 122
62 65 122
62 65 122
62 66 123
62 66 123
62 66 123
62 66 123
62 66 123
62 66 123
62 66 123
62 66 123
61 67 123
61 67 123
61 67 123
61 67 123
61 67 123
61 67 123
61 67 123
61 67 123
61 68 123
61 68 123
61 68 123
61 68 123
61 68 123
61 68 123
61 68 123
61 68 123
61 69 124
61 69 124
61 69 124
61 69 124
61 69 124
61 69 124
61 69 124
61 69 124
60 70 124
60 70 124
60 70 124
60 70 124
60 70 124
60 70 124
60 70 124
60 70 124
60 71 124
60 71 124
60 71 124
60 71 124
60 71 124
60 71 124
60 71 124
60 71 124
59 72 124
59 72 124
59 72 124
59 72 124
59 72 124
59 72 124
59 72 124
59 72 124
59 73 125
59 73 125
59 73 125
59 73 125
59 73 125
59 73 125
59 73 125
59 73 125
58 73 125
58 73 125
58 73 125
58 73 125
58 73 125
58 73 125
58 73 125
58 73 125
58 74 125
58 74 125
58 74 125
58 74 125
58 74 125
58 74 125
58 74 125
58 74 125
57 75 125
57 75 125
57 75 125
57 75 125
57 75 125
57 75 125
57 75 125
57 75 125
57 76 125
57 76 125
57 76 125
57 76 125
57 76 125
57 76 125
57 76 125
57 76 125
56 77 125
56 77 125
56 77 125
56 77 125
56 77 125
56 77 125
56 77 125
56 77 125
56 78 126
56 78 126
56 78 126
56 78 126
56 78 126
56 78 126
56 78 126
56 78 126
55 79 126
55 79 126
55 79 126
55 79 126
55 79 126
55 79 126
55 79 126
55 79 126
55 80 126
55 80 126
55 80 126
55 80 126
55 80 126
55 80 126
55 80 126
55 80 126
54 81 126
54 81 126
54 81 126
54 81 126
54 81 126
54 81 126
54 81 126
54 81 126
54 82 126
54 82 126
54 82 126
54 82 126
54 82 126
54 82 126
54 82 126
54 82 126
53 83 126
53 83 126
53 83 126
53 83 126
53 83 126
53 83 126
53 83 126
53 83 126
53 84 126
53 84 126
53 84 126
53 84 126
53 84 126
53 84 126
53 84 126
53 84 126
52 85 126
52 85 126
52 85 126
52 85 126
52 85 126
52 85 126
52 85 126
52 85 126
52 86 127
52 86 127
52 86 127
52 86 127
52 86 127
52 86 127
52 86 127
52 86 127
51 87 127
51 87 127
51 87 127
51 87 127
51 87 127
51 87 127
51 87 127
51 87 127
51 88 127
51 88 127
51 88 127
51 88 127
51 88 127
51 88 127
51 88 127
51 88 127
50 88 127
50 88 127
50 88 127
50 88 127
50 88 127
50 88 127
50 88 127
50 88 127
50 89 127
50 89 127
50 89 127
50 89 127
50 89 127
50 89 127
50 89 127
50 89 127
49 90 127
49 90 127
49 90 127
49 90 127
49 90 127
49 90 127
49 90 127
49 90 127
49 91 127
49 91 127
49 91 127
49 91 127
49 91 127
49 91 127
49 91 127
49 91 127
49 92 127
49 92 127
49 92 127
49 92 127
49 92 127
49 92 127
49 92 127
49 92 127
48 93 127
48 93 127
48 93 127
48 93 127
48 93 127
48 93 127
48 93 127
48 93 127
48 94 127
48 94 127
48 94 127
48 94 127
48 94 127
48 94 127
48 94 127
48 94 127
47 95 127
47 95 127
47 95 127
47 95 127
47 95 127
47 95 127
47 95 127
47 95 127
47 96 127
47 96 127
47 96 127
47 96 127
47 96 127
47 96 127
47 96 127
47 96 127
46 96 127
46 96 127
46 96 127
46 96 127
46 96 127
46 96 127
46 96 127
46 96 127
46 97 127
46 97 127
46 97 127
46 97 127
46 97 127
46 97 127
46 97 127
46 97 127
46 98 127
46 98 127
46 98 127
46 98 127
46 98 127
46 98 127
46 98 127
46 98 127
45 99 127
45 99 127
45 99 127
45 99 127
45 99 127
45 99 127
45 99 127
45 99 127
45 100 127
45 100 127
45 100 127
45 100 127
45 100 127
45 100 127
45 100 127
45 100 127
44 101 127
44 101 127
44 101 127
44 101 127
44 101 127
44 101 127
44 101 127
44 101 127
44 102 128
44 102 128
44 102 128
44 102 128
44 102 128
44 102 128
44 102 128
44 102 128
44 102 128
44 102 128
44 102 128
44 102 128
44 102 128
44 102 128
44 102 128
44 102 128
43 103 128
43 103 128
43 103 128
43 103 128
43 103 128
43 103 128
43 103 128
43 103 128
43 104 128
43 104 128
43 104 128
43 104 128
43 104 128
43 104 128
43 104 128
43 104 128
42 105 128
42 105 128
42 105 128
42 105 128
42 105 128
42 105 128
42 105 128
42 105 128
42 106 128
42 106 128
42 106 128
42 106 128
42 106 128
42 106 128
42 106 128
42 106 128
42 107 128
42 107 128
42 107 128
42 107 128
42 107 128
42 107 128
42 107 128
42 107 128
41 108 128
41 108 128
41 108 128
41 108 128
41 108 128
41 108 128
41 108 128
41 108 128
41 108 128
41 108 128
41 108 128
41 108 128
41 108 128
41 108 128
41 108 128
41 108 128
40 109 128
40 109 128
40 109 128
40 109 128
40 109 128
40 109 128
40 109 128
40 109 128
40 110 128
40 110 128
40 110 128
40 110 128
40 110 128
40 110 128
40 110 128
40 110 128
40 111 128
40 111 128
40 111 128
40 111 128
40 111 128
40 111 128
40 111 128
40 111 128
39 112 128
39 112 128
39 112 128
39 112 128
39 112 128
39 112 128
39 112 128
39 112 128
39 113 128
39 113 128
39 113 128
39 113 128
39 113 128
39 113 128
39 113 128
39 113 128
39 114 127
39 114 127
39 114 127
39 114 127
39 114 127
39 114 127
39 114 127
39 114 127
38 114 127
38 114 127
38 114 127
38 114 127
38 114 127
38 114 127
38 114 127
38 114 127
38 115 127
38 115 127
38 115 127
38 115 127
38 115 127
38 115 127
38 115 127
38 115 127
38 116 127
38 116 127
38 116 127
38 116 127
38 116 127
38 116 127
38 116 127
38 116 127
37 117 127
37 117 127
37 117 127
37 117 127
37 117 127
37 117 127
37 117 127
37 117 127
37 118 127
37 118 127
37 118 127
37 118 127
37 118 127
37 118 127
37 118 127
37 118 127
36 119 127
36 119 127
36 119 127
36 119 127
36 119 127
36 119 127
36 119 127
36 119 127
36 119 127
36 119 127
36 119 127
36 119 127
36 119 127
36 119 127
36 119 127
36 119 127
36 120 127
36 120 127
36 120 127
36 120 127
36 120 127
36 120 127
36 120 127
36 120 127
35 121 127
35 121 127
35 121 127
35 121 127
35 121 127
35 121 127
35 121 127
35 121 127
35 122 127
35 122 127
35 122 127
35 122 127
35 122 127
35 122 127
35 122 127
35 122 127
35 123 127
35 123 127
35 123 127
35 123 127
35 123 127
35 123 127
35 123 127
35 123 127
34 124 127
34 124 127
34 124 127
34 124 127
34 124 127
34 124 127
34 124 127
34 124 127
34 125 127
34 125 127
34 125 127
34 125 127
34 125 127
34 125 127
34 125 127
34 125 127
34 125 127
34 125 127
34 125 127
34 125 127
34 125 127
34 125 127
34 125 127
34 125 127
33 126 126
33 126 126
33 126 126
33 126 126
33 126 126
33 126 126
33 126 126
33 126 126
33 127 126
33 127 126
33 127 126
33 127 126
33 127 126
33 127 126
33 127 126
33 127 126
33 128 126
33 128 126
33 128 126
33 128 126
33 128 126
33 128 126
33 128 126
33 128 126
32 129 126
32 129 126
32 129 126
32 129 126
32 129 126
32 129 126
32 129 126
32 129 126
32 130 126
32 130 126
32 130 126
32 130 126
32 130 126
32 130 126
32 130 126
32 130 126
32 130 126
32 130 126
32 130 126
32 130 126
32 130 126
32 130 126
32 130 126
32 130 126
31 131 126
31 131 126
31 131 126
31 131 126
31 131 126
31 131 126
31 131 126
31 131 126
31 132 125
31 132 125
31 132 125
31 132 125
31 132 125
31 132 125
31 132 125
31 132 125
31 133 125
31 133 125
31 133 125
31 133 125
31 133 125
31 133 125
31 133 125
31 133 125
31 134 125
31 134 125
31 134 125
31 134 125
31 134 125
31 134 125
31 134 125
31 134 125
31 135 125
31 135 125
31 135 125
31 135 125
31 135 125
31 135 125
31 135 125
31 135 125
30 136 124
30 136 124
30 136 124
30 136 124
30 136 124
30 136 124
30 136 124
30 136 124
30 136 124
30 136 124
30 136 124
30 136 124
30 136 124
30 136 124
30 136 124
30 136 124
30 137 124
30 137 124
30 137 124
30 137 124
30 137 124
30 137 124
30 137 124
30 137 124
30 138 124
30 138 124
30 138 124
30 138 124
30 138 124
30 138 124
30 138 124
30 138 124
30 139 123
30 139 123
30 139 123
30 139 123
30 139 123
30 139 123
30 139 123
30 139 123
30 140 123
30 140 123
30 140 123
30 140 123
30 140 123
30 140 123
30 140 123
30 140 123
30 141 123
30 141 123
30 141 123
30 141 123
30 141 123
30 141 123
30 141 123
30 141 123
30 141 123
30 141 123
30 141 123
30 141 123
30 141 123
30 141 123
30 141 123
30 141 123
30 142 122
30 142 122
30 142 122
30 142 122
30 142 122
30 142 122
30 142 122
30 142 122
30 143 122
30 143 122
30 143 122
30 143 122
30 143 122
30 143 122
30 143 122
30 143 122
30 144 122
30 144 122
30 144 122
30 144 122
30 144 122
30 144 122
30 144 122
30 144 122
31 145 121
31 145 121
31 145 121
31 145 121
31 145 121
31 145 121
31 145 121
31 145 121
31 146 121
31 146 121
31 146 121
31 146 121
31 146 121
31 146 121
31 146 121
31 146 121
31 146 120
31 146 120
31 146 120
31 146 120
31 146 120
31 146 120
31 146 120
31 146 120
32 147 120
32 147 120
32 147 120
32 147 120
32 147 120
32 147 120
32 147 120
32 147 120
32 148 120
32 148 120
32 148 120
32 148 120
32 148 120
32 148 120
32 148 120
32 148 120
33 149 119
33 149 119
33 149 119
33 149 119
33 149 119
33 149 119
33 149 119
33 149 119
33 150 119
33 150 119
33 150 119
33 150 119
33 150 119
33 150 119
33 150 119
33 150 119
34 151 118
34 151 118
34 151 118
34 151 118
34 151 118
34 151 118
34 151 118
34 151 118
35 151 118
35 151 118
35 151 118
35 151 118
35 151 118
35 151 118
35 151 118
35 151 118
35 152 117
35 152 117
35 152 117
35 152 117
35 152 117
35 152 117
35 152 117
35 152 117
36 153 117
36 153 117
36 153 117
36 153 117
36 153 117
36 153 117
36 153 117
36 153 117
37 154 116
37 154 116
37 154 116
37 154 116
37 154 116
37 154 116
37 154 116
37 154 116
38 155 116
38 155 116
38 155 116
38 155 116
38 155 116
38 155 116
38 155 116
38 155 116
39 156 115
39 156 115
39 156 115
39 156 115
39 156 115
39 156 115
39 156 115
39 156 115
40 156 115
40 156 115
40 156 115
40 156 115
40 156 115
40 156 115
40 156 115
40 156 115
41 157 114
41 157 114
41 157 114
41 157 114
41 157 114
41 157 114
41 157 114
41 157 114
42 158 113
42 158 113
42 158 113
42 158 113
42 158 113
42 158 113
42 158 113
42 158 113
43 159 113
43 159 113
43 159 113
43 159 113
43 159 113
43 159 113
43 159 113
43 159 113
44 160 112
44 160 112
44 160 112
44 160 112
44 160 112
44 160 112
44 160 112
44 160 112
46 160 112
46 160 112
46 160 112
46 160 112
46 160 112
46 160 112
46 160 112
46 160 112
47 161 111
47 161 111
47 161 111
47 161 111
47 161 111
47 161 111
47 161 111
47 161 111
48 162 110
48 162 110
48 162 110
48 162 110
48 162 110
48 162 110
48 162 110
48 162 110
50 163 109
50 163 109
50 163 109
50 163 109
50 163 109
50 163 109
50 163 109
50 163 109
51 164 109
51 164 109
51 164 109
51 164 109
51 164 109
51 164 109
51 164 109
51 164 109
53 164 108
53 164 108
53 164 108
53 164 108
53 164 108
53 164 108
53 164 108
53 164 108
54 165 107
54 165 107
54 165 107
54 165 107
54 165 107
54 165 107
54 165 107
54 165 107
56 166 106
56 166 106
56 166 106
56 166 106
56 166 106
56 166 106
56 166 106
56 166 106
57 167 106
57 167 106
57 167 106
57 167 106
57 167 106
57 167 106
57 167 106
57 167 106
59 168 105
59 168 105
59 168 105
59 168 105
59 168 105
59 168 105
59 168 105
59 168 105
61 168 104
61 168 104
61 168 104
61 168 104
61 168 104
61 168 104
61 168 104
61 168 104
62 169 103
62 169 103
62 169 103
62 169 103
62 169 103
62 169 103
62 169 103
62 169 103
64 170 102
64 170 102
64 170 102
64 170 102
64 170 102
64 170 102
64 170 102
64 170 102
66 171 102
66 171 102
66 171 102
66 171 102
66 171 102
66 171 102
66 171 102
66 171 102
68 171 101
68 171 101
68 171 101
68 171 101
68 171 101
68 171 101
68 171 101
68 171 101
69 172 100
69 172 100
69 172 100
69 172 100
69 172 100
69 172 100
69 172 100
69 172 100
71 173 99
71 173 99
71 173 99
71 173 99
71 173 99
71 173 99
71 173 99
71 173 99
73 174 98
73 174 98
73 174 98
73 174 98
73 174 98
73 174 98
73 174 98
73 174 98
75 174 97
75 174 97
75 174 97
75 174 97
75 174 97
75 174 97
75 174 97
75 174 97
77 175 96
77 175 96
77 175 96
77 175 96
77 175 96
77 175 96
77 175 96
77 175 96
79 176 95
79 176 95
79 176 95
79 176 95
79 176 95
79 176 95
79 176 95
79 176 95
81 176 94
81 176 94
81 176 94
81 176 94
81 176 94
81 176 94
81 176 94
81 176 94
83 177 93
83 177 93
83 177 93
83 177 93
83 177 93
83 177 93
83 177 93
83 177 93
85 178 92
85 178 92
85 178 92
85 178 92
85 178 92
85 178 92
85 178 92
85 178 92
87 179 91
87 179 91
87 179 91
87 179 91
87 179 91
87 179 91
87 179 91
87 179 91
89 179 90
89 179 90
89 179 90
89 179 90
89 179 90
89 179 90
89 179 90
89 179 90
91 180 89
91 180 89
91 180 89
91 180 89
91 180 89
91 180 89
91 180 89
91 180 89
94 181 87
94 181 87
94 181 87
94 181 87
94 181 87
94 181 87
94 181 87
94 181 87
96 181 86
96 181 86
96 181 86
96 181 86
96 181 86
96 181 86
96 181 86
96 181 86
98 182 85
98 182 85
98 182 85
98 182 85
98 182 85
98 182 85
98 182 85
98 182 85
100 183 84
100 183 84
100 183 84
100 183 84
100 183 84
100 183 84
100 183 84
100 183 84
103 183 83
103 183 83
103 183 83
103 183 83
103 183 83
103 183 83
103 183 83
103 183 83
105 184 81
105 184 81
105 184 81
105 184 81
105 184 81
105 184 81
105 184 81
105 184 81
107 184 80
107 184 80
107 184 80
107 184 80
107 184 80
107 184 80
107 184 80
107 184 80
109 185 79
109 185 79
109 185 79
109 185 79
109 185 79
109 185 79
109 185 79
109 185 79
112 186 78
112 186 78
112 186 78
112 186 78
112 186 78
112 186 78
112 186 78
112 186 78
114 186 76
114 186 76
114 186 76
114 186 76
114 186 76
114 186 76
114 186 76
114 186 76
116 187 75
116 187 75
116 187 75
116 187 75
116 187 75
116 187 75
116 187 75
116 187 75
119 187 74
119 187 74
119 187 74
119 187 74
119 187 74
119 187 74
119 187 74
119 187 74
121 188 73
121 188 73
121 188 73
121 188 73
121 188 73
121 188 73
121 188 73
121 188 73
124 189 71
124 189 71
124 189 71
124 189 71
124 189 71
124 189 71
124 189 71
124 189 71
126 189 70
126 189 70
126 189 70
126 189 70
126 189 70
126 189 70
126 189 70
126 189 70
129 190 68
129 190 68
129 190 68
129 190 68
129 190 68
129 190 68
129 190 68
129 190 68
131 190 67
131 190 67
131 190 67
131 190 67
131 190 67
131 190 67
131 190 67
131 190 67
134 191 66
134 191 66
134 191 66
134 191 66
134 191 66
134 191 66
134 191 66
134 191 66
136 191 64
136 191 64
136 191 64
136 191 64
136 191 64
136 191 64
136 191 64
136 191 64
139 192 63
139 192 63
139 192 63
139 192 63
139 192 63
139 192 63
139 192 63
139 192 63
141 192 61
141 192 61
141 192 61
141 192 61
141 192 61
141 192 61
141 192 61
141 192 61
144 193 60
144 193 60
144 193 60
144 193 60
144 193 60
144 193 60
144 193 60
144 193 60
146 193 58
146 193 58
146 193 58
146 193 58
146 193 58
146 193 58
146 193 58
146 193 58
149 194 57
149 194 57
149 194 57
149 194 57
149 194 57
149 194 57
149 194 57
149 194 57
151 194 55
151 194 55
151 194 55
151 194 55
151 194 55
151 194 55
151 194 55
151 194 55
154 195 54
154 195 54
154 195 54
154 195 54
154 195 54
154 195 54
154 195 54
154 195 54
157 195 52
157 195 52
157 195 52
157 195 52
157 195 52
157 195 52
157 195 52
157 195 52
159 196 51
159 196 51
159 196 51
159 196 51
159 196 51
159 196 51
159 196 51
159 196 51
162 196 49
162 196 49
162 196 49
162 196 49
162 196 49
162 196 49
162 196 49
162 196 49
165 197 48
165 197 48
165 197 48
165 197 48
165 197 48
165 197 48
165 197 48
165 197 48
167 197 46
167 197 46
167 197 46
167 197 46
167 197 46
167 197 46
167 197 46
167 197 46
170 197 45
170 197 45
170 197 45
170 197 45
170 197 45
170 197 45
170 197 45
170 197 45
173 198 43
173 198 43
173 198 43
173 198 43
173 198 43
173 198 43
173 198 43
173 198 43
175 198 41
175 198 41
175 198 41
175 198 41
175 198 41
175 198 41
175 198 41
175 198 41
178 199 40
178 199 40
178 199 40
178 199 40
178 199 40
178 199 40
178 199 40
178 199 40
181 199 38
181 199 38
181 199 38
181 199 38
181 199 38
181 199 38
181 199 38
181 199 38
183 199 37
183 199 37
183 199 37
183 199 37
183 199 37
183 199 37
183 199 37
183 199 37
186 200 35
186 200 35
186 200 35
186 200 35
186 200 35
186 200 35
186 200 35
186 200 35
189 200 34
189 200 34
189 200 34
189 200 34
189 200 34
189 200 34
189 200 34
189 200 34
191 200 32
191 200 32
191 200 32
191 200 32
191 200 32
191 200 32
191 200 32
191 200 32
194 201 31
194 201 31
194 201 31
194 201 31
194 201 31
194 201 31
194 201 31
194 201 31
197 201 30
197 201 30
197 201 30
197 201 30
197 201 30
197 201 30
197 201 30
197 201 30
199 201 28
199 201 28
199 201 28
199 201 28
199 201 28
199 201 28
199 201 28
199 201 28
202 202 27
202 202 27
202 202 27
202 202 27
202 202 27
202 202 27
202 202 27
202 202 27
205 202 26
205 202 26
205 202 26
205 202 26
205 202 26
205 202 26
205 202 26
205 202 26
207 202 25
207 202 25
207 202 25
207 202 25
207 202 25
207 202 25
207 202 25
207 202 25
210 203 24
210 203 24
210 203 24
210 203 24
210 203 24
210 203 24
210 203 24
210 203 24
212 203 23
212 203 23
212 203 23
212 203 23
212 203 23
212 203 23
212 203 23
212 203 23
215 203 22
215 203 22
215 203 22
215 203 22
215 203 22
215 203 22
215 203 22
215 203 22
218 203 22
218 203 22
218 203 22
218 203 22
218 203 22
218 203 22
218 203 22
218 203 22
220 204 22
220 204 22
220 204 22
220 204 22
220 204 22
220 204 22
220 204 22
220 204 22
223 204 21
223 204 21
223 204 21
223 204 21
223 204 21
223 204 21
223 204 21
223 204 21
225 204 21
225 204 21
225 204 21
225 204 21
225 204 21
225 204 21
225 204 21
225 204 21
228 205 22
228 205 22
228 205 22
228 205 22
228 205 22
228 205 22
228 205 22
228 205 22
231 205 22
231 205 22
231 205 22
231 205 22
231 205 22
231 205 22
231 205 22
231 205 22
233 205 23
233 205 23
233 205 23
233 205 23
233 205 23
233 205 23
233 205 23
233 205 23
236 205 23
236 205 23
236 205 23
236 205 23
236 205 23
236 205 23
236 205 23
236 205 23
238 206 24
238 206 24
238 206 24
238 206 24
238 206 24
238 206 24
238 206 24
238 206 24
241 206 25
241 206 25
241 206 25
241 206 25
241 206 25
241 206 25
241 206 25
241 206 25
243 206 27
243 206 27
243 206 27
243 206 27
243 206 27
243 206 27
243 206 27
243 206 27
246 207 28
246 207 28
246 207 28
246 207 28
246 207 28
246 207 28
246 207 28
246 207 28
248 207 29
248 207 29
248 207 29
248 207 29
248 207 29
248 207 29
248 207 29
248 207 29
250 207 31
250 207 31
250 207 31
250 207 31
250 207 31
250 207 31
250 207 31
250 207 31
253 207 33
253 207 33
253 207 33
253 207 33
253 207 33
253 207 33
253 207 33
253 207 33
