0 0 229
0 0 229
0 0 229
0 0 229
0 0 229
0 0 229
0 0 229
0 0 229
0 0 229
0 1 228
0 1 228
0 1 228
0 1 228
0 1 228
0 1 228
0 1 228
0 1 228
0 1 228
0 2 228
0 2 228
0 2 228
0 2 228
0 2 228
0 2 228
0 2 228
0 2 228
0 2 228
0 3 227
0 3 227
0 3 227
0 3 227
0 3 227
0 3 227
0 3 227
0 3 227
0 3 227
0 4 227
0 4 227
0 4 227
0 4 227
0 4 227
0 4 227
0 4 227
0 4 227
0 4 227
0 5 226
0 5 226
0 5 226
0 5 226
0 5 226
0 5 226
0 5 226
0 5 226
0 5 226
0 6 226
0 6 226
0 6 226
0 6 226
0 6 226
0 6 226
0 6 226
0 6 226
0 6 226
0 7 225
0 7 225
0 7 225
0 7 225
0 7 225
0 7 225
0 7 225
0 7 225
0 7 225
0 8 225
0 8 225
0 8 225
0 8 225
0 8 225
0 8 225
0 8 225
0 8 225
0 8 225
0 9 224
0 9 224
0 9 224
0 9 224
0 9 224
0 9 224
0 9 224
0 9 224
0 9 224
0 10 224
0 10 224
0 10 224
0 10 224
0 10 224
0 10 224
0 10 224
0 10 224
0 10 224
0 11 223
0 11 223
0 11 223
0 11 223
0 11 223
0 11 223
0 11 223
0 11 223
0 11 223
0 12 223
0 12 223
0 12 223
0 12 223
0 12 223
0 12 223
0 12 223
0 12 223
0 13 222
0 13 222
0 13 222
0 13 222
0 13 222
0 13 222
0 13 222
0 13 222
0 13 222
0 14 222
0 14 222
0 14 222
0 14 222
0 14 222
0 14 222
0 14 222
0 14 222
0 14 222
0 15 221
0 15 221
0 15 221
0 15 221
0 15 221
0 15 221
0 15 221
0 15 221
0 15 221
0 16 221
0 16 221
0 16 221
0 16 221
0 16 221
0 16 221
0 16 221
0 16 221
0 16 221
0 17 220
0 17 220
0 17 220
0 17 220
0 17 220
0 17 220
0 17 220
0 17 220
0 17 220
0 18 220
0 18 220
0 18 220
0 18 220
0 18 220
0 18 220
0 18 220
0 18 220
0 18 220
0 19 219
0 19 219
0 19 219
0 19 219
0 19 219
0 19 219
0 19 219
0 19 219
0 19 219
0 20 219
0 20 219
0 20 219
0 20 219
0 20 219
0 20 219
0 20 219
0 20 219
0 20 219
0 21 218
0 21 218
0 21 218
0 21 218
0 21 218
0 21 218
0 21 218
0 21 218
0 21 218
0 22 218
0 22 218
0 22 218
0 22 218
0 22 218
0 22 218
0 22 218
0 22 218
0 22 218
0 23 217
0 23 217
0 23 217
0 23 217
0 23 217
0 23 217
0 23 217
0 23 217
0 23 217
0 24 217
0 24 217
0 24 217
0 24 217
0 24 217
0 24 217
0 24 217
0 24 217
0 25 216
0 25 216
0 25 216
0 25 216
0 25 216
0 25 216
0 25 216
0 25 216
0 25 216
0 26 216
0 26 216
0 26 216
0 26 216
0 26 216
0 26 216
0 26 216
0 26 216
0 26 216
0 27 215
0 27 215
0 27 215
0 27 215
0 27 215
0 27 215
0 27 215
0 27 215
0 27 215
0 28 215
0 28 215
0 28 215
0 28 215
0 28 215
0 28 215
0 28 215
0 28 215
0 28 215
0 29 214
0 29 214
0 29 214
0 29 214
0 29 214
0 29 214
0 29 214
0 29 214
0 29 214
0 30 214
0 30 214
0 30 214
0 30 214
0 30 214
0 30 214
0 30 214
0 30 214
0 30 214
0 31 213
0 31 213
0 31 213
0 31 213
0 31 213
0 31 213
0 31 213
0 31 213
0 31 213
0 32 213
0 32 213
0 32 213
0 32 213
0 32 213
0 32 213
0 32 213
0 32 213
0 32 213
0 33 212
0 33 212
0 33 212
0 33 212
0 33 212
0 33 212
0 33 212
0 33 212
0 33 212
0 34 212
0 34 212
0 34 212
0 34 212
0 34 212
0 34 212
0 34 212
0 34 212
0 34 212
0 35 211
0 35 211
0 35 211
0 35 211
0 35 211
0 35 211
0 35 211
0 35 211
0 35 211
0 36 211
0 36 211
0 36 211
0 36 211
0 36 211
0 36 211
0 36 211
0 36 211
0 36 211
0 37 210
0 37 210
0 37 210
0 37 210
0 37 210
0 37 210
0 37 210
0 37 210
0 38 210
0 38 210
0 38 210
0 38 210
0 38 210
0 38 210
0 38 210
0 38 210
0 38 210
0 39 209
0 39 209
0 39 209
0 39 209
0 39 209
0 39 209
0 39 209
0 39 209
0 39 209
0 40 209
0 40 209
0 40 209
0 40 209
0 40 209
0 40 209
0 40 209
0 40 209
0 40 209
0 41 208
0 41 208
0 41 208
0 41 208
0 41 208
0 41 208
0 41 208
0 41 208
0 41 208
0 42 208
0 42 208
0 42 208
0 42 208
0 42 208
0 42 208
0 42 208
0 42 208
0 42 208
0 43 207
0 43 207
0 43 207
0 43 207
0 43 207
0 43 207
0 43 207
0 43 207
0 43 207
0 44 207
0 44 207
0 44 207
0 44 207
0 44 207
0 44 207
0 44 207
0 44 207
0 44 207
0 45 206
0 45 206
0 45 206
0 45 206
0 45 206
0 45 206
0 45 206
0 45 206
0 45 206
0 46 206
0 46 206
0 46 206
0 46 206
0 46 206
0 46 206
0 46 206
0 46 206
0 46 206
0 47 205
0 47 205
0 47 205
0 47 205
0 47 205
0 47 205
0 47 205
0 47 205
0 47 205
0 48 205
0 48 205
0 48 205
0 48 205
0 48 205
0 48 205
0 48 205
0 48 205
0 48 205
0 49 204
0 49 204
0 49 204
0 49 204
0 49 204
0 49 204
0 49 204
0 49 204
0 50 204
0 50 204
0 50 204
0 50 204
0 50 204
0 50 204
0 50 204
0 50 204
0 50 204
0 51 203
0 51 203
0 51 203
0 51 203
0 51 203
0 51 203
0 51 203
0 51 203
0 51 203
0 52 203
0 52 203
0 52 203
0 52 203
0 52 203
0 52 203
0 52 203
0 52 203
0 52 203
0 53 202
0 53 202
0 53 202
0 53 202
0 53 202
0 53 202
0 53 202
0 53 202
0 53 202
0 54 202
0 54 202
0 54 202
0 54 202
0 54 202
0 54 202
0 54 202
0 54 202
0 54 202
0 55 201
0 55 201
0 55 201
0 55 201
0 55 201
0 55 201
0 55 201
0 55 201
0 55 201
0 56 201
0 56 201
0 56 201
0 56 201
0 56 201
0 56 201
0 56 201
0 56 201
0 56 201
0 57 200
0 57 200
0 57 200
0 57 200
0 57 200
0 57 200
0 57 200
0 57 200
0 57 200
0 58 200
0 58 200
0 58 200
0 58 200
0 58 200
0 58 200
0 58 200
0 58 200
0 58 200
0 59 199
0 59 199
0 59 199
0 59 199
0 59 199
0 59 199
0 59 199
0 59 199
0 59 199
0 60 199
0 60 199
0 60 199
0 60 199
0 60 199
0 60 199
0 60 199
0 60 199
0 60 199
0 61 198
0 61 198
0 61 198
0 61 198
0 61 198
0 61 198
0 61 198
0 61 198
0 61 198
0 62 198
0 62 198
0 62 198
0 62 198
0 62 198
0 62 198
0 62 198
0 62 198
0 63 197
0 63 197
0 63 197
0 63 197
0 63 197
0 63 197
0 63 197
0 63 197
0 63 197
0 64 197
0 64 197
0 64 197
0 64 197
0 64 197
0 64 197
0 64 197
0 64 197
0 64 197
0 65 196
0 65 196
0 65 196
0 65 196
0 65 196
0 65 196
0 65 196
0 65 196
0 65 196
0 66 196
0 66 196
0 66 196
0 66 196
0 66 196
0 66 196
0 66 196
0 66 196
0 66 196
0 67 195
0 67 195
0 67 195
0 67 195
0 67 195
0 67 195
0 67 195
0 67 195
0 67 195
0 68 195
0 68 195
0 68 195
0 68 195
0 68 195
0 68 195
0 68 195
0 68 195
0 68 195
0 69 194
0 69 194
0 69 194
0 69 194
0 69 194
0 69 194
0 69 194
0 69 194
0 69 194
0 70 194
0 70 194
0 70 194
0 70 194
0 70 194
0 70 194
0 70 194
0 70 194
0 70 194
0 71 193
0 71 193
0 71 193
0 71 193
0 71 193
0 71 193
0 71 193
0 71 193
0 71 193
0 72 193
0 72 193
0 72 193
0 72 193
0 72 193
0 72 193
0 72 193
0 72 193
0 72 193
0 73 192
0 73 192
0 73 192
0 73 192
0 73 192
0 73 192
0 73 192
0 73 192
0 73 192
0 74 192
0 74 192
0 74 192
0 74 192
0 74 192
0 74 192
0 74 192
0 74 192
0 75 191
0 75 191
0 75 191
0 75 191
0 75 191
0 75 191
0 75 191
0 75 191
0 75 191
0 76 191
0 76 191
0 76 191
0 76 191
0 76 191
0 76 191
0 76 191
0 76 191
0 76 191
0 77 190
0 77 190
0 77 190
0 77 190
0 77 190
0 77 190
0 77 190
0 77 190
0 77 190
0 78 190
0 78 190
0 78 190
0 78 190
0 78 190
0 78 190
0 78 190
0 78 190
0 78 190
0 79 189
0 79 189
0 79 189
0 79 189
0 79 189
0 79 189
0 79 189
0 79 189
0 79 189
0 80 189
0 80 189
0 80 189
0 80 189
0 80 189
0 80 189
0 80 189
0 80 189
0 80 189
0 81 188
0 81 188
0 81 188
0 81 188
0 81 188
0 81 188
0 81 188
0 81 188
0 81 188
0 82 188
0 82 188
0 82 188
0 82 188
0 82 188
0 82 188
0 82 188
0 82 188
0 82 188
0 83 187
0 83 187
0 83 187
0 83 187
0 83 187
0 83 187
0 83 187
0 83 187
0 83 187
0 84 187
0 84 187
0 84 187
0 84 187
0 84 187
0 84 187
0 84 187
0 84 187
0 84 187
0 85 186
0 85 186
0 85 186
0 85 186
0 85 186
0 85 186
0 85 186
0 85 186
0 85 186
0 86 186
0 86 186
0 86 186
0 86 186
0 86 186
0 86 186
0 86 186
0 86 186
0 87 185
0 87 185
0 87 185
0 87 185
0 87 185
0 87 185
0 87 185
0 87 185
0 87 185
0 88 185
0 88 185
0 88 185
0 88 185
0 88 185
0 88 185
0 88 185
0 88 185
0 88 185
0 89 184
0 89 184
0 89 184
0 89 184
0 89 184
0 89 184
0 89 184
0 89 184
0 89 184
0 90 184
0 90 184
0 90 184
0 90 184
0 90 184
0 90 184
0 90 184
0 90 184
0 90 184
0 91 183
0 91 183
0 91 183
0 91 183
0 91 183
0 91 183
0 91 183
0 91 183
0 91 183
0 92 183
0 92 183
0 92 183
0 92 183
0 92 183
0 92 183
0 92 183
0 92 183
0 92 183
0 93 182
0 93 182
0 93 182
0 93 182
0 93 182
0 93 182
0 93 182
0 93 182
0 93 182
0 94 182
0 94 182
0 94 182
0 94 182
0 94 182
0 94 182
0 94 182
0 94 182
0 94 182
0 95 181
0 95 181
0 95 181
0 95 181
0 95 181
0 95 181
0 95 181
0 95 181
0 95 181
0 96 181
0 96 181
0 96 181
0 96 181
0 96 181
0 96 181
0 96 181
0 96 181
0 96 181
0 97 180
0 97 180
0 97 180
0 97 180
0 97 180
0 97 180
0 97 180
0 97 180
0 97 180
0 98 180
0 98 180
0 98 180
0 98 180
0 98 180
0 98 180
0 98 180
0 98 180
0 98 180
0 99 179
0 99 179
0 99 179
0 99 179
0 99 179
0 99 179
0 99 179
0 99 179
0 100 179
0 100 179
0 100 179
0 100 179
0 100 179
0 100 179
0 100 179
0 100 179
0 100 179
0 101 178
0 101 178
0 101 178
0 101 178
0 101 178
0 101 178
0 101 178
0 101 178
0 101 178
0 102 178
0 102 178
0 102 178
0 102 178
0 102 178
0 102 178
0 102 178
0 102 178
0 102 178
0 103 177
0 103 177
0 103 177
0 103 177
0 103 177
0 103 177
0 103 177
0 103 177
0 103 177
0 104 177
0 104 177
0 104 177
0 104 177
0 104 177
0 104 177
0 104 177
0 104 177
0 104 177
0 105 176
0 105 176
0 105 176
0 105 176
0 105 176
0 105 176
0 105 176
0 105 176
0 105 176
0 106 176
0 106 176
0 106 176
0 106 176
0 106 176
0 106 176
0 106 176
0 106 176
0 106 176
0 107 175
0 107 175
0 107 175
0 107 175
0 107 175
0 107 175
0 107 175
0 107 175
0 107 175
0 108 175
0 108 175
0 108 175
0 108 175
0 108 175
0 108 175
0 108 175
0 108 175
0 108 175
0 109 174
0 109 174
0 109 174
0 109 174
0 109 174
0 109 174
0 109 174
0 109 174
0 109 174
0 110 174
0 110 174
0 110 174
0 110 174
0 110 174
0 110 174
0 110 174
0 110 174
0 110 174
0 111 173
0 111 173
0 111 173
0 111 173
0 111 173
0 111 173
0 111 173
0 111 173
0 112 173
0 112 173
0 112 173
0 112 173
0 112 173
0 112 173
0 112 173
0 112 173
0 112 173
0 113 172
0 113 172
0 113 172
0 113 172
0 113 172
0 113 172
0 113 172
0 113 172
0 113 172
0 114 172
0 114 172
0 114 172
0 114 172
0 114 172
0 114 172
0 114 172
0 114 172
0 114 172
0 115 171
0 115 171
0 115 171
0 115 171
0 115 171
0 115 171
0 115 171
0 115 171
0 115 171
0 116 171
0 116 171
0 116 171
0 116 171
0 116 171
0 116 171
0 116 171
0 116 171
0 116 171
0 117 170
0 117 170
0 117 170
0 117 170
0 117 170
0 117 170
0 117 170
0 117 170
0 117 170
0 118 170
0 118 170
0 118 170
0 118 170
0 118 170
0 118 170
0 118 170
0 118 170
0 118 170
0 119 169
0 119 169
0 119 169
0 119 169
0 119 169
0 119 169
0 119 169
0 119 169
0 119 169
0 120 169
0 120 169
0 120 169
0 120 169
0 120 169
0 120 169
0 120 169
0 120 169
0 120 169
0 121 168
0 121 168
0 121 168
0 121 168
0 121 168
0 121 168
0 121 168
0 121 168
0 121 168
0 122 168
0 122 168
0 122 168
0 122 168
0 122 168
0 122 168
0 122 168
0 122 168
0 122 168
0 123 167
0 123 167
0 123 167
0 123 167
0 123 167
0 123 167
0 123 167
0 123 167
0 123 167
0 124 167
0 124 167
0 124 167
0 124 167
0 124 167
0 124 167
0 124 167
0 124 167
0 125 166
0 125 166
0 125 166
0 125 166
0 125 166
0 125 166
0 125 166
0 125 166
0 125 166
0 126 166
0 126 166
0 126 166
0 126 166
0 126 166
0 126 166
0 126 166
0 126 166
0 126 166
0 127 165
0 127 165
0 127 165
0 127 165
0 127 165
0 127 165
0 127 165
0 127 165
0 127 165
0 128 165
0 128 165
0 128 165
0 128 165
0 128 165
0 128 165
0 128 165
0 128 165
0 128 165
0 129 164
0 129 164
0 129 164
0 129 164
0 129 164
0 129 164
0 129 164
0 129 164
0 129 164
0 130 164
0 130 164
0 130 164
0 130 164
0 130 164
0 130 164
0 130 164
0 130 164
0 130 164
0 131 163
0 131 163
0 131 163
0 131 163
0 131 163
0 131 163
0 131 163
0 131 163
0 131 163
0 132 163
0 132 163
0 132 163
0 132 163
0 132 163
0 132 163
0 132 163
0 132 163
0 132 163
0 133 162
0 133 162
0 133 162
0 133 162
0 133 162
0 133 162
0 133 162
0 133 162
0 133 162
0 134 162
0 134 162
0 134 162
0 134 162
0 134 162
0 134 162
0 134 162
0 134 162
0 134 162
0 135 161
0 135 161
0 135 161
0 135 161
0 135 161
0 135 161
0 135 161
0 135 161
0 135 161
0 136 161
0 136 161
0 136 161
0 136 161
0 136 161
0 136 161
0 136 161
0 136 161
0 137 160
0 137 160
0 137 160
0 137 160
0 137 160
0 137 160
0 137 160
0 137 160
0 137 160
0 138 160
0 138 160
0 138 160
0 138 160
0 138 160
0 138 160
0 138 160
0 138 160
0 138 160
0 139 159
0 139 159
0 139 159
0 139 159
0 139 159
0 139 159
0 139 159
0 139 159
0 139 159
0 140 159
0 140 159
0 140 159
0 140 159
0 140 159
0 140 159
0 140 159
0 140 159
0 140 159
0 141 158
0 141 158
0 141 158
0 141 158
0 141 158
0 141 158
0 141 158
0 141 158
0 141 158
0 142 158
0 142 158
0 142 158
0 142 158
0 142 158
0 142 158
0 142 158
0 142 158
0 142 158
0 143 157
0 143 157
0 143 157
0 143 157
0 143 157
0 143 157
0 143 157
0 143 157
0 143 157
0 144 157
0 144 157
0 144 157
0 144 157
0 144 157
0 144 157
0 144 157
0 144 157
0 144 157
0 145 156
0 145 156
0 145 156
0 145 156
0 145 156
0 145 156
0 145 156
0 145 156
0 145 156
0 146 156
0 146 156
0 146 156
0 146 156
0 146 156
0 146 156
0 146 156
0 146 156
0 146 156
0 147 155
0 147 155
0 147 155
0 147 155
0 147 155
0 147 155
0 147 155
0 147 155
0 147 155
0 148 155
0 148 155
0 148 155
0 148 155
0 148 155
0 148 155
0 148 155
0 148 155
0 149 154
0 149 154
0 149 154
0 149 154
0 149 154
0 149 154
0 149 154
0 149 154
0 149 154
0 150 154
0 150 154
0 150 154
0 150 154
0 150 154
0 150 154
0 150 154
0 150 154
0 150 154
0 151 153
0 151 153
0 151 153
0 151 153
0 151 153
0 151 153
0 151 153
0 151 153
0 151 153
0 152 153
0 152 153
0 152 153
0 152 153
0 152 153
0 152 153
0 152 153
0 152 153
0 152 153
0 153 152
0 153 152
0 153 152
0 153 152
0 153 152
0 153 152
0 153 152
0 153 152
0 153 152
0 154 152
0 154 152
0 154 152
0 154 152
0 154 152
0 154 152
0 154 152
0 154 152
0 154 152
0 155 151
0 155 151
0 155 151
0 155 151
0 155 151
0 155 151
0 155 151
0 155 151
0 155 151
0 156 151
0 156 151
0 156 151
0 156 151
0 156 151
0 156 151
0 156 151
0 156 151
0 156 151
0 157 150
0 157 150
0 157 150
0 157 150
0 157 150
0 157 150
0 157 150
0 157 150
0 157 150
0 158 150
0 158 150
0 158 150
0 158 150
0 158 150
0 158 150
0 158 150
0 158 150
0 158 150
0 159 149
0 159 149
0 159 149
0 159 149
0 159 149
0 159 149
0 159 149
0 159 149
0 159 149
0 160 149
0 160 149
0 160 149
0 160 149
0 160 149
0 160 149
0 160 149
0 160 149
0 160 149
0 161 148
0 161 148
0 161 148
0 161 148
0 161 148
0 161 148
0 161 148
0 161 148
0 162 148
0 162 148
0 162 148
0 162 148
0 162 148
0 162 148
0 162 148
0 162 148
0 162 148
0 163 147
0 163 147
0 163 147
0 163 147
0 163 147
0 163 147
0 163 147
0 163 147
0 163 147
0 164 147
0 164 147
0 164 147
0 164 147
0 164 147
0 164 147
0 164 147
0 164 147
0 164 147
0 165 146
0 165 146
0 165 146
0 165 146
0 165 146
0 165 146
0 165 146
0 165 146
0 165 146
0 166 146
0 166 146
0 166 146
0 166 146
0 166 146
0 166 146
0 166 146
0 166 146
0 166 146
0 167 145
0 167 145
0 167 145
0 167 145
0 167 145
0 167 145
0 167 145
0 167 145
0 167 145
0 168 145
0 168 145
0 168 145
0 168 145
0 168 145
0 168 145
0 168 145
0 168 145
0 168 145
0 169 144
0 169 144
0 169 144
0 169 144
0 169 144
0 169 144
0 169 144
0 169 144
0 169 144
0 170 144
0 170 144
0 170 144
0 170 144
0 170 144
0 170 144
0 170 144
0 170 144
0 170 144
0 171 143
0 171 143
0 171 143
0 171 143
0 171 143
0 171 143
0 171 143
0 171 143
0 171 143
0 172 143
0 172 143
0 172 143
0 172 143
0 172 143
0 172 143
0 172 143
0 172 143
0 172 143
0 173 142
0 173 142
0 173 142
0 173 142
0 173 142
0 173 142
0 173 142
0 173 142
0 174 142
0 174 142
0 174 142
0 174 142
0 174 142
0 174 142
0 174 142
0 174 142
0 174 142
0 175 141
0 175 141
0 175 141
0 175 141
0 175 141
0 175 141
0 175 141
0 175 141
0 175 141
0 176 141
0 176 141
0 176 141
0 176 141
0 176 141
0 176 141
0 176 141
0 176 141
0 176 141
0 177 140
0 177 140
0 177 140
0 177 140
0 177 140
0 177 140
0 177 140
0 177 140
0 177 140
0 178 140
0 178 140
0 178 140
0 178 140
0 178 140
0 178 140
0 178 140
0 178 140
0 178 140
0 179 139
0 179 139
0 179 139
0 179 139
0 179 139
0 179 139
0 179 139
0 179 139
0 179 139
0 180 139
0 180 139
0 180 139
0 180 139
0 180 139
0 180 139
0 180 139
0 180 139
0 180 139
0 181 138
0 181 138
0 181 138
0 181 138
0 181 138
0 181 138
0 181 138
0 181 138
0 181 138
0 182 138
0 182 138
0 182 138
0 182 138
0 182 138
0 182 138
0 182 138
0 182 138
0 182 138
0 183 137
0 183 137
0 183 137
0 183 137
0 183 137
0 183 137
0 183 137
0 183 137
0 183 137
0 184 137
0 184 137
0 184 137
0 184 137
0 184 137
0 184 137
0 184 137
0 184 137
0 184 137
0 185 136
0 185 136
0 185 136
0 185 136
0 185 136
0 185 136
0 185 136
0 185 136
0 185 136
0 186 136
0 186 136
0 186 136
0 186 136
0 186 136
0 186 136
0 186 136
0 186 136
0 187 135
0 187 135
0 187 135
0 187 135
0 187 135
0 187 135
0 187 135
0 187 135
0 187 135
0 188 135
0 188 135
0 188 135
0 188 135
0 188 135
0 188 135
0 188 135
0 188 135
0 188 135
0 189 134
0 189 134
0 189 134
0 189 134
0 189 134
0 189 134
0 189 134
0 189 134
0 189 134
0 190 134
0 190 134
0 190 134
0 190 134
0 190 134
0 190 134
0 190 134
0 190 134
0 190 134
0 191 133
0 191 133
0 191 133
0 191 133
0 191 133
0 191 133
0 191 133
0 191 133
0 191 133
0 192 133
0 192 133
0 192 133
0 192 133
0 192 133
0 192 133
0 192 133
0 192 133
0 192 133
0 193 132
0 193 132
0 193 132
0 193 132
0 193 132
0 193 132
0 193 132
0 193 132
0 193 132
0 194 132
0 194 132
0 194 132
0 194 132
0 194 132
0 194 132
0 194 132
0 194 132
0 194 132
0 195 131
0 195 131
0 195 131
0 195 131
0 195 131
0 195 131
0 195 131
0 195 131
0 195 131
0 196 131
0 196 131
0 196 131
0 196 131
0 196 131
0 196 131
0 196 131
0 196 131
0 196 131
0 197 130
0 197 130
0 197 130
0 197 130
0 197 130
0 197 130
0 197 130
0 197 130
0 197 130
0 198 130
0 198 130
0 198 130
0 198 130
0 198 130
0 198 130
0 198 130
0 198 130
0 199 129
0 199 129
0 199 129
0 199 129
0 199 129
0 199 129
0 199 129
0 199 129
0 199 129
0 200 129
0 200 129
0 200 129
0 200 129
0 200 129
0 200 129
0 200 129
0 200 129
0 200 129
0 201 128
0 201 128
0 201 128
0 201 128
0 201 128
0 201 128
0 201 128
0 201 128
0 201 128
0 202 128
0 202 128
0 202 128
0 202 128
0 202 128
0 202 128
0 202 128
0 202 128
0 202 128
0 203 127
0 203 127
0 203 127
0 203 127
0 203 127
0 203 127
0 203 127
0 203 127
0 203 127
0 204 127
0 204 127
0 204 127
0 204 127
0 204 127
0 204 127
0 204 127
0 204 127
0 204 127
0 205 126
0 205 126
0 205 126
0 205 126
0 205 126
0 205 126
0 205 126
0 205 126
0 205 126
0 206 126
0 206 126
0 206 126
0 206 126
0 206 126
0 206 126
0 206 126
0 206 126
0 206 126
0 207 125
0 207 125
0 207 125
0 207 125
0 207 125
0 207 125
0 207 125
0 207 125
0 207 125
0 208 125
0 208 125
0 208 125
0 208 125
0 208 125
0 208 125
0 208 125
0 208 125
0 208 125
0 209 124
0 209 124
0 209 124
0 209 124
0 209 124
0 209 124
0 209 124
0 209 124
0 209 124
0 210 124
0 210 124
0 210 124
0 210 124
0 210 124
0 210 124
0 210 124
0 210 124
0 211 123
0 211 123
0 211 123
0 211 123
0 211 123
0 211 123
0 211 123
0 211 123
0 211 123
0 212 123
0 212 123
0 212 123
0 212 123
0 212 123
0 212 123
0 212 123
0 212 123
0 212 123
0 213 122
0 213 122
0 213 122
0 213 122
0 213 122
0 213 122
0 213 122
0 213 122
0 213 122
0 214 122
0 214 122
0 214 122
0 214 122
0 214 122
0 214 122
0 214 122
0 214 122
0 214 122
0 215 121
0 215 121
0 215 121
0 215 121
0 215 121
0 215 121
0 215 121
0 215 121
0 215 121
0 216 121
0 216 121
0 216 121
0 216 121
0 216 121
0 216 121
0 216 121
0 216 121
0 216 121
0 217 120
0 217 120
0 217 120
0 217 120
0 217 120
0 217 120
0 217 120
0 217 120
0 217 120
0 218 120
0 218 120
0 218 120
0 218 120
0 218 120
0 218 120
0 218 120
0 218 120
0 218 120
0 219 119
0 219 119
0 219 119
0 219 119
0 219 119
0 219 119
0 219 119
0 219 119
0 219 119
0 220 119
0 220 119
0 220 119
0 220 119
0 220 119
0 220 119
0 220 119
0 220 119
0 220 119
0 221 118
0 221 118
0 221 118
0 221 118
0 221 118
0 221 118
0 221 118
0 221 118
0 221 118
0 222 118
0 222 118
0 222 118
0 222 118
0 222 118
0 222 118
0 222 118
0 222 118
0 222 118
0 223 117
0 223 117
0 223 117
0 223 117
0 223 117
0 223 117
0 223 117
0 223 117
0 224 117
0 224 117
0 224 117
0 224 117
0 224 117
0 224 117
0 224 117
0 224 117
0 224 117
0 225 116
0 225 116
0 225 116
0 225 116
0 225 116
0 225 116
0 225 116
0 225 116
0 225 116
0 226 116
0 226 116
0 226 116
0 226 116
0 226 116
0 226 116
0 226 116
0 226 116
0 226 116
0 227 115
0 227 115
0 227 115
0 227 115
0 227 115
0 227 115
0 227 115
0 227 115
0 227 115
0 228 115
0 228 115
0 228 115
0 228 115
0 228 115
0 228 115
0 228 115
0 228 115
0 228 115
0 229 114
0 229 114
0 229 114
0 229 114
0 229 114
