228 255 122
228 254 121
228 254 121
228 254 121
228 254 121
228 254 121
228 254 120
228 254 120
228 254 120
228 254 120
228 254 120
228 254 119
228 254 119
228 254 119
228 254 119
228 254 119
228 254 118
228 254 118
228 254 118
229 254 118
229 254 118
229 254 118
229 254 117
229 253 117
229 253 117
229 253 117
229 253 117
229 253 116
229 253 116
229 253 116
229 253 116
229 253 116
229 253 115
229 253 115
229 253 115
229 253 115
229 253 115
229 253 115
230 253 114
230 253 114
230 253 114
230 253 114
230 253 114
230 253 113
230 253 113
230 252 113
230 252 113
230 252 113
230 252 112
230 252 112
230 252 112
230 252 112
230 252 112
230 252 112
230 252 111
230 252 111
230 252 111
231 252 111
231 252 111
231 252 110
231 252 110
231 252 110
231 252 110
231 252 110
231 252 109
231 252 109
231 252 109
231 251 109
231 251 109
231 251 109
231 251 108
231 251 108
231 251 108
231 251 108
231 251 108
231 251 107
232 251 107
232 251 107
232 251 107
232 251 107
232 251 106
232 251 106
232 251 106
232 251 106
232 251 106
232 251 106
232 251 105
232 251 105
232 251 105
232 251 105
232 250 105
232 250 104
232 250 104
232 250 104
232 250 104
233 250 104
233 250 103
233 250 103
233 250 103
233 250 103
233 250 103
233 250 103
233 250 102
233 250 102
233 250 102
233 250 102
233 250 102
233 250 101
233 250 101
233 250 101
233 250 101
233 250 101
233 249 100
233 249 100
234 249 100
234 249 100
234 249 100
234 249 100
234 249 99
234 249 99
234 249 99
234 249 99
234 249 99
234 249 98
234 249 98
234 249 98
234 249 98
234 249 98
234 249 97
234 249 97
234 249 97
234 249 97
234 249 97
235 249 97
235 248 96
235 248 96
235 248 96
235 248 96
235 248 96
235 248 95
235 248 95
235 248 95
235 248 95
235 248 95
235 248 94
235 248 94
235 248 94
235 248 94
235 248 94
235 248 94
235 248 93
235 248 93
236 248 93
236 248 93
236 248 93
236 248 92
236 247 92
236 247 92
236 247 92
236 247 92
236 247 91
236 247 91
236 247 91
236 247 91
236 247 91
236 247 91
236 247 90
236 247 90
236 247 90
236 247 90
236 247 90
237 247 89
237 247 89
237 247 89
237 247 89
237 247 89
237 247 88
237 247 88
237 247 88
237 246 88
237 246 88
237 246 88
237 246 87
237 246 87
237 246 87
237 246 87
237 246 87
237 246 86
237 246 86
237 246 86
238 246 86
238 246 86
238 246 85
238 246 85
238 246 85
238 246 85
238 246 85
238 246 85
238 246 84
238 246 84
238 246 84
238 245 84
238 245 84
238 245 83
238 245 83
238 245 83
238 245 83
238 245 83
238 245 82
239 245 82
239 245 82
239 245 82
239 245 82
239 245 82
239 245 81
239 245 81
239 245 81
239 245 81
239 245 81
239 245 80
239 245 80
239 245 80
239 245 80
239 244 80
239 244 79
239 244 79
239 244 79
239 244 79
240 244 79
240 244 79
240 244 78
240 244 78
240 244 78
240 244 78
240 244 78
240 244 77
240 244 77
240 244 77
240 244 77
240 244 77
240 244 76
240 244 76
240 244 76
240 244 76
240 244 76
240 243 76
240 243 75
241 243 75
241 243 75
241 243 75
241 243 75
241 243 74
241 243 74
241 243 74
241 243 74
241 243 74
241 243 73
241 243 73
241 243 73
241 243 73
241 243 73
241 243 73
241 243 72
241 243 72
241 243 72
241 243 72
242 243 72
242 243 71
242 242 71
242 242 71
242 242 71
242 242 71
242 242 70
242 242 70
242 242 70
242 242 70
242 242 70
242 242 70
242 242 69
242 242 69
242 242 69
242 242 69
242 242 69
242 242 68
242 242 68
243 242 68
243 242 68
243 242 68
243 242 67
243 242 67
243 241 67
243 241 67
243 241 67
243 241 67
243 241 66
243 241 66
243 241 66
243 241 66
243 241 66
243 241 65
243 241 65
243 241 65
243 241 65
243 241 65
244 241 64
244 241 64
244 241 64
244 241 64
244 241 64
244 241 64
244 241 63
244 241 63
244 240 63
244 240 63
244 240 63
244 240 62
244 240 62
244 240 62
244 240 62
244 240 62
244 240 61
244 240 61
244 240 61
245 240 61
245 240 61
245 240 61
245 240 60
245 240 60
245 240 60
245 240 60
245 240 60
245 240 59
245 240 59
245 240 59
245 239 59
245 239 59
245 239 58
245 239 58
245 239 58
245 239 58
245 239 58
245 239 58
246 239 57
246 239 57
246 239 57
246 239 57
246 239 57
246 239 56
246 239 56
246 239 56
246 239 56
246 239 56
246 239 55
246 239 55
246 239 55
246 239 55
246 239 55
246 238 55
246 238 54
246 238 54
246 238 54
247 238 54
247 238 54
247 238 53
247 238 53
247 238 53
247 238 53
247 238 53
247 238 52
247 238 52
247 238 52
247 238 52
247 238 52
247 238 52
247 238 51
247 238 51
247 238 51
247 238 51
247 238 51
247 237 50
248 237 50
248 237 50
248 237 50
248 237 50
248 237 49
248 237 49
248 237 49
248 237 49
248 237 49
248 237 49
248 237 48
248 237 48
248 237 48
248 237 48
248 237 48
248 237 47
248 237 47
248 237 47
248 237 47
249 237 47
249 237 46
249 236 46
249 236 46
249 236 46
249 236 46
249 236 46
249 236 45
249 236 45
249 236 45
249 236 45
249 236 45
249 236 44
249 236 44
249 236 44
249 236 44
249 236 44
249 236 43
250 236 43
250 236 43
250 236 43
250 236 43
250 236 43
250 236 42
250 235 42
250 235 42
250 235 42
250 235 42
250 235 41
250 235 41
250 235 41
250 235 41
250 235 41
250 235 40
250 235 40
250 235 40
250 235 40
251 235 40
251 235 40
251 235 39
251 235 39
251 235 39
251 235 39
251 235 39
251 235 38
251 235 38
251 235 38
251 234 38
251 234 38
251 234 37
251 234 37
251 234 37
251 234 37
251 234 37
251 234 37
251 234 36
252 234 36
252 234 36
252 234 36
252 234 36
252 234 35
252 234 35
252 234 35
252 234 35
252 234 35
252 234 34
252 234 34
252 234 34
252 234 34
252 233 34
252 233 34
252 233 33
252 233 33
252 233 33
252 233 33
253 233 33
253 233 32
253 233 32
253 233 32
253 233 32
253 233 32
253 233 31
253 233 31
253 233 31
253 233 31
253 233 31
253 233 31
253 233 30
253 233 30
253 233 30
253 233 30
253 232 30
253 232 29
253 232 29
254 232 29
254 232 29
254 232 29
254 232 28
254 232 28
254 232 28
254 232 28
254 232 28
254 232 28
254 232 27
254 232 27
254 232 27
254 232 27
254 232 27
254 232 26
254 232 26
254 232 26
254 232 26
254 232 26
255 231 25
255 231 25
255 231 25
255 231 25
255 231 25
255 231 25
255 231 25
255 231 25
255 231 25
255 231 25
255 231 25
255 231 25
255 230 25
255 230 25
255 230 25
255 230 25
255 230 25
255 230 25
255 230 25
255 230 25
255 230 24
255 230 24
255 230 24
255 230 24
255 229 24
255 229 24
255 229 24
255 229 24
255 229 24
255 229 24
255 229 24
255 229 24
255 229 24
255 229 24
255 229 24
255 229 24
255 228 24
255 228 24
255 228 24
255 228 24
255 228 23
255 228 23
255 228 23
255 228 23
255 228 23
255 228 23
255 228 23
255 228 23
255 227 23
255 227 23
255 227 23
255 227 23
255 227 23
255 227 23
255 227 23
255 227 23
255 227 23
255 227 23
255 227 23
255 227 22
255 226 22
255 226 22
255 226 22
255 226 22
255 226 22
255 226 22
255 226 22
255 226 22
255 226 22
255 226 22
255 226 22
255 226 22
255 225 22
255 225 22
255 225 22
255 225 22
255 225 22
255 225 22
255 225 22
255 225 21
255 225 21
255 225 21
255 225 21
255 225 21
255 224 21
255 224 21
255 224 21
255 224 21
255 224 21
255 224 21
255 224 21
255 224 21
255 224 21
255 224 21
255 224 21
255 223 21
255 223 21
255 223 21
255 223 21
255 223 20
255 223 20
255 223 20
255 223 20
255 223 20
255 223 20
255 223 20
255 223 20
255 222 20
255 222 20
255 222 20
255 222 20
255 222 20
255 222 20
255 222 20
255 222 20
255 222 20
255 222 20
255 222 20
255 222 19
255 221 19
255 221 19
255 221 19
255 221 19
255 221 19
255 221 19
255 221 19
255 221 19
255 221 19
255 221 19
255 221 19
255 221 19
255 220 19
255 220 19
255 220 19
255 220 19
255 220 19
255 220 19
255 220 19
255 220 18
255 220 18
255 220 18
255 220 18
255 220 18
255 219 18
255 219 18
255 219 18
255 219 18
255 219 18
255 219 18
255 219 18
255 219 18
255 219 18
255 219 18
255 219 18
255 219 18
255 218 18
255 218 18
255 218 18
255 218 17
255 218 17
255 218 17
255 218 17
255 218 17
255 218 17
255 218 17
255 218 17
255 218 17
255 217 17
255 217 17
255 217 17
255 217 17
255 217 17
255 217 17
255 217 17
255 217 17
255 217 17
255 217 17
255 217 16
255 217 16
255 216 16
255 216 16
255 216 16
255 216 16
255 216 16
255 216 16
255 216 16
255 216 16
255 216 16
255 216 16
255 216 16
255 216 16
255 215 16
255 215 16
255 215 16
255 215 16
255 215 16
255 215 16
255 215 15
255 215 15
255 215 15
255 215 15
255 215 15
255 215 15
255 214 15
255 214 15
255 214 15
255 214 15
255 214 15
255 214 15
255 214 15
255 214 15
255 214 15
255 214 15
255 214 15
255 213 15
255 213 15
255 213 15
255 213 14
255 213 14
255 213 14
255 213 14
255 213 14
255 213 14
255 213 14
255 213 14
255 213 14
255 212 14
255 212 14
255 212 14
255 212 14
255 212 14
255 212 14
255 212 14
255 212 14
255 212 14
255 212 14
255 212 13
255 212 13
255 211 13
255 211 13
255 211 13
255 211 13
255 211 13
255 211 13
255 211 13
255 211 13
255 211 13
255 211 13
255 211 13
255 211 13
255 210 13
255 210 13
255 210 13
255 210 13
255 210 13
255 210 13
255 210 12
255 210 12
255 210 12
255 210 12
255 210 12
255 210 12
255 209 12
255 209 12
255 209 12
255 209 12
255 209 12
255 209 12
255 209 12
255 209 12
255 209 12
255 209 12
255 209 12
255 209 12
255 208 12
255 208 12
255 208 11
255 208 11
255 208 11
255 208 11
255 208 11
255 208 11
255 208 11
255 208 11
255 208 11
255 208 11
255 207 11
255 207 11
255 207 11
255 207 11
255 207 11
255 207 11
255 207 11
255 207 11
255 207 11
255 207 10
255 207 10
255 207 10
255 206 10
255 206 10
255 206 10
255 206 10
255 206 10
255 206 10
255 206 10
255 206 10
255 206 10
255 206 10
255 206 10
255 206 10
255 205 10
255 205 10
255 205 10
255 205 10
255 205 10
255 205 9
255 205 9
255 205 9
255 205 9
255 205 9
255 205 9
255 205 9
255 204 9
255 204 9
255 204 9
255 204 9
255 204 9
255 204 9
255 204 9
255 204 9
255 204 9
255 204 9
255 204 9
255 203 9
255 203 9
255 203 8
255 203 8
255 203 8
255 203 8
255 203 8
255 203 8
255 203 8
255 203 8
255 203 8
255 203 8
255 202 8
255 202 8
255 202 8
255 202 8
255 202 8
255 202 8
255 202 8
255 202 8
255 202 8
255 202 8
255 202 7
255 202 7
255 201 7
255 201 7
255 201 7
255 201 7
255 201 7
255 201 7
255 201 7
255 201 7
255 201 7
255 201 7
255 201 7
255 201 7
255 200 7
255 200 7
255 200 7
255 200 7
255 200 7
255 200 6
255 200 6
255 200 6
255 200 6
255 200 6
255 200 6
255 200 6
255 199 6
255 199 6
255 199 6
255 199 6
255 199 6
255 199 6
255 199 6
255 199 6
255 199 6
255 199 6
255 199 6
255 199 6
255 198 6
255 198 5
255 198 5
255 198 5
255 198 5
255 198 5
255 198 5
255 198 5
255 198 5
255 198 5
255 198 5
255 198 5
255 197 5
255 197 5
255 197 5
255 197 5
255 197 5
255 197 5
255 197 5
255 197 5
255 197 5
255 197 4
255 197 4
255 197 4
255 196 4
255 196 4
255 196 4
255 196 4
255 196 4
255 196 4
255 196 4
255 196 4
255 196 4
255 196 4
255 196 4
255 196 4
255 195 4
255 195 4
255 195 4
255 195 4
255 195 3
255 195 3
255 195 3
255 195 3
255 195 3
255 195 3
255 195 3
255 195 3
255 194 3
255 194 3
255 194 3
255 194 3
255 194 3
255 194 3
255 194 3
255 194 3
255 194 3
255 194 3
255 194 3
255 193 3
255 193 2
255 193 2
255 193 2
255 193 2
255 193 2
255 193 2
255 193 2
255 193 2
255 193 2
255 193 2
255 193 2
255 192 2
255 192 2
255 192 2
255 192 2
255 192 2
255 192 2
255 192 2
255 192 2
255 192 2
255 192 1
255 192 1
255 192 1
255 191 1
255 191 1
255 191 1
255 191 1
255 191 1
255 191 1
255 191 1
255 191 1
255 191 1
255 191 1
255 191 1
255 191 1
255 190 1
255 190 1
255 190 1
255 190 1
255 190 0
255 190 0
255 190 0
255 190 0
255 190 0
255 190 0
255 190 0
255 190 0
255 189 0
255 189 0
255 189 0
255 189 0
255 189 0
255 189 0
255 189 0
255 189 0
255 189 0
255 189 0
255 189 0
255 189 0
255 188 0
255 188 0
255 188 0
255 188 0
255 188 0
255 188 0
255 188 0
255 188 0
255 188 0
255 188 0
255 188 0
255 188 0
255 188 0
255 188 0
255 188 0
255 188 0
255 188 0
255 188 0
255 187 0
255 187 0
255 187 0
255 187 0
255 187 0
255 187 0
255 187 0
255 187 0
255 187 0
255 187 0
255 187 0
255 187 0
255 187 0
255 187 0
255 187 0
255 187 0
255 187 0
255 186 0
255 186 0
255 186 0
255 186 0
255 186 0
255 186 0
255 186 0
255 186 0
255 186 0
255 186 0
255 186 0
255 186 0
255 186 0
255 186 0
255 186 0
255 186 0
255 186 0
255 186 0
255 185 0
255 185 0
255 185 0
255 185 0
255 185 0
255 185 0
255 185 0
255 185 0
255 185 0
255 185 0
255 185 0
255 185 0
255 185 0
255 185 0
255 185 0
255 185 0
255 185 0
255 185 0
255 184 0
255 184 0
255 184 0
255 184 0
255 184 0
255 184 0
255 184 0
255 184 0
255 184 0
255 184 0
255 184 0
255 184 0
255 184 0
255 184 0
255 184 0
255 184 0
255 184 0
255 183 0
255 183 0
255 183 0
255 183 0
255 183 0
255 183 0
255 183 0
255 183 0
255 183 0
255 183 0
255 183 0
255 183 0
255 183 0
255 183 0
255 183 0
255 183 0
255 183 0
255 183 0
255 182 0
255 182 0
255 182 0
255 182 0
255 182 0
255 182 0
255 182 0
255 182 0
255 182 0
255 182 0
255 182 0
255 182 0
255 182 0
255 182 0
255 182 0
255 182 0
255 182 0
255 182 0
255 181 0
255 181 0
255 181 0
255 181 0
255 181 0
255 181 0
255 181 0
255 181 0
255 181 0
255 181 0
255 181 0
255 181 0
255 181 0
255 181 0
255 181 0
255 181 0
255 181 0
255 180 0
255 180 0
255 180 0
255 180 0
255 180 0
255 180 0
255 180 0
255 180 0
255 180 0
255 180 0
255 180 0
255 180 0
255 180 0
255 180 0
255 180 0
255 180 0
255 180 0
255 180 0
255 179 0
255 179 0
255 179 0
255 179 0
255 179 0
255 179 0
255 179 0
255 179 0
255 179 0
255 179 0
255 179 0
255 179 0
255 179 0
255 179 0
255 179 0
255 179 0
255 179 0
255 178 0
255 178 0
255 178 0
255 178 0
255 178 0
255 178 0
255 178 0
255 178 0
255 178 0
255 178 0
255 178 0
255 178 0
255 178 0
255 178 0
255 178 0
255 178 0
255 178 0
255 178 0
255 177 0
255 177 0
255 177 0
255 177 0
255 177 0
255 177 0
255 177 0
255 177 0
255 177 0
255 177 0
255 177 0
255 177 0
255 177 0
255 177 0
255 177 0
255 177 0
255 177 0
255 177 0
255 176 0
255 176 0
255 176 0
255 176 0
255 176 0
255 176 0
255 176 0
255 176 0
255 176 0
255 176 0
255 176 0
255 176 0
255 176 0
255 176 0
255 176 0
255 176 0
255 176 0
255 175 0
255 175 0
255 175 0
255 175 0
255 175 0
255 175 0
255 175 0
255 175 0
255 175 0
255 175 0
255 175 0
255 175 0
255 175 0
255 175 0
255 175 0
255 175 0
255 175 0
255 175 0
255 174 0
255 174 0
255 174 0
255 174 0
255 174 0
255 174 0
255 174 0
255 174 0
255 174 0
255 174 0
255 174 0
255 174 0
255 174 0
255 174 0
255 174 0
255 174 0
255 174 0
255 174 0
255 173 0
255 173 0
255 173 0
255 173 0
255 173 0
255 173 0
255 173 0
255 173 0
255 173 0
255 173 0
255 173 0
255 173 0
255 173 0
255 173 0
255 173 0
255 173 0
255 173 0
255 172 0
255 172 0
255 172 0
255 172 0
255 172 0
255 172 0
255 172 0
255 172 0
255 172 0
255 172 0
255 172 0
255 172 0
255 172 0
255 172 0
255 172 0
255 172 0
255 172 0
255 172 0
255 171 0
255 171 0
255 171 0
255 171 0
255 171 0
255 171 0
255 171 0
255 171 0
255 171 0
255 171 0
255 171 0
255 171 0
255 171 0
255 171 0
255 171 0
255 171 0
255 171 0
255 171 0
255 170 0
255 170 0
255 170 0
255 170 0
255 170 0
255 170 0
255 170 0
255 170 0
255 170 0
255 170 0
255 170 0
255 170 0
255 170 0
255 170 0
255 170 0
255 170 0
255 170 0
255 169 0
255 169 0
255 169 0
255 169 0
255 169 0
255 169 0
255 169 0
255 169 0
255 169 0
255 169 0
255 169 0
255 169 0
255 169 0
255 169 0
255 169 0
255 169 0
255 169 0
255 169 0
255 168 0
255 168 0
255 168 0
255 168 0
255 168 0
255 168 0
255 168 0
255 168 0
255 168 0
255 168 0
255 168 0
255 168 0
255 168 0
255 168 0
255 168 0
255 168 0
255 168 0
255 168 0
255 167 0
255 167 0
255 167 0
255 167 0
255 167 0
255 167 0
255 167 0
255 167 0
255 167 0
255 167 0
255 167 0
255 167 0
255 167 0
255 167 0
255 167 0
255 167 0
255 167 0
255 166 0
255 166 0
255 166 0
255 166 0
255 166 0
255 166 0
255 166 0
255 166 0
255 166 0
255 166 0
255 166 0
255 166 0
255 166 0
255 166 0
255 166 0
255 166 0
255 166 0
255 166 0
255 165 0
255 165 0
255 165 0
255 165 0
255 165 0
255 165 0
255 165 0
255 165 0
255 165 0
255 165 0
255 165 0
255 165 0
255 165 0
255 165 0
255 165 0
255 165 0
255 165 0
255 165 0
255 164 0
255 164 0
255 164 0
255 164 0
255 164 0
255 164 0
255 164 0
255 164 0
255 164 0
255 164 0
255 164 0
255 164 0
255 164 0
255 164 0
255 164 0
255 164 0
255 164 0
255 163 0
255 163 0
255 163 0
255 163 0
255 163 0
255 163 0
255 163 0
255 163 0
255 163 0
255 163 0
255 163 0
255 163 0
255 163 0
255 163 0
255 163 0
255 163 0
255 163 0
255 163 0
255 162 0
255 162 0
255 162 0
255 162 0
255 162 0
255 162 0
255 162 0
255 162 0
255 162 0
255 162 0
255 162 0
255 162 0
255 162 0
255 162 0
255 162 0
255 162 0
255 162 0
255 161 0
255 161 0
255 161 0
255 161 0
255 161 0
255 161 0
255 161 0
255 161 0
255 161 0
255 161 0
255 161 0
255 161 0
255 161 0
255 161 0
255 161 0
255 161 0
255 161 0
255 161 0
255 160 0
255 160 0
255 160 0
255 160 0
255 160 0
255 160 0
255 160 0
255 160 0
255 160 0
255 160 0
255 160 0
255 160 0
255 160 0
255 160 0
255 160 0
255 160 0
255 160 0
255 160 0
254 159 0
254 159 0
254 159 0
254 159 0
254 159 0
254 159 0
254 159 0
254 159 0
254 159 0
254 159 0
254 159 0
254 159 0
254 159 0
254 159 0
254 159 0
254 158 0
254 158 0
254 158 0
254 158 0
254 158 0
254 158 0
254 158 0
254 158 0
254 158 0
254 158 0
254 158 0
254 158 0
254 158 0
254 158 0
254 158 0
254 158 0
254 157 0
254 157 0
254 157 0
254 157 0
254 157 0
254 157 0
254 157 0
254 157 0
254 157 0
254 157 0
254 157 0
254 157 0
254 157 0
254 157 0
254 157 0
254 156 0
254 156 0
254 156 0
254 156 0
254 156 0
254 156 0
254 156 0
254 156 0
254 156 0
254 156 0
254 156 0
254 156 0
254 156 0
254 156 0
254 156 0
254 156 0
254 155 0
254 155 0
254 155 0
254 155 0
254 155 0
254 155 0
254 155 0
254 155 0
254 155 0
254 155 0
254 155 0
254 155 0
254 155 0
254 155 0
254 155 0
254 154 0
254 154 0
254 154 0
254 154 0
254 154 0
254 154 0
254 154 0
254 154 0
254 154 0
254 154 0
254 154 0
254 154 0
254 154 0
254 154 0
254 154 0
254 154 0
254 153 0
254 153 0
254 153 0
254 153 0
254 153 0
254 153 0
254 153 0
254 153 0
254 153 0
254 153 0
254 153 0
254 153 0
254 153 0
254 153 0
254 153 0
254 152 0
254 152 0
254 152 0
254 152 0
254 152 0
254 152 0
254 152 0
254 152 0
254 152 0
254 152 0
254 152 0
254 152 0
254 152 0
254 152 0
254 152 0
254 152 0
254 151 0
254 151 0
254 151 0
254 151 0
254 151 0
254 151 0
254 151 0
254 151 0
254 151 0
254 151 0
254 151 0
254 151 0
254 151 0
254 151 0
254 151 0
254 150 0
254 150 0
254 150 0
254 150 0
254 150 0
254 150 0
254 150 0
254 150 0
254 150 0
254 150 0
254 150 0
254 150 0
254 150 0
254 150 0
254 150 0
254 150 0
254 149 0
254 149 0
254 149 0
254 149 0
254 149 0
254 149 0
254 149 0
254 149 0
254 149 0
254 149 0
254 149 0
254 149 0
254 149 0
254 149 0
254 149 0
253 148 0
253 148 0
253 148 0
253 148 0
253 148 0
253 148 0
253 148 0
253 148 0
253 148 0
253 148 0
253 148 0
253 148 0
253 148 0
253 148 0
253 148 0
253 148 0
253 147 0
253 147 0
253 147 0
253 147 0
253 147 0
253 147 0
253 147 0
253 147 0
253 147 0
253 147 0
253 147 0
253 147 0
253 147 0
253 147 0
253 147 0
253 146 0
253 146 0
253 146 0
253 146 0
253 146 0
253 146 0
253 146 0
253 146 0
253 146 0
253 146 0
253 146 0
253 146 0
253 146 0
253 146 0
253 146 0
253 146 0
253 145 0
253 145 0
253 145 0
253 145 0
253 145 0
253 145 0
253 145 0
253 145 0
253 145 0
253 145 0
253 145 0
253 145 0
253 145 0
253 145 0
253 145 0
253 144 0
253 144 0
253 144 0
253 144 0
253 144 0
253 144 0
253 144 0
253 144 0
253 144 0
253 144 0
253 144 0
253 144 0
253 144 0
253 144 0
253 144 0
253 144 0
253 143 0
253 143 0
253 143 0
253 143 0
253 143 0
253 143 0
253 143 0
253 143 0
253 143 0
253 143 0
253 143 0
253 143 0
253 143 0
253 143 0
253 143 0
253 142 0
253 142 0
253 142 0
253 142 0
253 142 0
253 142 0
253 142 0
253 142 0
253 142 0
253 142 0
253 142 0
253 142 0
253 142 0
253 142 0
253 142 0
253 142 0
253 141 0
253 141 0
253 141 0
253 141 0
253 141 0
253 141 0
253 141 0
253 141 0
253 141 0
253 141 0
253 141 0
253 141 0
253 141 0
253 141 0
253 141 0
253 140 0
253 140 0
253 140 0
253 140 0
253 140 0
253 140 0
253 140 0
253 140 0
253 140 0
253 140 0
253 140 0
253 140 0
253 140 0
253 140 0
253 140 0
253 140 0
253 139 0
253 139 0
253 139 0
253 139 0
253 139 0
253 139 0
253 139 0
253 139 0
253 139 0
253 139 0
253 139 0
253 139 0
253 139 0
253 139 0
253 139 0
253 138 0
253 138 0
253 138 0
253 138 0
253 138 0
253 138 0
253 138 0
253 138 0
253 138 0
253 138 0
253 138 0
253 138 0
253 138 0
253 138 0
253 138 0
253 138 0
252 137 0
252 137 0
252 137 0
252 137 0
252 137 0
252 137 0
252 137 0
252 137 0
252 137 0
252 137 0
252 137 0
252 137 0
252 137 0
252 137 0
252 137 0
252 136 0
252 136 0
252 136 0
252 136 0
252 136 0
252 136 0
252 136 0
252 136 0
252 136 0
252 136 0
252 136 0
252 136 0
252 136 0
252 136 0
252 136 0
252 136 0
252 135 0
252 135 0
252 135 0
252 135 0
252 135 0
252 135 0
252 135 0
252 135 0
252 135 0
252 135 0
252 135 0
252 135 0
252 135 0
252 135 0
252 135 0
252 134 0
252 134 0
252 134 0
252 134 0
252 134 0
252 134 0
252 134 0
252 134 0
252 134 0
252 134 0
252 134 0
252 134 0
252 134 0
252 134 0
252 134 0
252 134 0
252 133 0
252 133 0
252 133 0
252 133 0
252 133 0
252 133 0
252 133 0
252 133 0
252 133 0
252 133 0
252 133 0
252 133 0
252 133 0
252 133 0
252 133 0
252 132 0
252 132 0
252 132 0
252 132 0
252 132 0
252 132 0
252 132 0
252 132 0
252 132 0
252 132 0
252 132 0
252 132 0
252 132 0
252 132 0
252 132 0
252 132 0
252 131 0
252 131 0
252 131 0
252 131 0
252 131 0
252 131 0
252 131 0
252 131 0
252 131 0
252 131 0
252 131 0
252 131 0
252 131 0
252 131 0
252 131 0
252 130 0
252 130 0
252 130 0
252 130 0
252 130 0
252 130 0
252 130 0
252 130 0
252 130 0
252 130 0
252 130 0
252 130 0
252 130 0
252 130 0
252 130 0
252 130 0
252 129 0
252 129 0
252 129 0
252 129 0
252 129 0
252 129 0
252 129 0
252 129 0
252 129 0
252 129 0
252 129 0
252 129 0
252 129 0
252 129 0
252 129 0
252 128 0
252 128 0
252 128 0
252 128 0
252 128 0
252 128 0
252 128 0
252 128 0
252 128 0
252 128 0
252 128 0
252 128 0
252 128 0
252 128 0
252 128 0
252 128 0
252 127 0
252 127 0
252 127 0
252 127 0
252 127 0
252 127 0
252 127 0
252 127 0
252 127 0
252 127 0
252 127 0
252 127 0
252 127 0
252 127 0
252 127 0
252 127 0
