255 229 206
254 229 205
254 229 205
254 229 205
254 229 205
254 229 205
254 229 205
254 229 205
254 229 204
254 229 204
254 229 204
254 229 204
254 229 204
254 229 204
254 229 203
254 229 203
254 229 203
254 229 203
254 229 203
254 229 203
254 229 203
254 229 202
254 229 202
254 229 202
254 229 202
254 229 202
254 229 202
254 229 201
254 229 201
254 229 201
254 229 201
254 229 201
253 229 201
253 229 200
253 229 200
253 229 200
253 229 200
253 229 200
253 229 200
253 229 200
253 229 199
253 229 199
253 229 199
253 229 199
253 229 199
253 229 199
253 229 198
253 229 198
253 228 198
253 228 198
253 228 198
253 228 198
253 228 198
253 228 197
253 228 197
253 228 197
253 228 197
253 228 197
253 228 197
253 228 196
253 228 196
253 228 196
253 228 196
253 228 196
252 228 196
252 228 196
252 228 195
252 228 195
252 228 195
252 228 195
252 228 195
252 228 195
252 228 194
252 228 194
252 228 194
252 228 194
252 228 194
252 228 194
252 228 194
252 228 193
252 228 193
252 228 193
252 228 193
252 228 193
252 228 193
252 228 192
252 228 192
252 228 192
252 228 192
252 228 192
252 228 192
252 228 192
252 228 191
252 228 191
252 228 191
252 228 191
251 228 191
251 228 191
251 228 190
251 228 190
251 228 190
251 228 190
251 228 190
251 228 190
251 228 190
251 228 189
251 228 189
251 228 189
251 228 189
251 228 189
251 228 189
251 228 188
251 228 188
251 228 188
251 228 188
251 228 188
251 228 188
251 228 187
251 228 187
251 228 187
251 228 187
251 228 187
251 228 187
251 228 187
251 228 186
251 228 186
251 228 186
251 228 186
250 228 186
250 228 186
250 228 185
250 228 185
250 228 185
250 228 185
250 228 185
250 228 185
250 228 185
250 228 184
250 228 184
250 228 184
250 228 184
250 228 184
250 228 184
250 227 183
250 227 183
250 227 183
250 227 183
250 227 183
250 227 183
250 227 183
250 227 182
250 227 182
250 227 182
250 227 182
250 227 182
250 227 182
250 227 181
250 227 181
250 227 181
250 227 181
249 227 181
249 227 181
249 227 181
249 227 180
249 227 180
249 227 180
249 227 180
249 227 180
249 227 180
249 227 179
249 227 179
249 227 179
249 227 179
249 227 179
249 227 179
249 227 179
249 227 178
249 227 178
249 227 178
249 227 178
249 227 178
249 227 178
249 227 177
249 227 177
249 227 177
249 227 177
249 227 177
249 227 177
249 227 177
249 227 176
249 227 176
249 227 176
248 227 176
248 227 176
248 227 176
248 227 175
248 227 175
248 227 175
248 227 175
248 227 175
248 227 175
248 227 174
248 227 174
248 227 174
248 227 174
248 227 174
248 227 174
248 227 174
248 227 173
248 227 173
248 227 173
248 227 173
248 227 173
248 227 173
248 227 172
248 227 172
248 227 172
248 227 172
248 227 172
248 227 172
248 227 172
248 227 171
248 227 171
248 227 171
247 227 171
247 227 171
247 227 171
247 227 170
247 227 170
247 227 170
247 227 170
247 227 170
247 227 170
247 227 170
247 227 169
247 227 169
247 227 169
247 226 169
247 226 169
247 226 169
247 226 168
247 226 168
247 226 168
247 226 168
247 226 168
247 226 168
247 226 168
247 226 167
247 226 167
247 226 167
247 226 167
247 226 167
247 226 167
247 226 166
247 226 166
247 226 166
246 226 166
246 226 166
246 226 166
246 226 166
246 226 166
246 226 166
246 226 166
246 226 165
246 226 165
245 226 165
245 226 165
245 226 165
245 226 165
245 226 165
245 226 165
245 226 165
245 226 165
244 226 165
244 226 165
244 225 165
244 225 164
244 225 164
244 225 164
244 225 164
244 225 164
244 225 164
243 225 164
243 225 164
243 225 164
243 225 164
243 225 164
243 225 164
243 225 164
243 225 163
242 225 163
242 225 163
242 225 163
242 225 163
242 225 163
242 225 163
242 225 163
242 225 163
242 225 163
241 224 163
241 224 163
241 224 163
241 224 162
241 224 162
241 224 162
241 224 162
241 224 162
241 224 162
240 224 162
240 224 162
240 224 162
240 224 162
240 224 162
240 224 162
240 224 162
240 224 161
239 224 161
239 224 161
239 224 161
239 224 161
239 224 161
239 224 161
239 224 161
239 223 161
239 223 161
238 223 161
238 223 161
238 223 160
238 223 160
238 223 160
238 223 160
238 223 160
238 223 160
237 223 160
237 223 160
237 223 160
237 223 160
237 223 160
237 223 160
237 223 160
237 223 159
237 223 159
236 223 159
236 223 159
236 223 159
236 223 159
236 222 159
236 222 159
236 222 159
236 222 159
235 222 159
235 222 159
235 222 159
235 222 158
235 222 158
235 222 158
235 222 158
235 222 158
235 222 158
234 222 158
234 222 158
234 222 158
234 222 158
234 222 158
234 222 158
234 222 158
234 222 157
233 222 157
233 222 157
233 222 157
233 221 157
233 221 157
233 221 157
233 221 157
233 221 157
233 221 157
232 221 157
232 221 157
232 221 157
232 221 156
232 221 156
232 221 156
232 221 156
232 221 156
231 221 156
231 221 156
231 221 156
231 221 156
231 221 156
231 221 156
231 221 156
231 221 156
231 221 155
230 221 155
230 220 155
230 220 155
230 220 155
230 220 155
230 220 155
230 220 155
230 220 155
229 220 155
229 220 155
229 220 155
229 220 155
229 220 154
229 220 154
229 220 154
229 220 154
229 220 154
228 220 154
228 220 154
228 220 154
228 220 154
228 220 154
228 220 154
228 220 154
228 219 154
227 219 153
227 219 153
227 219 153
227 219 153
227 219 153
227 219 153
227 219 153
227 219 153
227 219 153
226 219 153
226 219 153
226 219 153
226 219 153
226 219 152
226 219 152
226 219 152
226 219 152
225 219 152
225 219 152
225 219 152
225 219 152
225 219 152
225 219 152
225 218 152
225 218 152
225 218 152
224 218 151
224 218 151
224 218 151
224 218 151
224 218 151
224 218 151
224 218 151
224 218 151
224 218 151
223 218 151
223 218 151
223 218 151
223 218 151
223 218 150
223 218 150
223 218 150
223 218 150
222 218 150
222 218 150
222 218 150
222 218 150
222 217 150
222 217 150
222 217 150
222 217 150
222 217 150
221 217 149
221 217 149
221 217 149
221 217 149
221 217 149
221 217 149
221 217 149
221 217 149
220 217 149
220 217 149
220 217 149
220 217 149
220 217 149
220 217 148
220 217 148
220 217 148
220 217 148
219 217 148
219 217 148
219 216 148
219 216 148
219 216 148
219 216 148
219 216 148
219 216 148
218 216 147
218 216 147
218 216 147
218 216 147
218 216 147
218 216 147
218 216 147
218 216 147
218 216 147
217 216 147
217 216 147
217 216 147
217 216 147
217 216 146
217 216 146
217 216 146
217 216 146
216 215 146
216 215 146
216 215 146
216 215 146
216 215 146
216 215 146
215 215 146
215 215 146
215 215 146
215 215 146
215 215 145
215 215 145
214 215 145
214 215 145
214 215 145
214 214 145
214 214 145
214 214 145
213 214 145
213 214 145
213 214 145
213 214 145
213 214 145
213 214 144
212 214 144
212 214 144
212 214 144
212 214 144
212 214 144
211 214 144
211 213 144
211 213 144
211 213 144
211 213 144
211 213 144
210 213 144
210 213 144
210 213 143
210 213 143
210 213 143
210 213 143
209 213 143
209 213 143
209 213 143
209 213 143
209 212 143
209 212 143
208 212 143
208 212 143
208 212 143
208 212 142
208 212 142
208 212 142
207 212 142
207 212 142
207 212 142
207 212 142
207 212 142
206 212 142
206 212 142
206 211 142
206 211 142
206 211 142
206 211 142
205 211 141
205 211 141
205 211 141
205 211 141
205 211 141
205 211 141
204 211 141
204 211 141
204 211 141
204 211 141
204 211 141
204 210 141
203 210 141
203 210 140
203 210 140
203 210 140
203 210 140
203 210 140
202 210 140
202 210 140
202 210 140
202 210 140
202 210 140
201 210 140
201 210 140
201 210 140
201 209 140
201 209 139
201 209 139
200 209 139
200 209 139
200 209 139
200 209 139
200 209 139
200 209 139
199 209 139
199 209 139
199 209 139
199 209 139
199 209 139
199 209 138
198 208 138
198 208 138
198 208 138
198 208 138
198 208 138
198 208 138
197 208 138
197 208 138
197 208 138
197 208 138
197 208 138
197 208 138
196 208 138
196 208 137
196 208 137
196 207 137
196 207 137
195 207 137
195 207 137
195 207 137
195 207 137
195 207 137
195 207 137
194 207 137
194 207 137
194 207 137
194 207 137
194 207 136
194 207 136
193 207 136
193 206 136
193 206 136
193 206 136
193 206 136
193 206 136
192 206 136
192 206 136
192 206 136
192 206 136
192 206 136
192 206 135
191 206 135
191 206 135
191 206 135
191 206 135
191 205 135
190 205 135
190 205 135
190 205 135
190 205 135
190 205 135
190 205 135
189 205 135
189 205 135
189 205 134
189 205 134
189 205 134
189 205 134
188 205 134
188 205 134
188 204 134
188 204 134
188 204 134
188 204 134
187 204 134
187 204 134
187 204 134
187 204 133
187 204 133
187 204 133
186 204 133
186 204 133
186 204 133
186 204 133
186 204 133
186 203 133
185 203 133
185 203 133
185 203 133
185 203 133
185 203 133
184 203 132
184 203 132
184 203 132
184 203 132
184 203 132
184 203 132
183 203 132
183 203 132
183 203 132
183 202 132
183 202 132
183 202 132
182 202 132
182 202 131
182 202 131
182 202 131
182 202 131
182 202 131
181 202 131
181 202 131
181 202 131
181 202 131
181 202 131
181 202 131
180 201 131
180 201 131
180 201 131
180 201 130
180 201 130
179 201 130
179 201 130
179 201 130
179 201 130
179 201 130
179 201 130
178 201 130
178 201 130
178 201 130
178 201 130
178 200 130
178 200 129
177 200 129
177 200 129
177 200 129
177 200 129
177 200 129
177 200 129
176 200 129
176 200 129
176 200 129
176 200 129
176 200 129
176 200 129
175 200 129
175 199 128
175 199 128
175 199 128
175 199 128
174 199 128
174 199 128
174 199 128
174 199 128
174 199 128
174 199 128
173 199 128
173 199 128
173 199 128
173 199 127
173 199 127
173 198 127
172 198 127
172 198 127
172 198 127
172 198 127
172 198 127
171 198 127
171 198 127
171 198 127
171 198 127
171 198 127
170 198 127
170 197 126
170 197 126
170 197 126
170 197 126
169 197 126
169 197 126
169 197 126
169 197 126
168 197 126
168 197 126
168 197 126
168 197 126
168 197 126
167 196 125
167 196 125
167 196 125
167 196 125
167 196 125
166 196 125
166 196 125
166 196 125
166 196 125
166 196 125
165 196 125
165 196 125
165 195 125
165 195 125
165 195 124
164 195 124
164 195 124
164 195 124
164 195 124
164 195 124
163 195 124
163 195 124
163 195 124
163 195 124
162 194 124
162 194 124
162 194 124
162 194 124
162 194 123
161 194 123
161 194 123
161 194 123
161 194 123
161 194 123
160 194 123
160 194 123
160 194 123
160 193 123
160 193 123
159 193 123
159 193 123
159 193 122
159 193 122
159 193 122
158 193 122
158 193 122
158 193 122
158 193 122
158 193 122
157 192 122
157 192 122
157 192 122
157 192 122
156 192 122
156 192 122
156 192 121
156 192 121
156 192 121
155 192 121
155 192 121
155 192 121
155 191 121
155 191 121
154 191 121
154 191 121
154 191 121
154 191 121
154 191 121
153 191 120
153 191 120
153 191 120
153 191 120
153 191 120
152 191 120
152 190 120
152 190 120
152 190 120
152 190 120
151 190 120
151 190 120
151 190 120
151 190 120
150 190 119
150 190 119
150 190 119
150 190 119
150 189 119
149 189 119
149 189 119
149 189 119
149 189 119
149 189 119
148 189 119
148 189 119
148 189 119
148 189 118
148 189 118
147 189 118
147 189 118
147 188 118
147 188 118
147 188 118
146 188 118
146 188 118
146 188 118
146 188 118
145 188 118
145 188 118
145 188 118
145 188 117
145 188 117
144 187 117
144 187 117
144 187 117
144 187 117
144 187 117
143 187 117
143 187 117
143 187 117
143 187 117
143 187 117
142 187 117
142 187 116
142 186 116
142 186 116
142 186 116
141 186 116
141 186 116
141 186 116
141 186 116
141 186 116
140 186 116
140 186 116
140 186 116
140 186 116
139 186 116
139 185 115
139 185 115
139 185 115
139 185 115
138 185 115
138 185 115
138 185 115
138 185 115
138 185 115
137 185 115
137 185 115
137 185 115
137 184 115
137 184 114
136 184 114
136 184 114
136 184 114
136 184 114
136 184 114
135 184 114
135 184 114
135 184 114
135 184 114
135 184 114
134 183 114
134 183 114
134 183 114
134 183 113
133 183 113
133 183 113
133 183 113
133 183 113
133 183 113
132 183 113
132 183 113
132 183 113
132 183 113
132 182 113
131 182 113
131 182 113
131 182 112
131 182 112
131 182 112
130 182 112
130 182 112
130 182 112
130 182 112
130 182 112
129 182 112
129 181 112
129 181 112
129 181 112
129 181 112
128 181 112
128 181 111
128 181 111
128 181 111
127 181 111
127 181 111
127 181 111
127 181 111
127 180 111
126 180 111
126 180 111
126 180 111
126 180 111
126 180 111
125 180 111
125 180 110
125 180 110
125 180 110
125 180 110
124 180 110
124 180 110
124 179 110
124 179 110
124 179 110
123 179 110
123 179 110
123 179 110
123 179 110
123 179 109
122 179 109
122 179 109
122 179 109
122 179 109
121 178 109
121 178 109
121 178 109
121 178 109
121 178 109
120 178 109
120 178 109
120 178 109
120 178 109
120 178 108
119 178 108
119 178 108
119 177 108
119 177 108
119 177 108
118 177 108
118 177 108
118 177 108
118 177 108
117 177 107
117 177 107
117 177 107
117 177 107
117 176 107
116 176 107
116 176 107
116 176 107
116 176 107
116 176 107
115 176 106
115 176 106
115 176 106
115 176 106
114 175 106
114 175 106
114 175 106
114 175 106
114 175 106
113 175 106
113 175 105
113 175 105
113 175 105
113 175 105
112 175 105
112 174 105
112 174 105
112 174 105
111 174 105
111 174 105
111 174 105
111 174 104
111 174 104
110 174 104
110 174 104
110 173 104
110 173 104
110 173 104
109 173 104
109 173 104
109 173 104
109 173 103
108 173 103
108 173 103
108 173 103
108 173 103
108 172 103
107 172 103
107 172 103
107 172 103
107 172 103
106 172 102
106 172 102
106 172 102
106 172 102
106 172 102
105 171 102
105 171 102
105 171 102
105 171 102
105 171 102
104 171 101
104 171 101
104 171 101
104 171 101
103 171 101
103 171 101
103 170 101
103 170 101
103 170 101
102 170 101
102 170 100
102 170 100
102 170 100
102 170 100
101 170 100
101 170 100
101 169 100
101 169 100
100 169 100
100 169 100
100 169 99
100 169 99
100 169 99
99 169 99
99 169 99
99 169 99
99 169 99
99 168 99
98 168 99
98 168 99
98 168 99
98 168 98
97 168 98
97 168 98
97 168 98
97 168 98
97 168 98
96 167 98
96 167 98
96 167 98
96 167 98
96 167 97
95 167 97
95 167 97
95 167 97
95 167 97
94 167 97
94 167 97
94 166 97
94 166 97
94 166 97
93 166 96
93 166 96
93 166 96
93 166 96
93 166 96
92 166 96
92 166 96
92 165 96
92 165 96
91 165 96
91 165 95
91 165 95
91 165 95
91 165 95
90 165 95
90 165 95
90 165 95
90 165 95
90 164 95
89 164 95
89 164 94
89 164 94
89 164 94
88 164 94
88 164 94
88 164 94
88 164 94
88 164 94
87 164 94
87 163 94
87 163 93
87 163 93
87 163 93
86 163 93
86 163 93
86 163 93
86 163 93
85 163 93
85 163 93
85 162 93
85 162 92
85 162 92
84 162 92
84 162 92
84 162 92
84 162 92
83 162 92
83 162 92
83 162 92
83 162 92
83 161 92
82 161 91
82 161 91
82 161 91
82 161 91
82 161 91
81 161 91
81 161 91
81 161 91
81 161 91
80 160 91
80 160 90
80 160 90
80 160 90
80 160 90
79 160 90
79 160 90
79 160 90
79 160 90
79 160 90
78 160 90
78 159 89
78 159 89
78 159 89
77 159 89
77 159 89
77 159 89
77 159 89
77 159 89
76 159 89
76 159 89
76 158 88
76 158 88
76 158 88
75 158 88
75 158 88
75 158 88
75 158 88
74 158 88
74 158 88
74 158 88
74 158 87
74 157 87
73 157 87
73 157 87
73 157 87
73 157 87
73 157 87
72 157 87
72 157 87
72 157 87
72 157 86
71 156 86
71 156 86
71 156 86
71 156 86
71 156 86
70 156 86
70 156 86
70 156 86
70 156 86
70 156 86
69 156 85
69 155 85
69 155 85
69 155 85
68 155 85
68 155 85
68 155 85
68 155 85
68 155 85
67 155 85
67 155 84
67 154 84
67 154 84
67 154 84
66 154 84
66 154 84
66 154 84
66 154 84
65 154 84
65 154 84
65 154 83
65 154 83
65 153 83
64 153 83
64 153 83
64 153 83
64 153 83
64 153 83
64 153 83
64 152 83
64 152 83
63 152 82
63 152 82
63 152 82
63 152 82
63 152 82
63 152 82
63 151 82
63 151 82
63 151 82
62 151 82
62 151 81
62 151 81
62 151 81
62 150 81
62 150 81
62 150 81
62 150 81
61 150 81
61 150 81
61 150 81
61 149 81
61 149 80
61 149 80
61 149 80
61 149 80
61 149 80
60 149 80
60 149 80
60 148 80
60 148 80
60 148 80
60 148 80
60 148 79
60 148 79
60 148 79
59 147 79
59 147 79
59 147 79
59 147 79
59 147 79
59 147 79
59 147 79
59 146 79
58 146 78
58 146 78
58 146 78
58 146 78
58 146 78
58 146 78
58 145 78
58 145 78
58 145 78
57 145 78
57 145 78
57 145 77
57 145 77
57 145 77
57 144 77
57 144 77
57 144 77
56 144 77
56 144 77
56 144 77
56 144 77
56 143 77
56 143 76
56 143 76
56 143 76
56 143 76
55 143 76
55 143 76
55 142 76
55 142 76
55 142 76
55 142 76
55 142 76
55 142 75
54 142 75
54 142 75
54 141 75
54 141 75
54 141 75
54 141 75
54 141 75
54 141 75
54 141 75
53 140 75
53 140 74
53 140 74
53 140 74
53 140 74
53 140 74
53 140 74
53 139 74
52 139 74
52 139 74
52 139 74
52 139 74
52 139 73
52 139 73
52 138 73
52 138 73
52 138 73
51 138 73
51 138 73
51 138 73
51 138 73
51 138 73
51 137 73
51 137 72
51 137 72
50 137 72
50 137 72
50 137 72
50 137 72
50 136 72
50 136 72
50 136 72
50 136 72
50 136 72
49 136 71
49 136 71
49 135 71
49 135 71
49 135 71
49 135 71
49 135 71
49 135 71
48 135 71
48 135 71
48 134 71
48 134 70
48 134 70
48 134 70
48 134 70
48 134 70
48 134 70
47 133 70
47 133 70
47 133 70
47 133 70
47 133 70
47 133 69
47 133 69
47 132 69
46 132 69
46 132 69
46 132 69
46 132 69
46 132 69
46 132 69
46 132 69
46 131 69
46 131 68
45 131 68
45 131 68
45 131 68
45 131 68
45 131 68
45 130 68
45 130 68
45 130 68
44 130 68
44 130 68
44 130 67
44 130 67
44 129 67
44 129 67
44 129 67
44 129 67
44 129 67
43 129 67
43 129 67
43 128 67
43 128 66
43 128 66
43 128 66
43 128 66
43 128 66
43 128 66
42 128 66
42 127 66
42 127 66
42 127 66
42 127 66
42 127 65
42 127 65
42 127 65
41 126 65
41 126 65
41 126 65
41 126 65
41 126 65
41 126 65
41 126 65
41 125 65
41 125 64
40 125 64
40 125 64
40 125 64
40 125 64
40 125 64
40 125 64
40 124 64
40 124 64
39 124 64
39 124 64
39 124 63
39 124 63
39 124 63
39 123 63
39 123 63
39 123 63
39 123 63
38 123 63
38 123 63
38 123 63
38 122 63
38 122 62
38 122 62
38 122 62
38 122 62
37 122 62
37 122 62
37 121 62
37 121 62
37 121 62
37 121 62
37 121 62
37 121 61
37 121 61
36 121 61
36 120 61
36 120 61
36 120 61
36 120 61
36 120 61
36 120 61
36 120 61
35 119 61
35 119 60
35 119 60
35 119 60
35 119 60
35 119 60
35 119 60
35 118 60
35 118 60
34 118 60
34 118 60
34 118 60
34 118 60
34 118 60
34 118 60
34 118 60
33 118 59
33 117 59
33 117 59
33 117 59
33 117 59
33 117 59
33 117 59
32 117 59
32 117 59
32 117 59
32 117 59
32 116 59
32 116 59
32 116 59
32 116 59
31 116 59
31 116 59
31 116 59
31 116 59
31 116 59
31 116 59
31 115 59
30 115 59
30 115 59
30 115 58
30 115 58
30 115 58
30 115 58
30 115 58
29 115 58
29 115 58
29 114 58
29 114 58
29 114 58
29 114 58
29 114 58
29 114 58
28 114 58
28 114 58
28 114 58
28 114 58
28 113 58
28 113 58
28 113 58
27 113 58
27 113 58
27 113 58
27 113 57
27 113 57
27 113 57
27 113 57
26 113 57
26 112 57
26 112 57
26 112 57
26 112 57
26 112 57
26 112 57
26 112 57
25 112 57
25 112 57
25 112 57
25 111 57
25 111 57
25 111 57
25 111 57
24 111 57
24 111 57
24 111 57
24 111 57
24 111 57
24 111 56
24 110 56
23 110 56
23 110 56
23 110 56
23 110 56
23 110 56
23 110 56
23 110 56
22 110 56
22 110 56
22 109 56
22 109 56
22 109 56
22 109 56
22 109 56
22 109 56
21 109 56
21 109 56
21 109 56
21 109 56
21 108 56
21 108 56
21 108 56
20 108 55
20 108 55
20 108 55
20 108 55
20 108 55
20 108 55
20 108 55
19 107 55
19 107 55
19 107 55
19 107 55
19 107 55
19 107 55
19 107 55
19 107 55
18 107 55
18 107 55
18 107 55
18 106 55
18 106 55
18 106 55
18 106 55
17 106 55
17 106 54
17 106 54
17 106 54
17 106 54
17 106 54
17 105 54
16 105 54
16 105 54
16 105 54
16 105 54
16 105 54
16 105 54
16 105 54
16 105 54
15 105 54
15 104 54
15 104 54
15 104 54
15 104 54
15 104 54
15 104 54
14 104 54
14 104 54
14 104 54
14 104 53
14 103 53
14 103 53
14 103 53
13 103 53
13 103 53
13 103 53
13 103 53
13 103 53
13 103 53
13 103 53
13 102 53
12 102 53
12 102 53
12 102 53
12 102 53
12 102 53
12 102 53
12 102 53
11 102 53
11 102 53
11 101 53
11 101 53
11 101 53
11 101 52
11 101 52
10 101 52
10 101 52
10 101 52
10 101 52
10 101 52
10 100 52
10 100 52
10 100 52
9 100 52
9 100 52
9 100 52
9 100 52
9 100 52
9 100 52
9 100 52
8 100 52
8 99 52
8 99 52
8 99 52
8 99 52
8 99 52
8 99 51
7 99 51
7 99 51
7 99 51
7 99 51
7 98 51
7 98 51
7 98 51
6 98 51
6 98 51
6 98 51
6 98 51
6 98 51
6 98 51
6 98 51
6 97 51
5 97 51
5 97 51
5 97 51
5 97 51
5 97 51
5 97 51
5 97 51
4 97 51
4 97 50
4 96 50
4 96 50
4 96 50
4 96 50
4 96 50
3 96 50
3 96 50
3 96 50
3 96 50
3 96 50
3 95 50
3 95 50
3 95 50
2 95 50
2 95 50
2 95 50
2 95 50
2 95 50
2 95 50
2 95 50
1 94 50
1 94 50
1 94 50
1 94 49
1 94 49
1 94 49
1 94 49
0 94 49
0 94 49
0 94 49
0 94 49
0 93 49
0 93 49
0 93 49
0 93 49
0 93 49
0 93 49
0 93 49
0 93 49
0 92 49
0 92 49
0 92 49
0 92 49
0 92 49
0 92 49
0 92 48
0 92 48
0 92 48
0 91 48
0 91 48
0 91 48
0 91 48
0 91 48
0 91 48
0 91 48
0 91 48
0 90 48
0 90 48
0 90 48
0 90 48
0 90 48
0 90 48
0 90 48
0 90 48
0 89 48
0 89 47
0 89 47
0 89 47
0 89 47
0 89 47
0 89 47
0 89 47
0 88 47
0 88 47
0 88 47
0 88 47
0 88 47
0 88 47
0 88 47
0 88 47
0 87 47
0 87 47
0 87 47
0 87 47
0 87 47
0 87 46
0 87 46
0 87 46
0 86 46
0 86 46
0 86 46
0 86 46
0 86 46
0 86 46
0 86 46
0 86 46
0 85 46
0 85 46
0 85 46
0 85 46
0 85 46
0 85 46
0 85 46
0 85 46
0 84 46
0 84 46
0 84 45
0 84 45
0 84 45
0 84 45
0 84 45
0 84 45
0 84 45
0 83 45
0 83 45
0 83 45
0 83 45
0 83 45
0 83 45
0 83 45
0 83 45
0 82 45
0 82 45
0 82 45
0 82 45
0 82 45
0 82 44
0 82 44
0 82 44
0 81 44
0 81 44
0 81 44
0 81 44
0 81 44
0 81 44
0 81 44
0 81 44
0 80 44
0 80 44
0 80 44
0 80 44
0 80 44
0 80 44
0 80 44
0 80 44
0 79 44
0 79 43
0 79 43
0 79 43
0 79 43
0 79 43
0 79 43
0 79 43
0 78 43
0 78 43
0 78 43
0 78 43
0 78 43
0 78 43
0 78 43
0 78 43
0 77 43
0 77 43
0 77 43
0 77 43
0 77 43
0 77 43
0 77 42
0 77 42
0 76 42
0 76 42
0 76 42
0 76 42
0 76 42
0 76 42
0 76 42
0 76 42
0 76 42
0 75 42
0 75 42
0 75 42
0 75 42
0 75 42
0 75 42
0 75 42
0 75 42
0 74 42
0 74 41
0 74 41
0 74 41
0 74 41
0 74 41
0 74 41
0 74 41
0 73 41
0 73 41
0 73 41
0 73 41
0 73 41
0 73 41
0 73 41
0 73 41
0 72 41
0 72 41
0 72 41
0 72 41
0 72 41
0 72 40
0 72 40
0 72 40
0 71 40
0 71 40
0 71 40
0 71 40
0 71 40
0 71 40
0 71 40
0 71 40
0 70 40
0 70 40
0 70 40
0 70 40
0 70 40
0 70 40
0 70 40
0 70 40
0 69 40
0 69 40
0 69 39
0 69 39
0 69 39
0 69 39
0 69 39
0 69 39
0 68 39
0 68 39
0 68 39
0 68 39
0 68 39
0 68 39
0 68 39
0 68 39
0 68 39
0 67 39
0 67 39
0 67 39
0 67 39
0 67 39
0 67 38
0 67 38
0 67 38
0 66 38
0 66 38
0 66 38
0 66 38
0 66 38
0 66 38
0 66 38
0 66 38
0 65 38
0 65 38
0 65 38
0 65 38
0 65 38
0 65 38
0 65 38
0 65 38
0 64 38
0 64 37
0 64 37
0 64 37
0 64 37
0 64 37
0 64 37
0 64 37
0 63 37
0 63 37
0 63 37
0 63 37
0 63 37
0 63 37
0 63 37
0 63 37
0 62 37
0 62 37
0 62 37
0 62 37
0 62 37
0 62 36
0 62 36
0 62 36
