255 255 217
254 254 216
254 254 216
254 254 216
254 254 216
254 254 216
254 254 216
254 254 215
254 254 215
254 254 215
254 254 215
254 254 215
254 254 215
254 254 214
254 254 214
253 254 214
253 254 214
253 254 214
253 254 214
253 254 214
253 254 213
253 254 213
253 254 213
253 254 213
253 254 213
253 254 213
253 254 212
253 254 212
253 254 212
252 254 212
252 254 212
252 254 212
252 254 211
252 254 211
252 254 211
252 254 211
252 254 211
252 253 211
252 253 211
252 253 210
252 253 210
252 253 210
252 253 210
251 253 210
251 253 210
251 253 209
251 253 209
251 253 209
251 253 209
251 253 209
251 253 209
251 253 209
251 253 208
251 253 208
251 253 208
251 253 208
251 253 208
250 253 208
250 253 207
250 253 207
250 253 207
250 253 207
250 253 207
250 253 207
250 253 206
250 253 206
250 253 206
250 253 206
250 253 206
250 253 206
250 253 206
250 253 205
249 253 205
249 253 205
249 252 205
249 252 205
249 252 205
249 252 204
249 252 204
249 252 204
249 252 204
249 252 204
249 252 204
249 252 204
249 252 203
249 252 203
248 252 203
248 252 203
248 252 203
248 252 203
248 252 202
248 252 202
248 252 202
248 252 202
248 252 202
248 252 202
248 252 201
248 252 201
248 252 201
248 252 201
247 252 201
247 252 201
247 252 201
247 252 200
247 252 200
247 252 200
247 252 200
247 252 200
247 252 200
247 252 199
247 251 199
247 251 199
247 251 199
247 251 199
246 251 199
246 251 199
246 251 198
246 251 198
246 251 198
246 251 198
246 251 198
246 251 198
246 251 197
246 251 197
246 251 197
246 251 197
246 251 197
246 251 197
245 251 196
245 251 196
245 251 196
245 251 196
245 251 196
245 251 196
245 251 196
245 251 195
245 251 195
245 251 195
245 251 195
245 251 195
245 251 195
245 251 194
245 251 194
244 251 194
244 251 194
244 251 194
244 251 194
244 250 194
244 250 193
244 250 193
244 250 193
244 250 193
244 250 193
244 250 193
244 250 192
244 250 192
244 250 192
243 250 192
243 250 192
243 250 192
243 250 191
243 250 191
243 250 191
243 250 191
243 250 191
243 250 191
243 250 191
243 250 190
243 250 190
243 250 190
243 250 190
242 250 190
242 250 190
242 250 189
242 250 189
242 250 189
242 250 189
242 250 189
242 250 189
242 250 189
242 250 188
242 250 188
242 250 188
242 249 188
242 249 188
241 249 188
241 249 187
241 249 187
241 249 187
241 249 187
241 249 187
241 249 187
241 249 186
241 249 186
241 249 186
241 249 186
241 249 186
241 249 186
241 249 186
241 249 185
240 249 185
240 249 185
240 249 185
240 249 185
240 249 185
240 249 184
240 249 184
240 249 184
240 249 184
240 249 184
240 249 184
240 249 184
240 249 183
240 249 183
239 249 183
239 249 183
239 249 183
239 249 183
239 249 182
239 249 182
239 248 182
239 248 182
239 248 182
239 248 182
239 248 181
239 248 181
239 248 181
239 248 181
238 248 181
238 248 181
238 248 181
238 248 180
238 248 180
238 248 180
238 248 180
238 248 180
238 248 180
238 248 179
238 248 179
238 248 179
238 248 179
238 248 179
237 248 179
237 248 179
237 248 178
237 248 178
237 248 178
237 248 178
237 248 178
237 248 178
237 248 177
237 248 177
237 248 177
237 248 177
237 248 177
237 248 177
236 247 177
236 247 177
236 247 177
236 247 177
236 247 177
236 247 177
236 247 177
235 247 177
235 247 177
235 247 177
235 247 177
235 247 177
235 247 177
235 247 177
234 247 177
234 247 177
234 247 177
234 246 177
234 246 177
234 246 177
234 246 177
233 246 177
233 246 177
233 246 177
233 246 177
233 246 177
233 246 177
232 246 177
232 246 177
232 246 177
232 246 177
232 246 177
232 246 177
232 246 177
231 245 177
231 245 177
231 245 177
231 245 177
231 245 177
231 245 177
231 245 177
230 245 177
230 245 177
230 245 177
230 245 177
230 245 177
230 245 177
230 245 177
229 245 177
229 245 177
229 245 177
229 245 177
229 244 177
229 244 177
228 244 177
228 244 177
228 244 177
228 244 177
228 244 177
228 244 177
228 244 177
227 244 177
227 244 177
227 244 177
227 244 177
227 244 177
227 244 177
227 244 177
226 244 177
226 243 177
226 243 177
226 243 177
226 243 177
226 243 177
225 243 177
225 243 177
225 243 177
225 243 177
225 243 177
225 243 177
225 243 177
224 243 177
224 243 177
224 243 177
224 243 177
224 243 177
224 242 178
224 242 178
223 242 178
223 242 178
223 242 178
223 242 178
223 242 178
223 242 178
223 242 178
222 242 178
222 242 178
222 242 178
222 242 178
222 242 178
222 242 178
221 242 178
221 242 178
221 241 178
221 241 178
221 241 178
221 241 178
221 241 178
220 241 178
220 241 178
220 241 178
220 241 178
220 241 178
220 241 178
220 241 178
219 241 178
219 241 178
219 241 178
219 241 178
219 241 178
219 240 178
219 240 178
218 240 178
218 240 178
218 240 178
218 240 178
218 240 178
218 240 178
217 240 178
217 240 178
217 240 178
217 240 178
217 240 178
217 240 178
217 240 178
216 240 178
216 240 178
216 239 178
216 239 178
216 239 178
216 239 178
216 239 178
215 239 178
215 239 178
215 239 178
215 239 178
215 239 178
215 239 178
215 239 178
214 239 178
214 239 178
214 239 178
214 239 178
214 239 178
214 238 178
213 238 178
213 238 178
213 238 178
213 238 178
213 238 178
213 238 178
213 238 178
212 238 178
212 238 178
212 238 178
212 238 178
212 238 178
212 238 178
212 238 178
211 238 178
211 238 178
211 237 179
211 237 179
211 237 179
211 237 179
210 237 179
210 237 179
210 237 179
210 237 179
210 237 179
210 237 179
210 237 179
209 237 179
209 237 179
209 237 179
209 237 179
209 237 179
209 237 179
209 236 179
208 236 179
208 236 179
208 236 179
208 236 179
208 236 179
208 236 179
208 236 179
207 236 179
207 236 179
207 236 179
207 236 179
207 236 179
207 236 179
206 236 179
206 236 179
206 236 179
206 235 179
206 235 179
206 235 179
206 235 179
205 235 179
205 235 179
205 235 179
205 235 179
205 235 179
205 235 179
205 235 179
204 235 179
204 235 179
204 235 179
204 235 179
204 235 179
204 235 179
204 234 179
203 234 179
203 234 179
203 234 179
203 234 179
203 234 179
203 234 179
202 234 179
202 234 179
202 234 179
202 234 179
202 234 179
202 234 179
202 234 179
201 234 179
201 234 179
201 234 179
201 233 179
201 233 179
201 233 179
201 233 179
200 233 179
200 233 179
200 233 179
200 233 179
200 233 179
200 233 179
200 233 179
199 233 179
199 233 179
199 233 179
199 233 179
199 233 179
199 233 179
198 232 180
198 232 180
198 232 180
198 232 180
197 232 180
197 232 180
197 232 180
196 232 180
196 232 180
196 231 180
196 231 180
195 231 180
195 231 180
195 231 180
194 231 180
194 231 180
194 231 180
194 231 180
193 231 180
193 230 180
193 230 180
193 230 180
192 230 180
192 230 180
192 230 180
191 230 180
191 230 180
191 230 180
191 229 180
190 229 180
190 229 180
190 229 180
189 229 180
189 229 180
189 229 180
189 229 180
188 229 180
188 228 181
188 228 181
187 228 181
187 228 181
187 228 181
187 228 181
186 228 181
186 228 181
186 228 181
185 227 181
185 227 181
185 227 181
185 227 181
184 227 181
184 227 181
184 227 181
184 227 181
183 227 181
183 226 181
183 226 181
182 226 181
182 226 181
182 226 181
182 226 181
181 226 181
181 226 181
181 226 181
180 225 181
180 225 181
180 225 181
180 225 181
179 225 181
179 225 181
179 225 181
178 225 181
178 225 181
178 224 182
178 224 182
177 224 182
177 224 182
177 224 182
176 224 182
176 224 182
176 224 182
176 224 182
175 223 182
175 223 182
175 223 182
175 223 182
174 223 182
174 223 182
174 223 182
173 223 182
173 223 182
173 223 182
173 222 182
172 222 182
172 222 182
172 222 182
171 222 182
171 222 182
171 222 182
171 222 182
170 222 182
170 221 182
170 221 182
169 221 182
169 221 182
169 221 182
169 221 182
168 221 182
168 221 182
168 221 182
167 220 183
167 220 183
167 220 183
167 220 183
166 220 183
166 220 183
166 220 183
166 220 183
165 220 183
165 219 183
165 219 183
164 219 183
164 219 183
164 219 183
164 219 183
163 219 183
163 219 183
163 219 183
162 218 183
162 218 183
162 218 183
162 218 183
161 218 183
161 218 183
161 218 183
160 218 183
160 218 183
160 217 183
160 217 183
159 217 183
159 217 183
159 217 183
158 217 183
158 217 183
158 217 183
158 217 183
157 216 184
157 216 184
157 216 184
157 216 184
156 216 184
156 216 184
156 216 184
155 216 184
155 216 184
155 216 184
155 215 184
154 215 184
154 215 184
154 215 184
153 215 184
153 215 184
153 215 184
153 215 184
152 215 184
152 214 184
152 214 184
151 214 184
151 214 184
151 214 184
151 214 184
150 214 184
150 214 184
150 214 184
149 213 184
149 213 184
149 213 184
149 213 184
148 213 184
148 213 184
148 213 184
147 213 184
147 213 184
147 212 185
147 212 185
146 212 185
146 212 185
146 212 185
146 212 185
145 212 185
145 212 185
145 212 185
144 211 185
144 211 185
144 211 185
144 211 185
143 211 185
143 211 185
143 211 185
142 211 185
142 211 185
142 210 185
142 210 185
141 210 185
141 210 185
141 210 185
140 210 185
140 210 185
140 210 185
140 210 185
139 209 185
139 209 185
139 209 185
138 209 185
138 209 185
138 209 185
138 209 185
137 209 185
137 209 185
137 209 185
137 208 186
136 208 186
136 208 186
136 208 186
135 208 186
135 208 186
135 208 186
135 208 186
134 208 186
134 207 186
134 207 186
133 207 186
133 207 186
133 207 186
133 207 186
132 207 186
132 207 186
132 207 186
131 206 186
131 206 186
131 206 186
131 206 186
130 206 186
130 206 186
130 206 186
129 206 186
129 206 186
129 205 186
129 205 186
128 205 186
128 205 186
128 205 186
128 205 186
127 205 186
127 205 186
127 205 186
126 204 187
126 204 187
126 204 187
126 204 187
125 204 187
125 204 187
125 204 187
125 204 187
124 204 187
124 204 187
124 204 187
124 203 187
124 203 187
123 203 187
123 203 187
123 203 187
123 203 187
122 203 187
122 203 187
122 203 187
122 203 187
121 203 187
121 202 187
121 202 187
121 202 187
120 202 187
120 202 187
120 202 187
120 202 187
119 202 188
119 202 188
119 202 188
119 202 188
118 202 188
118 201 188
118 201 188
118 201 188
117 201 188
117 201 188
117 201 188
117 201 188
116 201 188
116 201 188
116 201 188
116 201 188
116 200 188
115 200 188
115 200 188
115 200 188
115 200 188
114 200 188
114 200 188
114 200 188
114 200 188
113 200 188
113 200 188
113 199 188
113 199 189
112 199 189
112 199 189
112 199 189
112 199 189
111 199 189
111 199 189
111 199 189
111 199 189
110 199 189
110 198 189
110 198 189
110 198 189
109 198 189
109 198 189
109 198 189
109 198 189
108 198 189
108 198 189
108 198 189
108 198 189
108 197 189
107 197 189
107 197 189
107 197 189
107 197 189
106 197 189
106 197 189
106 197 190
106 197 190
105 197 190
105 197 190
105 196 190
105 196 190
104 196 190
104 196 190
104 196 190
104 196 190
103 196 190
103 196 190
103 196 190
103 196 190
102 196 190
102 195 190
102 195 190
102 195 190
101 195 190
101 195 190
101 195 190
101 195 190
100 195 190
100 195 190
100 195 190
100 195 190
100 194 190
99 194 190
99 194 190
99 194 191
99 194 191
98 194 191
98 194 191
98 194 191
98 194 191
97 194 191
97 194 191
97 194 191
97 193 191
96 193 191
96 193 191
96 193 191
96 193 191
95 193 191
95 193 191
95 193 191
95 193 191
94 193 191
94 193 191
94 192 191
94 192 191
93 192 191
93 192 191
93 192 191
93 192 191
92 192 191
92 192 191
92 192 192
92 192 192
92 192 192
91 191 192
91 191 192
91 191 192
91 191 192
90 191 192
90 191 192
90 191 192
90 191 192
89 191 192
89 191 192
89 191 192
89 190 192
88 190 192
88 190 192
88 190 192
88 190 192
87 190 192
87 190 192
87 190 192
87 190 192
86 190 192
86 190 192
86 189 192
86 189 192
85 189 192
85 189 192
85 189 193
85 189 193
84 189 193
84 189 193
84 189 193
84 189 193
84 189 193
83 188 193
83 188 193
83 188 193
83 188 193
82 188 193
82 188 193
82 188 193
82 188 193
81 188 193
81 188 193
81 188 193
81 187 193
80 187 193
80 187 193
80 187 193
80 187 193
79 187 193
79 187 193
79 187 193
79 187 193
78 187 193
78 187 194
78 186 194
78 186 194
77 186 194
77 186 194
77 186 194
77 186 194
76 186 194
76 186 194
76 186 194
76 186 194
76 186 194
75 186 194
75 185 194
75 185 194
75 185 194
74 185 194
74 185 194
74 185 194
74 185 194
73 185 194
73 185 194
73 185 194
73 185 194
72 184 194
72 184 194
72 184 194
72 184 194
71 184 194
71 184 195
71 184 195
71 184 195
70 184 195
70 184 195
70 184 195
70 183 195
69 183 195
69 183 195
69 183 195
69 183 195
68 183 195
68 183 195
68 183 195
68 183 195
68 183 195
67 183 195
67 182 195
67 182 195
67 182 195
66 182 195
66 182 195
66 182 195
66 182 195
65 182 195
65 182 195
65 182 195
65 182 195
64 181 195
64 181 195
64 181 195
64 181 195
64 181 195
64 181 195
64 181 195
63 180 195
63 180 195
63 180 195
63 180 195
63 180 195
63 180 195
63 180 195
62 179 195
62 179 195
62 179 195
62 179 195
62 179 195
62 179 195
62 179 195
61 178 195
61 178 195
61 178 195
61 178 195
61 178 195
61 178 195
61 178 195
60 177 195
60 177 195
60 177 195
60 177 195
60 177 195
60 177 195
60 177 195
60 176 195
59 176 195
59 176 195
59 176 195
59 176 195
59 176 195
59 175 195
59 175 195
58 175 195
58 175 195
58 175 195
58 175 195
58 175 195
58 174 195
58 174 195
57 174 195
57 174 195
57 174 195
57 174 195
57 174 195
57 173 195
57 173 195
56 173 195
56 173 195
56 173 195
56 173 195
56 173 195
56 172 195
56 172 195
55 172 194
55 172 194
55 172 194
55 172 194
55 172 194
55 171 194
55 171 194
54 171 194
54 171 194
54 171 194
54 171 194
54 171 194
54 170 194
54 170 194
53 170 194
53 170 194
53 170 194
53 170 194
53 170 194
53 169 194
53 169 194
52 169 194
52 169 194
52 169 194
52 169 194
52 169 194
52 168 194
52 168 194
51 168 194
51 168 194
51 168 194
51 168 194
51 168 194
51 167 194
51 167 194
51 167 194
50 167 194
50 167 194
50 167 194
50 167 194
50 166 194
50 166 194
50 166 194
49 166 194
49 166 194
49 166 194
49 166 194
49 165 194
49 165 194
49 165 194
48 165 194
48 165 194
48 165 194
48 165 194
48 164 194
48 164 194
48 164 194
47 164 194
47 164 194
47 164 194
47 163 194
47 163 194
47 163 194
47 163 194
46 163 193
46 163 193
46 163 193
46 162 193
46 162 193
46 162 193
46 162 193
45 162 193
45 162 193
45 162 193
45 161 193
45 161 193
45 161 193
45 161 193
44 161 193
44 161 193
44 161 193
44 160 193
44 160 193
44 160 193
44 160 193
43 160 193
43 160 193
43 160 193
43 159 193
43 159 193
43 159 193
43 159 193
42 159 193
42 159 193
42 159 193
42 158 193
42 158 193
42 158 193
42 158 193
41 158 193
41 158 193
41 158 193
41 157 193
41 157 193
41 157 193
41 157 193
41 157 193
40 157 193
40 157 193
40 156 193
40 156 193
40 156 193
40 156 193
40 156 193
39 156 193
39 156 193
39 155 193
39 155 193
39 155 193
39 155 193
39 155 193
38 155 193
38 155 193
38 154 193
38 154 193
38 154 193
38 154 193
38 154 193
37 154 192
37 154 192
37 153 192
37 153 192
37 153 192
37 153 192
37 153 192
36 153 192
36 153 192
36 152 192
36 152 192
36 152 192
36 152 192
36 152 192
35 152 192
35 151 192
35 151 192
35 151 192
35 151 192
35 151 192
35 151 192
34 151 192
34 150 192
34 150 192
34 150 192
34 150 192
34 150 192
34 150 192
33 150 192
33 149 192
33 149 192
33 149 192
33 149 192
33 149 192
33 149 192
32 149 192
32 148 192
32 148 192
32 148 192
32 148 192
32 148 192
32 148 192
32 148 192
31 147 192
31 147 192
31 147 192
31 147 192
31 147 192
31 147 192
31 147 192
30 146 192
30 146 192
30 146 192
30 146 192
30 146 192
30 146 192
30 146 192
29 145 192
29 145 192
29 145 192
29 145 192
29 145 192
29 145 192
29 145 192
29 144 191
29 144 191
29 144 191
29 144 191
29 144 191
29 143 191
29 143 191
29 143 191
29 143 191
29 143 191
29 142 191
29 142 190
29 142 190
29 142 190
29 142 190
29 141 190
29 141 190
29 141 190
29 141 190
29 141 190
29 140 190
29 140 189
29 140 189
29 140 189
29 140 189
29 139 189
29 139 189
29 139 189
29 139 189
29 139 189
29 138 189
29 138 189
29 138 188
29 138 188
29 138 188
29 137 188
29 137 188
29 137 188
29 137 188
29 137 188
29 136 188
29 136 188
29 136 188
29 136 187
29 136 187
29 135 187
29 135 187
29 135 187
29 135 187
29 135 187
29 134 187
30 134 187
30 134 187
30 134 186
30 134 186
30 133 186
30 133 186
30 133 186
30 133 186
30 133 186
30 132 186
30 132 186
30 132 186
30 132 186
30 132 185
30 131 185
30 131 185
30 131 185
30 131 185
30 131 185
30 130 185
30 130 185
30 130 185
30 130 185
30 130 185
30 129 184
30 129 184
30 129 184
30 129 184
30 129 184
30 128 184
30 128 184
30 128 184
30 128 184
30 128 184
30 127 183
30 127 183
30 127 183
30 127 183
30 127 183
30 126 183
30 126 183
30 126 183
30 126 183
30 126 183
30 125 183
30 125 182
30 125 182
30 125 182
30 125 182
30 124 182
30 124 182
31 124 182
31 124 182
31 124 182
31 123 182
31 123 181
31 123 181
31 123 181
31 123 181
31 122 181
31 122 181
31 122 181
31 122 181
31 122 181
31 121 181
31 121 181
31 121 180
31 121 180
31 121 180
31 120 180
31 120 180
31 120 180
31 120 180
31 120 180
31 119 180
31 119 180
31 119 180
31 119 179
31 119 179
31 118 179
31 118 179
31 118 179
31 118 179
31 118 179
31 117 179
31 117 179
31 117 179
31 117 178
31 117 178
31 116 178
31 116 178
31 116 178
31 116 178
31 116 178
31 115 178
31 115 178
31 115 178
31 115 178
31 115 177
31 114 177
31 114 177
31 114 177
32 114 177
32 114 177
32 113 177
32 113 177
32 113 177
32 113 177
32 113 177
32 112 176
32 112 176
32 112 176
32 112 176
32 112 176
32 111 176
32 111 176
32 111 176
32 111 176
32 111 176
32 110 175
32 110 175
32 110 175
32 110 175
32 110 175
32 109 175
32 109 175
32 109 175
32 109 175
32 109 175
32 108 175
32 108 174
32 108 174
32 108 174
32 108 174
32 108 174
32 107 174
32 107 174
32 107 174
32 107 174
32 107 174
32 106 174
32 106 173
32 106 173
32 106 173
32 106 173
32 105 173
32 105 173
32 105 173
32 105 173
32 105 173
32 104 173
32 104 172
32 104 172
32 104 172
33 104 172
33 103 172
33 103 172
33 103 172
33 103 172
33 103 172
33 102 172
33 102 172
33 102 171
33 102 171
33 102 171
33 101 171
33 101 171
33 101 171
33 101 171
33 101 171
33 100 171
33 100 171
33 100 171
33 100 170
33 100 170
33 99 170
33 99 170
33 99 170
33 99 170
33 99 170
33 98 170
33 98 170
33 98 170
33 98 169
33 98 169
33 97 169
33 97 169
33 97 169
33 97 169
33 97 169
33 96 169
33 96 169
33 96 169
33 96 169
33 96 168
33 95 168
33 95 168
33 95 168
33 95 168
33 95 168
33 94 168
33 94 168
33 94 168
33 94 168
33 94 168
34 93 167
34 93 167
34 93 167
34 93 167
34 93 167
34 93 167
34 92 167
34 92 167
34 92 167
34 92 167
34 92 167
34 92 167
34 91 167
34 91 166
34 91 166
34 91 166
34 91 166
34 91 166
34 90 166
34 90 166
34 90 166
34 90 166
34 90 166
34 90 166
34 89 166
34 89 165
34 89 165
34 89 165
34 89 165
34 89 165
34 88 165
34 88 165
34 88 165
34 88 165
34 88 165
34 88 165
34 87 165
34 87 165
34 87 164
34 87 164
34 87 164
34 87 164
34 86 164
34 86 164
34 86 164
34 86 164
34 86 164
34 86 164
34 85 164
34 85 164
34 85 164
34 85 163
34 85 163
34 85 163
34 85 163
34 84 163
34 84 163
34 84 163
34 84 163
34 84 163
34 84 163
34 83 163
34 83 163
34 83 163
34 83 162
34 83 162
34 83 162
34 82 162
34 82 162
34 82 162
34 82 162
34 82 162
34 82 162
34 81 162
34 81 162
34 81 162
34 81 162
34 81 161
34 81 161
34 80 161
34 80 161
34 80 161
34 80 161
34 80 161
34 80 161
35 79 161
35 79 161
35 79 161
35 79 161
35 79 160
35 79 160
35 78 160
35 78 160
35 78 160
35 78 160
35 78 160
35 78 160
35 77 160
35 77 160
35 77 160
35 77 160
35 77 160
35 77 159
35 76 159
35 76 159
35 76 159
35 76 159
35 76 159
35 76 159
35 75 159
35 75 159
35 75 159
35 75 159
35 75 159
35 75 159
35 75 158
35 74 158
35 74 158
35 74 158
35 74 158
35 74 158
35 74 158
35 73 158
35 73 158
35 73 158
35 73 158
35 73 158
35 73 158
35 72 157
35 72 157
35 72 157
35 72 157
35 72 157
35 72 157
35 71 157
35 71 157
35 71 157
35 71 157
35 71 157
35 71 157
35 70 156
35 70 156
35 70 156
35 70 156
35 70 156
35 70 156
35 69 156
35 69 156
35 69 156
35 69 156
35 69 156
35 69 156
35 68 156
35 68 155
35 68 155
35 68 155
35 68 155
35 68 155
35 67 155
35 67 155
35 67 155
35 67 155
35 67 155
35 67 155
35 66 155
35 66 155
35 66 154
35 66 154
35 66 154
35 66 154
36 65 154
36 65 154
36 65 154
36 65 154
36 65 154
36 65 154
36 64 154
36 64 154
36 64 154
36 64 153
36 64 153
36 64 153
36 64 153
36 63 153
36 63 153
36 63 153
36 63 153
36 63 153
36 63 153
36 62 153
36 62 153
36 62 153
36 62 152
36 62 152
36 62 152
36 61 152
36 61 152
36 61 152
36 61 152
36 61 152
36 61 152
36 60 152
36 60 152
36 60 152
36 60 151
36 60 151
36 60 151
36 59 151
36 59 151
36 59 151
36 59 151
36 59 151
36 59 151
36 58 151
36 58 151
36 58 151
36 58 151
36 58 150
36 58 150
36 57 150
36 57 150
36 57 150
36 57 150
36 57 150
36 57 150
36 56 150
36 56 150
36 56 150
36 56 150
36 56 150
36 56 149
36 55 149
36 55 149
36 55 149
36 55 149
36 55 149
36 55 149
36 54 149
36 54 149
36 54 149
36 54 149
36 54 149
36 54 149
36 53 148
36 53 148
36 53 148
36 53 148
36 53 148
36 53 148
36 53 148
36 52 148
36 52 148
36 52 148
36 52 148
36 52 148
36 52 148
36 51 147
36 51 147
36 51 147
36 51 147
36 51 146
36 51 146
36 51 146
36 51 146
35 51 145
35 51 145
35 51 145
35 50 145
35 50 144
35 50 144
35 50 144
35 50 144
35 50 144
34 50 143
34 50 143
34 50 143
34 50 143
34 50 142
34 49 142
34 49 142
34 49 142
34 49 141
33 49 141
33 49 141
33 49 141
33 49 140
33 49 140
33 49 140
33 49 140
33 48 140
33 48 139
32 48 139
32 48 139
32 48 139
32 48 138
32 48 138
32 48 138
32 48 138
32 48 137
32 48 137
31 47 137
31 47 137
31 47 137
31 47 136
31 47 136
31 47 136
31 47 136
31 47 135
31 47 135
30 47 135
30 47 135
30 46 134
30 46 134
30 46 134
30 46 134
30 46 133
30 46 133
29 46 133
29 46 133
29 46 133
29 46 132
29 46 132
29 45 132
29 45 132
29 45 131
29 45 131
28 45 131
28 45 131
28 45 130
28 45 130
28 45 130
28 45 130
28 45 129
28 44 129
28 44 129
27 44 129
27 44 129
27 44 128
27 44 128
27 44 128
27 44 128
27 44 127
27 44 127
27 44 127
26 44 127
26 43 126
26 43 126
26 43 126
26 43 126
26 43 125
26 43 125
26 43 125
26 43 125
25 43 125
25 43 124
25 43 124
25 42 124
25 42 124
25 42 123
25 42 123
25 42 123
25 42 123
24 42 122
24 42 122
24 42 122
24 42 122
24 42 122
24 41 121
24 41 121
24 41 121
23 41 121
23 41 120
23 41 120
23 41 120
23 41 120
23 41 119
23 41 119
23 41 119
23 40 119
22 40 118
22 40 118
22 40 118
22 40 118
22 40 118
22 40 117
22 40 117
22 40 117
22 40 117
21 40 116
21 39 116
21 39 116
21 39 116
21 39 115
21 39 115
21 39 115
21 39 115
21 39 114
20 39 114
20 39 114
20 39 114
20 38 114
20 38 113
20 38 113
20 38 113
20 38 113
20 38 112
19 38 112
19 38 112
19 38 112
19 38 111
19 38 111
19 37 111
19 37 111
19 37 110
18 37 110
18 37 110
18 37 110
18 37 110
18 37 109
18 37 109
18 37 109
18 37 109
18 36 108
17 36 108
17 36 108
17 36 108
17 36 107
17 36 107
17 36 107
17 36 107
17 36 106
17 36 106
16 36 106
16 36 106
16 35 106
16 35 105
16 35 105
16 35 105
16 35 105
16 35 104
16 35 104
15 35 104
15 35 104
15 35 103
15 35 103
15 34 103
15 34 103
15 34 103
15 34 102
15 34 102
14 34 102
14 34 102
14 34 101
14 34 101
14 34 101
14 34 101
14 33 100
14 33 100
14 33 100
13 33 100
13 33 99
13 33 99
13 33 99
13 33 99
13 33 99
13 33 98
13 33 98
12 32 98
12 32 98
12 32 97
12 32 97
12 32 97
12 32 97
12 32 96
12 32 96
12 32 96
11 32 96
11 32 95
11 31 95
11 31 95
11 31 95
11 31 95
11 31 94
11 31 94
11 31 94
10 31 94
10 31 93
10 31 93
10 31 93
10 30 93
10 30 92
10 30 92
10 30 92
10 30 92
9 30 91
9 30 91
9 30 91
9 30 91
9 30 91
9 30 90
9 29 90
9 29 90
9 29 90
8 29 89
8 29 89
8 29 89
8 29 89
8 29 88
8 29 88
8 29 88
8 29 88
8 29 88
