255 229 183
255 229 183
255 229 183
255 229 183
255 229 182
255 229 182
255 229 182
255 229 182
255 228 182
255 228 182
255 228 182
255 228 181
255 228 181
255 228 181
255 228 181
255 228 181
255 228 181
255 228 180
255 228 180
255 228 180
255 228 180
255 228 180
255 228 180
255 228 180
255 227 179
255 227 179
255 227 179
255 227 179
255 227 179
255 227 179
255 227 178
255 227 178
255 227 178
255 227 178
255 227 178
255 227 178
255 227 178
255 227 177
255 227 177
255 227 177
255 226 177
255 226 177
255 226 177
255 226 176
255 226 176
255 226 176
255 226 176
255 226 176
255 226 176
255 226 176
255 226 175
255 226 175
255 226 175
255 226 175
255 226 175
255 226 175
255 225 174
255 225 174
255 225 174
255 225 174
255 225 174
255 225 174
255 225 174
255 225 173
255 225 173
255 225 173
255 225 173
255 225 173
255 225 173
255 225 172
255 225 172
255 225 172
255 224 172
255 224 172
255 224 172
255 224 171
255 224 171
255 224 171
255 224 171
255 224 171
255 224 171
255 224 171
255 224 170
255 224 170
255 224 170
255 224 170
255 224 170
255 223 170
255 223 169
255 223 169
255 223 169
255 223 169
255 223 169
255 223 169
255 223 169
255 223 168
255 223 168
255 223 168
255 223 168
255 223 168
255 223 168
255 223 167
255 223 167
255 222 167
255 222 167
255 222 167
255 222 167
255 222 167
255 222 166
255 222 166
255 222 166
255 222 166
255 222 166
255 222 166
255 222 165
255 222 165
255 222 165
255 222 165
255 222 165
255 221 165
255 221 165
255 221 164
255 221 164
255 221 164
255 221 164
255 221 164
255 221 164
255 221 163
255 221 163
255 221 163
255 221 163
255 221 163
255 221 163
255 221 163
255 221 162
255 220 162
255 220 162
255 220 162
255 220 162
255 220 162
255 220 161
255 220 161
255 220 161
255 220 161
255 220 161
255 220 161
255 220 161
255 220 160
255 220 160
255 220 160
255 220 160
255 219 160
255 219 160
255 219 159
255 219 159
255 219 159
255 219 159
255 219 159
255 219 159
255 219 158
255 219 158
255 219 158
255 219 158
255 219 158
255 219 158
255 219 158
255 218 157
255 218 157
255 218 157
255 218 157
255 218 157
255 218 157
255 218 156
255 218 156
255 218 156
255 218 156
255 218 156
255 218 156
255 218 156
255 218 155
255 218 155
255 218 155
255 217 155
255 217 155
255 217 155
255 217 154
255 217 154
255 217 154
255 217 154
255 217 154
255 217 154
255 217 154
255 217 153
255 217 153
255 217 153
255 217 153
255 217 153
255 217 153
255 216 152
255 216 152
255 216 152
255 216 152
255 216 152
255 216 152
255 216 152
255 216 151
255 216 151
255 216 151
255 216 151
255 216 151
255 216 151
255 216 150
255 216 150
255 216 150
255 215 150
255 215 150
255 215 150
255 215 150
255 215 149
255 215 149
255 215 149
255 215 149
255 215 149
255 215 149
255 215 148
255 215 148
255 215 148
255 215 148
255 215 148
255 215 148
255 214 148
255 214 147
255 214 147
255 214 147
255 214 147
255 214 147
255 214 147
255 214 146
255 214 146
255 214 146
255 214 146
255 214 146
255 214 146
255 214 145
255 214 145
255 213 145
255 213 145
255 213 145
255 213 145
255 213 145
255 213 144
255 213 144
255 213 144
255 213 144
255 213 144
255 213 144
254 213 143
254 213 143
254 213 143
254 213 143
254 213 143
254 212 143
254 212 143
254 212 142
254 212 142
254 212 142
254 212 142
254 212 142
254 212 142
254 212 142
254 212 141
254 212 141
254 212 141
254 212 141
254 212 141
254 211 141
254 211 141
254 211 140
254 211 140
254 211 140
254 211 140
254 211 140
254 211 140
254 211 139
254 211 139
254 211 139
254 211 139
254 211 139
254 211 139
254 210 139
254 210 138
254 210 138
254 210 138
254 210 138
254 210 138
254 210 138
254 210 138
254 210 137
254 210 137
254 210 137
254 210 137
254 210 137
254 210 137
254 209 137
254 209 136
254 209 136
254 209 136
254 209 136
254 209 136
254 209 136
254 209 136
254 209 135
254 209 135
254 209 135
254 209 135
254 209 135
254 209 135
254 209 134
254 208 134
254 208 134
254 208 134
254 208 134
254 208 134
254 208 134
254 208 133
254 208 133
254 208 133
254 208 133
254 208 133
254 208 133
254 208 133
254 208 132
254 207 132
254 207 132
254 207 132
254 207 132
254 207 132
254 207 132
254 207 131
254 207 131
254 207 131
254 207 131
254 207 131
254 207 131
254 207 130
254 207 130
254 206 130
254 206 130
254 206 130
254 206 130
254 206 130
254 206 129
254 206 129
254 206 129
254 206 129
254 206 129
254 206 129
254 206 129
254 206 128
254 206 128
254 205 128
254 205 128
254 205 128
254 205 128
254 205 128
254 205 127
254 205 127
254 205 127
254 205 127
254 205 127
254 205 127
254 205 126
254 205 126
254 205 126
254 204 126
254 204 126
254 204 126
254 204 126
254 204 125
254 204 125
254 204 125
254 204 125
254 204 125
254 204 125
254 204 125
254 204 124
254 204 124
254 204 124
254 204 124
254 203 124
254 203 124
254 203 124
254 203 123
254 203 123
254 203 123
254 203 123
254 203 123
254 203 123
254 203 123
254 203 122
254 203 122
254 203 122
254 203 122
254 202 122
254 202 122
254 202 121
254 202 121
254 202 121
254 202 121
254 202 121
254 202 121
254 202 121
254 202 120
254 202 120
254 202 120
254 202 120
254 202 120
254 201 120
254 201 120
254 201 119
254 201 119
254 201 119
254 201 119
254 201 119
254 201 119
254 201 119
254 201 118
254 201 118
254 201 118
254 201 118
254 201 118
254 200 118
254 200 117
254 200 117
254 200 117
254 200 117
254 200 117
254 200 117
254 200 117
254 200 116
254 200 116
254 200 116
254 200 116
254 200 116
254 200 116
254 199 116
254 199 115
254 199 115
254 199 115
254 199 115
254 199 115
254 199 115
254 199 115
254 199 114
254 199 114
254 199 114
254 199 114
254 199 114
254 199 114
254 199 113
254 198 113
254 198 113
254 198 113
254 198 113
254 198 113
254 198 113
254 198 112
254 198 112
254 198 112
254 198 112
254 198 112
254 198 112
254 198 112
254 198 111
254 197 111
254 197 111
254 197 111
254 197 111
254 197 111
254 197 111
254 197 110
254 197 110
254 197 110
254 197 110
254 197 110
254 197 110
254 197 110
254 197 109
254 196 109
254 196 109
254 196 109
254 196 109
254 196 109
254 196 108
254 196 108
254 196 108
254 196 108
254 196 108
254 196 108
254 196 108
254 196 107
254 196 107
254 195 107
254 195 107
254 195 107
254 195 107
254 195 107
254 195 106
254 195 106
254 195 106
254 195 106
254 195 106
254 195 106
254 195 106
254 194 105
254 194 105
254 194 105
254 194 105
254 194 105
254 194 105
254 194 104
254 194 104
254 193 104
254 193 104
254 193 104
254 193 104
254 193 104
254 193 103
254 193 103
254 192 103
254 192 103
254 192 103
254 192 103
254 192 103
254 192 102
254 192 102
254 191 102
254 191 102
254 191 102
254 191 102
254 191 102
254 191 101
254 191 101
254 191 101
254 190 101
254 190 101
254 190 101
254 190 100
254 190 100
254 190 100
254 190 100
254 189 100
254 189 100
254 189 100
254 189 99
254 189 99
254 189 99
254 189 99
254 188 99
254 188 99
254 188 99
254 188 98
254 188 98
254 188 98
254 188 98
254 187 98
254 187 98
254 187 98
254 187 97
254 187 97
254 187 97
254 187 97
254 187 97
254 186 97
254 186 97
254 186 96
254 186 96
254 186 96
254 186 96
254 186 96
254 185 96
254 185 95
254 185 95
254 185 95
254 185 95
254 185 95
254 185 95
254 184 95
254 184 94
254 184 94
254 184 94
254 184 94
254 184 94
254 184 94
254 184 94
254 183 93
254 183 93
254 183 93
254 183 93
254 183 93
254 183 93
254 183 93
254 182 92
254 182 92
254 182 92
254 182 92
254 182 92
254 182 92
254 182 91
254 181 91
254 181 91
254 181 91
254 181 91
254 181 91
254 181 91
254 181 90
254 180 90
254 180 90
254 180 90
254 180 90
254 180 90
254 180 90
254 180 89
254 180 89
254 179 89
254 179 89
254 179 89
254 179 89
254 179 89
254 179 88
254 179 88
254 178 88
254 178 88
254 178 88
254 178 88
254 178 87
254 178 87
254 178 87
254 177 87
254 177 87
254 177 87
254 177 87
254 177 86
254 177 86
254 177 86
254 177 86
254 176 86
254 176 86
254 176 86
254 176 85
254 176 85
254 176 85
254 176 85
254 175 85
254 175 85
254 175 85
254 175 84
254 175 84
254 175 84
254 175 84
254 174 84
254 174 84
254 174 84
254 174 83
254 174 83
254 174 83
254 174 83
254 174 83
254 173 83
254 173 82
254 173 82
254 173 82
254 173 82
254 173 82
254 173 82
254 172 82
254 172 81
254 172 81
254 172 81
254 172 81
254 172 81
254 172 81
254 171 81
254 171 80
254 171 80
254 171 80
254 171 80
254 171 80
254 171 80
254 170 80
254 170 79
254 170 79
254 170 79
254 170 79
254 170 79
254 170 79
254 170 78
254 169 78
254 169 78
254 169 78
254 169 78
254 169 78
254 169 78
254 169 77
254 168 77
254 168 77
254 168 77
254 168 77
254 168 77
254 168 77
254 168 76
254 167 76
254 167 76
254 167 76
254 167 76
254 167 76
254 167 76
254 167 75
254 167 75
254 166 75
254 166 75
254 166 75
254 166 75
254 166 74
254 166 74
254 166 74
254 165 74
254 165 74
254 165 74
254 165 74
254 165 73
254 165 73
254 165 73
254 164 73
254 164 73
254 164 73
254 164 73
254 164 72
254 164 72
254 164 72
254 163 72
254 163 72
254 163 72
254 163 72
254 163 71
254 163 71
254 163 71
254 163 71
254 162 71
254 162 71
254 162 71
254 162 70
254 162 70
254 162 70
254 162 70
254 161 70
254 161 70
254 161 69
254 161 69
254 161 69
254 161 69
254 161 69
254 160 69
254 160 69
254 160 68
254 160 68
254 160 68
254 160 68
253 160 68
253 160 68
253 159 68
253 159 68
253 159 68
253 159 68
253 159 68
253 159 67
253 159 67
253 158 67
253 158 67
253 158 67
253 158 67
253 158 67
253 158 67
253 158 67
253 158 67
253 157 67
253 157 67
253 157 67
253 157 67
253 157 67
253 157 67
253 157 67
253 157 67
253 156 66
253 156 66
253 156 66
253 156 66
253 156 66
253 156 66
253 156 66
253 155 66
253 155 66
253 155 66
253 155 66
253 155 66
253 155 66
253 155 66
253 155 66
253 154 66
253 154 66
253 154 66
253 154 65
253 154 65
253 154 65
253 154 65
253 154 65
253 153 65
253 153 65
253 153 65
253 153 65
253 153 65
253 153 65
253 153 65
253 152 65
253 152 65
253 152 65
253 152 65
253 152 65
253 152 65
253 152 64
253 152 64
253 151 64
253 151 64
253 151 64
253 151 64
253 151 64
253 151 64
253 151 64
253 151 64
253 150 64
253 150 64
253 150 64
253 150 64
253 150 64
253 150 64
253 150 64
253 150 63
253 149 63
253 149 63
253 149 63
253 149 63
253 149 63
253 149 63
253 149 63
253 148 63
253 148 63
253 148 63
253 148 63
253 148 63
253 148 63
253 148 63
253 148 63
253 147 63
253 147 63
253 147 62
253 147 62
253 147 62
253 147 62
253 147 62
253 147 62
253 146 62
253 146 62
253 146 62
253 146 62
253 146 62
253 146 62
253 146 62
253 145 62
253 145 62
253 145 62
253 145 62
253 145 62
253 145 61
253 145 61
253 145 61
253 144 61
253 144 61
253 144 61
253 144 61
253 144 61
253 144 61
253 144 61
253 144 61
253 143 61
253 143 61
253 143 61
253 143 61
253 143 61
253 143 61
253 143 61
253 142 60
253 142 60
253 142 60
253 142 60
253 142 60
253 142 60
253 142 60
253 142 60
253 141 60
253 141 60
253 141 60
253 141 60
253 141 60
253 141 60
253 141 60
253 141 60
253 140 60
253 140 59
253 140 59
253 140 59
253 140 59
253 140 59
253 140 59
253 139 59
253 139 59
253 139 59
253 139 59
253 139 59
253 139 59
253 139 59
253 139 59
253 138 59
253 138 59
253 138 59
253 138 59
253 138 58
253 138 58
253 138 58
253 138 58
253 137 58
253 137 58
253 137 58
253 137 58
253 137 58
253 137 58
253 137 58
253 136 58
253 136 58
253 136 58
253 136 58
253 136 58
253 136 58
253 136 58
253 136 57
253 135 57
253 135 57
253 135 57
253 135 57
253 135 57
253 135 57
253 135 57
253 135 57
253 134 57
253 134 57
253 134 57
253 134 57
253 134 57
253 134 57
253 134 57
253 133 57
253 133 57
253 133 56
253 133 56
253 133 56
253 133 56
253 133 56
253 133 56
253 132 56
253 132 56
253 132 56
253 132 56
253 132 56
253 132 56
253 132 56
253 132 56
253 131 56
253 131 56
253 131 56
253 131 55
253 131 55
253 131 55
253 131 55
253 130 55
253 130 55
253 130 55
253 130 55
253 130 55
253 130 55
253 130 55
253 130 55
253 129 55
253 129 55
253 129 55
253 129 55
253 129 55
253 129 55
253 129 54
253 129 54
253 128 54
253 128 54
253 128 54
253 128 54
253 128 54
253 128 54
253 128 54
253 128 54
253 127 54
253 127 54
253 127 54
253 127 54
253 127 54
253 127 54
253 127 54
253 126 54
252 126 53
252 126 53
252 126 53
252 126 53
252 125 53
252 125 53
252 125 53
252 125 53
252 125 53
252 124 53
252 124 53
252 124 53
252 124 53
252 123 53
252 123 53
252 123 53
252 123 52
252 123 52
252 122 52
252 122 52
252 122 52
252 122 52
252 121 52
252 121 52
252 121 52
252 121 52
252 121 52
252 120 52
252 120 52
252 120 52
252 120 52
252 119 52
252 119 51
252 119 51
252 119 51
252 119 51
252 118 51
252 118 51
252 118 51
252 118 51
252 117 51
252 117 51
252 117 51
252 117 51
252 117 51
252 116 51
252 116 51
252 116 50
252 116 50
252 115 50
252 115 50
252 115 50
252 115 50
252 115 50
252 114 50
252 114 50
252 114 50
252 114 50
252 113 50
252 113 50
252 113 50
252 113 50
252 113 50
252 112 49
252 112 49
252 112 49
252 112 49
252 111 49
252 111 49
252 111 49
252 111 49
252 111 49
252 110 49
252 110 49
252 110 49
252 110 49
252 109 49
252 109 49
252 109 49
252 109 48
252 109 48
252 108 48
252 108 48
252 108 48
252 108 48
252 107 48
252 107 48
252 107 48
252 107 48
252 107 48
252 106 48
252 106 48
252 106 48
252 106 48
252 105 48
252 105 47
252 105 47
252 105 47
252 105 47
252 104 47
252 104 47
252 104 47
252 104 47
252 103 47
252 103 47
252 103 47
252 103 47
252 103 47
252 102 47
252 102 47
252 102 47
252 102 46
252 101 46
252 101 46
252 101 46
252 101 46
252 101 46
252 100 46
252 100 46
252 100 46
252 100 46
252 99 46
252 99 46
252 99 46
252 99 46
252 99 46
252 98 45
252 98 45
252 98 45
252 98 45
252 97 45
252 97 45
252 97 45
252 97 45
252 97 45
252 96 45
252 96 45
252 96 45
252 96 45
252 95 45
252 95 45
252 95 45
252 95 44
252 95 44
252 94 44
252 94 44
252 94 44
252 94 44
252 93 44
252 93 44
252 93 44
252 93 44
252 93 44
252 92 44
252 92 44
252 92 44
252 92 44
252 91 44
252 91 43
252 91 43
252 91 43
252 91 43
252 90 43
252 90 43
252 90 43
252 90 43
252 90 43
252 89 43
252 89 43
252 89 43
252 89 43
252 88 43
252 88 43
252 88 43
252 88 42
252 88 42
252 87 42
252 87 42
252 87 42
252 87 42
252 86 42
252 86 42
252 86 42
252 86 42
252 86 42
252 85 42
252 85 42
252 85 42
252 85 42
252 84 42
252 84 41
252 84 41
252 84 41
252 84 41
252 83 41
252 83 41
252 83 41
252 83 41
252 82 41
252 82 41
252 82 41
252 82 41
252 82 41
252 81 41
252 81 41
252 81 40
252 81 40
252 80 40
252 80 40
252 80 40
252 80 40
252 80 40
252 79 40
252 79 40
252 79 40
252 79 40
252 78 40
252 78 40
252 78 40
252 78 40
252 78 40
252 77 39
252 77 39
252 77 39
252 77 39
252 76 39
252 76 39
252 76 39
252 76 39
252 76 39
252 75 39
252 75 39
252 75 39
252 75 39
252 74 39
252 74 39
252 74 39
252 74 38
252 74 38
252 73 38
252 73 38
252 73 38
252 73 38
252 72 38
252 72 38
252 72 38
252 72 38
252 72 38
252 71 38
252 71 38
252 71 38
252 71 38
252 70 38
252 70 37
252 70 37
252 70 37
251 70 37
251 69 37
251 69 37
251 69 37
251 69 37
251 69 37
251 68 37
251 68 37
251 68 37
251 68 37
250 68 37
250 68 37
250 67 37
250 67 37
250 67 37
250 67 37
250 67 36
250 66 36
250 66 36
250 66 36
249 66 36
249 66 36
249 66 36
249 65 36
249 65 36
249 65 36
249 65 36
249 65 36
249 64 36
249 64 36
249 64 36
248 64 36
248 64 36
248 64 36
248 63 36
248 63 36
248 63 35
248 63 35
248 63 35
248 62 35
248 62 35
247 62 35
247 62 35
247 62 35
247 62 35
247 61 35
247 61 35
247 61 35
247 61 35
247 61 35
247 60 35
246 60 35
246 60 35
246 60 35
246 60 35
246 60 35
246 59 35
246 59 34
246 59 34
246 59 34
246 59 34
245 58 34
245 58 34
245 58 34
245 58 34
245 58 34
245 58 34
245 57 34
245 57 34
245 57 34
245 57 34
245 57 34
244 56 34
244 56 34
244 56 34
244 56 34
244 56 34
244 56 33
244 55 33
244 55 33
244 55 33
244 55 33
243 55 33
243 54 33
243 54 33
243 54 33
243 54 33
243 54 33
243 53 33
243 53 33
243 53 33
243 53 33
242 53 33
242 53 33
242 52 33
242 52 33
242 52 33
242 52 32
242 52 32
242 51 32
242 51 32
242 51 32
241 51 32
241 51 32
241 51 32
241 50 32
241 50 32
241 50 32
241 50 32
241 50 32
241 49 32
241 49 32
240 49 32
240 49 32
240 49 32
240 49 32
240 48 32
240 48 32
240 48 31
240 48 31
240 48 31
240 47 31
240 47 31
239 47 31
239 47 31
239 47 31
239 47 31
239 46 31
239 46 31
239 46 31
239 46 31
239 46 31
239 45 31
238 45 31
238 45 31
238 45 31
238 45 31
238 45 31
238 44 30
238 44 30
238 44 30
238 44 30
238 44 30
237 43 30
237 43 30
237 43 30
237 43 30
237 43 30
237 43 30
237 42 30
237 42 30
237 42 30
237 42 30
236 42 30
236 41 30
236 41 30
236 41 30
236 41 30
236 41 29
236 41 29
236 40 29
236 40 29
236 40 29
236 40 29
235 40 29
235 39 29
235 39 29
235 39 29
235 39 29
235 39 29
235 38 29
235 38 29
235 38 29
235 38 29
234 38 29
234 38 29
234 37 29
234 37 29
234 37 29
234 37 28
234 37 28
234 36 28
234 36 28
234 36 28
233 36 28
233 36 28
233 36 28
233 35 28
233 35 28
233 35 28
233 35 28
233 35 28
233 34 28
233 34 28
232 34 28
232 34 28
232 34 28
232 34 28
232 33 28
232 33 27
232 33 27
232 33 27
232 33 27
232 32 27
232 32 27
231 32 27
231 32 27
231 32 27
231 32 27
231 31 27
231 31 27
231 31 27
231 31 27
231 31 27
231 30 27
230 30 27
230 30 27
230 30 27
230 30 27
230 30 26
230 29 26
230 29 26
230 29 26
230 29 26
230 29 26
229 28 26
229 28 26
229 28 26
229 28 26
229 28 26
229 28 26
229 27 26
229 27 26
229 27 26
229 27 26
228 27 26
228 26 26
228 26 26
228 26 26
228 26 26
228 26 25
228 26 25
228 25 25
228 25 25
228 25 25
228 25 25
227 25 25
227 24 25
227 24 25
227 24 25
227 24 25
227 24 25
227 23 25
227 23 25
227 23 25
227 23 25
226 23 25
226 23 25
226 23 25
226 23 25
226 22 25
226 22 25
225 22 25
225 22 25
225 22 25
225 22 25
225 22 25
225 22 25
225 22 25
224 22 25
224 22 25
224 21 25
224 21 25
224 21 25
224 21 25
224 21 25
223 21 25
223 21 25
223 21 26
223 21 26
223 21 26
223 21 26
223 20 26
222 20 26
222 20 26
222 20 26
222 20 26
222 20 26
222 20 26
221 20 26
221 20 26
221 20 26
221 20 26
221 19 26
221 19 26
221 19 26
220 19 26
220 19 26
220 19 26
220 19 26
220 19 26
220 19 26
220 19 26
219 19 26
219 18 26
219 18 26
219 18 26
219 18 27
219 18 27
219 18 27
218 18 27
218 18 27
218 18 27
218 18 27
218 18 27
218 17 27
217 17 27
217 17 27
217 17 27
217 17 27
217 17 27
217 17 27
217 17 27
216 17 27
216 17 27
216 17 27
216 16 27
216 16 27
216 16 27
216 16 27
215 16 27
215 16 27
215 16 27
215 16 27
215 16 27
215 16 28
215 16 28
214 15 28
214 15 28
214 15 28
214 15 28
214 15 28
214 15 28
213 15 28
213 15 28
213 15 28
213 15 28
213 15 28
213 14 28
213 14 28
212 14 28
212 14 28
212 14 28
212 14 28
212 14 28
212 14 28
212 14 28
211 14 28
211 14 28
211 13 28
211 13 28
211 13 28
211 13 28
210 13 28
210 13 29
210 13 29
210 13 29
210 13 29
210 13 29
210 12 29
209 12 29
209 12 29
209 12 29
209 12 29
209 12 29
209 12 29
209 12 29
208 12 29
208 12 29
208 12 29
208 11 29
208 11 29
208 11 29
208 11 29
207 11 29
207 11 29
207 11 29
207 11 29
207 11 29
207 11 29
206 11 29
206 10 29
206 10 30
206 10 30
206 10 30
206 10 30
206 10 30
205 10 30
205 10 30
205 10 30
205 10 30
205 10 30
205 9 30
205 9 30
204 9 30
204 9 30
204 9 30
204 9 30
204 9 30
204 9 30
204 9 30
203 9 30
203 9 30
203 8 30
203 8 30
203 8 30
203 8 30
202 8 30
202 8 30
202 8 30
202 8 30
202 8 31
202 8 31
202 8 31
201 7 31
201 7 31
201 7 31
201 7 31
201 7 31
201 7 31
201 7 31
200 7 31
200 7 31
200 7 31
200 7 31
200 6 31
200 6 31
200 6 31
199 6 31
199 6 31
199 6 31
199 6 31
199 6 31
199 6 31
198 6 31
198 6 31
198 5 31
198 5 31
198 5 31
198 5 32
198 5 32
197 5 32
197 5 32
197 5 32
197 5 32
197 5 32
197 5 32
197 4 32
196 4 32
196 4 32
196 4 32
196 4 32
196 4 32
196 4 32
195 4 32
195 4 32
195 4 32
195 4 32
195 3 32
195 3 32
195 3 32
194 3 32
194 3 32
194 3 32
194 3 32
194 3 32
194 3 32
194 3 32
193 3 33
193 2 33
193 2 33
193 2 33
193 2 33
193 2 33
193 2 33
192 2 33
192 2 33
192 2 33
192 2 33
192 2 33
192 1 33
191 1 33
191 1 33
191 1 33
191 1 33
191 1 33
191 1 33
191 1 33
190 1 33
190 1 33
190 1 33
190 0 33
190 0 33
190 0 33
190 0 33
189 0 33
189 0 34
189 0 34
189 0 34
189 0 34
189 0 34
189 0 34
188 0 34
188 0 34
188 0 34
188 0 34
187 0 34
187 0 34
187 0 34
187 0 34
186 0 34
186 0 34
186 0 34
186 0 34
185 0 34
185 0 34
185 0 34
185 0 34
184 0 34
184 0 34
184 0 34
184 0 34
184 0 34
183 0 34
183 0 34
183 0 34
183 0 34
182 0 34
182 0 34
182 0 34
182 0 34
181 0 34
181 0 34
181 0 34
181 0 34
180 0 34
180 0 34
180 0 34
180 0 34
179 0 34
179 0 34
179 0 34
179 0 34
179 0 34
178 0 34
178 0 34
178 0 34
178 0 34
177 0 34
177 0 34
177 0 34
177 0 34
176 0 34
176 0 34
176 0 34
176 0 34
175 0 34
175 0 34
175 0 34
175 0 34
174 0 34
174 0 34
174 0 34
174 0 34
174 0 34
173 0 34
173 0 34
173 0 34
173 0 34
172 0 34
172 0 34
172 0 34
172 0 34
171 0 34
171 0 34
171 0 34
171 0 34
170 0 34
170 0 34
170 0 34
170 0 34
169 0 34
169 0 34
169 0 34
169 0 34
169 0 34
168 0 34
168 0 34
168 0 34
168 0 34
167 0 34
167 0 34
167 0 34
167 0 34
166 0 34
166 0 34
166 0 34
166 0 34
165 0 34
165 0 34
165 0 34
165 0 34
164 0 34
164 0 34
164 0 34
164 0 34
163 0 34
163 0 34
163 0 34
163 0 34
163 0 34
162 0 34
162 0 34
162 0 34
162 0 34
161 0 34
161 0 34
161 0 34
161 0 34
160 0 34
160 0 34
160 0 34
160 0 34
159 0 34
159 0 34
159 0 34
159 0 34
158 0 34
158 0 34
158 0 34
158 0 34
158 0 34
157 0 34
157 0 34
157 0 34
157 0 34
156 0 34
156 0 34
156 0 34
156 0 34
155 0 34
155 0 34
155 0 34
155 0 34
154 0 34
154 0 34
154 0 34
154 0 34
153 0 34
153 0 34
153 0 34
153 0 34
153 0 34
152 0 34
152 0 34
152 0 34
152 0 34
151 0 34
151 0 34
151 0 34
151 0 34
150 0 34
150 0 34
150 0 34
150 0 34
149 0 34
149 0 34
149 0 34
149 0 34
148 0 34
148 0 34
148 0 34
148 0 34
148 0 34
147 0 34
147 0 34
147 0 34
147 0 34
146 0 34
146 0 34
146 0 34
146 0 34
145 0 34
145 0 34
145 0 34
145 0 34
144 0 34
144 0 34
144 0 34
144 0 34
143 0 34
143 0 34
143 0 34
143 0 34
143 0 34
142 0 34
142 0 34
142 0 34
142 0 34
141 0 34
141 0 34
141 0 34
141 0 34
140 0 34
140 0 34
140 0 34
140 0 34
139 0 34
139 0 34
139 0 34
139 0 34
138 0 34
138 0 34
138 0 34
138 0 34
138 0 34
137 0 34
137 0 34
137 0 34
137 0 34
136 0 34
136 0 34
136 0 34
136 0 34
135 0 34
135 0 34
135 0 34
135 0 34
134 0 34
134 0 34
134 0 34
134 0 34
133 0 34
133 0 34
133 0 34
133 0 34
133 0 34
132 0 34
132 0 34
132 0 34
132 0 34
131 0 34
131 0 34
131 0 34
131 0 34
130 0 34
130 0 34
130 0 34
130 0 34
129 0 34
129 0 34
129 0 34
129 0 34
128 0 34
128 0 34
128 0 34
128 0 34
128 0 34
