255 255 229
255 254 228
255 254 228
255 254 228
255 254 228
255 254 228
255 254 228
255 254 227
255 254 227
255 254 227
255 254 227
255 254 227
255 254 227
255 254 226
255 254 226
255 254 226
255 254 226
255 254 226
255 254 226
255 254 225
255 254 225
255 254 225
255 254 225
255 254 225
255 254 225
255 254 224
255 254 224
255 254 224
255 254 224
255 254 224
255 254 224
255 254 224
255 253 223
255 253 223
255 253 223
255 253 223
255 253 223
255 253 223
255 253 222
255 253 222
255 253 222
255 253 222
255 253 222
255 253 222
255 253 221
255 253 221
255 253 221
255 253 221
255 253 221
255 253 221
255 253 220
255 253 220
255 253 220
255 253 220
255 253 220
255 253 220
255 253 220
255 253 219
255 253 219
255 253 219
255 253 219
255 253 219
255 253 219
255 253 218
255 252 218
255 252 218
255 252 218
255 252 218
255 252 218
255 252 217
255 252 217
255 252 217
255 252 217
255 252 217
255 252 217
255 252 216
255 252 216
255 252 216
255 252 216
255 252 216
255 252 216
255 252 216
255 252 215
255 252 215
255 252 215
255 252 215
255 252 215
255 252 215
255 252 214
255 252 214
255 252 214
255 252 214
255 252 214
255 252 214
255 252 213
255 252 213
255 251 213
255 251 213
255 251 213
255 251 213
255 251 212
255 251 212
255 251 212
255 251 212
255 251 212
255 251 212
255 251 212
255 251 211
255 251 211
255 251 211
255 251 211
255 251 211
255 251 211
255 251 210
255 251 210
255 251 210
255 251 210
255 251 210
255 251 210
255 251 209
255 251 209
255 251 209
255 251 209
255 251 209
255 251 209
255 251 208
255 251 208
255 251 208
255 250 208
255 250 208
255 250 208
255 250 208
255 250 207
255 250 207
255 250 207
255 250 207
255 250 207
255 250 207
255 250 206
255 250 206
255 250 206
255 250 206
255 250 206
255 250 206
255 250 205
255 250 205
255 250 205
255 250 205
255 250 205
255 250 205
255 250 204
255 250 204
255 250 204
255 250 204
255 250 204
255 250 204
255 250 204
255 250 203
255 250 203
255 250 203
255 249 203
255 249 203
255 249 203
255 249 202
255 249 202
255 249 202
255 249 202
255 249 202
255 249 202
255 249 201
255 249 201
255 249 201
255 249 201
255 249 201
255 249 201
255 249 200
255 249 200
255 249 200
255 249 200
255 249 200
255 249 200
255 249 199
255 249 199
255 249 199
255 249 199
255 249 199
255 249 199
255 249 199
255 249 198
255 249 198
255 249 198
255 249 198
255 248 198
255 248 198
255 248 197
255 248 197
255 248 197
255 248 197
255 248 197
255 248 197
255 248 196
255 248 196
255 248 196
255 248 196
255 248 196
255 248 196
255 248 195
255 248 195
255 248 195
255 248 195
255 248 195
255 248 195
255 248 195
255 248 194
255 248 194
255 248 194
255 248 194
255 248 194
255 248 194
255 248 193
255 248 193
255 248 193
255 248 193
255 248 193
255 247 193
255 247 192
255 247 192
255 247 192
255 247 192
255 247 192
255 247 192
255 247 191
255 247 191
255 247 191
255 247 191
255 247 191
255 247 191
255 247 191
255 247 190
255 247 190
255 247 190
255 247 190
255 247 190
255 247 190
255 247 189
255 247 189
255 247 189
255 247 189
255 247 189
255 247 189
255 247 188
255 247 188
255 247 188
255 247 188
255 247 188
255 247 188
254 246 187
254 246 187
254 246 187
254 246 187
254 246 187
254 246 187
254 246 186
254 246 186
254 246 186
254 246 186
254 246 186
254 246 186
254 246 185
254 245 185
254 245 185
254 245 185
254 245 185
254 245 185
254 245 184
254 245 184
254 245 184
254 245 184
254 245 184
254 245 184
254 245 183
254 245 183
254 244 183
254 244 183
254 244 183
254 244 183
254 244 182
254 244 182
254 244 182
254 244 182
254 244 182
254 244 182
254 244 181
254 244 181
254 244 181
254 243 181
254 243 181
254 243 181
254 243 180
254 243 180
254 243 180
254 243 180
254 243 180
254 243 180
254 243 179
254 243 179
254 243 179
254 243 179
254 242 179
254 242 179
254 242 178
254 242 178
254 242 178
254 242 178
254 242 178
254 242 178
254 242 177
254 242 177
254 242 177
254 242 177
254 241 177
254 241 177
254 241 176
254 241 176
254 241 176
254 241 176
254 241 176
254 241 176
254 241 175
254 241 175
254 241 175
254 241 175
254 241 175
254 240 175
254 240 174
254 240 174
254 240 174
254 240 174
254 240 174
254 240 174
254 240 173
254 240 173
254 240 173
254 240 173
254 240 173
254 240 173
254 239 172
254 239 172
254 239 172
254 239 172
254 239 172
254 239 172
254 239 171
254 239 171
254 239 171
254 239 171
254 239 171
254 239 171
254 239 170
254 238 170
254 238 170
254 238 170
254 238 170
254 238 169
254 238 169
254 238 169
254 238 169
254 238 169
254 238 169
254 238 168
254 238 168
254 238 168
254 237 168
254 237 168
254 237 168
254 237 167
254 237 167
254 237 167
254 237 167
254 237 167
254 237 167
254 237 166
254 237 166
254 237 166
254 236 166
254 236 166
254 236 166
254 236 165
254 236 165
254 236 165
254 236 165
254 236 165
254 236 165
254 236 164
254 236 164
254 236 164
254 236 164
254 235 164
254 235 164
254 235 163
254 235 163
254 235 163
254 235 163
254 235 163
254 235 163
254 235 162
254 235 162
254 235 162
254 235 162
254 235 162
254 234 162
254 234 161
254 234 161
254 234 161
254 234 161
254 234 161
254 234 161
254 234 160
254 234 160
254 234 160
254 234 160
254 234 160
254 234 160
254 233 159
254 233 159
254 233 159
254 233 159
254 233 159
254 233 159
254 233 158
254 233 158
254 233 158
254 233 158
254 233 158
254 233 158
254 232 157
254 232 157
254 232 157
254 232 157
254 232 157
254 232 157
254 232 156
254 232 156
254 232 156
254 232 156
254 232 156
254 232 156
254 232 155
254 231 155
254 231 155
254 231 155
254 231 155
254 231 155
254 231 154
254 231 154
254 231 154
254 231 154
254 231 154
254 231 154
254 231 153
254 231 153
254 230 153
254 230 153
254 230 153
254 230 153
254 230 152
254 230 152
254 230 152
254 230 152
254 230 152
254 230 152
254 230 151
254 230 151
254 230 151
254 229 151
254 229 151
254 229 151
254 229 150
254 229 150
254 229 150
254 229 150
254 229 150
254 229 149
254 229 149
254 229 149
254 229 149
254 229 149
254 228 149
254 228 148
254 228 148
254 228 148
254 228 148
254 228 148
254 228 148
254 228 147
254 228 147
254 228 147
254 228 147
254 228 147
254 227 147
254 227 146
254 227 146
254 227 146
254 227 146
254 227 146
254 227 146
254 227 145
254 227 145
254 227 145
254 227 145
254 227 145
254 227 145
254 226 144
254 226 144
254 226 144
254 226 144
254 226 143
254 226 143
254 226 143
254 226 143
254 226 142
254 225 142
254 225 142
254 225 142
254 225 141
254 225 141
254 225 141
254 225 141
254 225 140
254 224 140
254 224 140
254 224 140
254 224 139
254 224 139
254 224 139
254 224 139
254 224 138
254 223 138
254 223 138
254 223 137
254 223 137
254 223 137
254 223 137
254 223 136
254 223 136
254 222 136
254 222 136
254 222 135
254 222 135
254 222 135
254 222 135
254 222 134
254 222 134
254 222 134
254 221 134
254 221 133
254 221 133
254 221 133
254 221 133
254 221 132
254 221 132
254 221 132
254 220 132
254 220 131
254 220 131
254 220 131
254 220 131
254 220 130
254 220 130
254 220 130
254 219 129
254 219 129
254 219 129
254 219 129
254 219 128
254 219 128
254 219 128
254 219 128
254 218 127
254 218 127
254 218 127
254 218 127
254 218 126
254 218 126
254 218 126
254 218 126
254 218 125
254 217 125
254 217 125
254 217 125
254 217 124
254 217 124
254 217 124
254 217 124
254 217 123
254 216 123
254 216 123
254 216 123
254 216 122
254 216 122
254 216 122
254 216 121
254 216 121
254 215 121
254 215 121
254 215 120
254 215 120
254 215 120
254 215 120
254 215 119
254 215 119
254 214 119
254 214 119
254 214 118
254 214 118
254 214 118
254 214 118
254 214 117
254 214 117
254 214 117
254 213 117
254 213 116
254 213 116
254 213 116
254 213 116
254 213 115
254 213 115
254 213 115
254 212 115
254 212 114
254 212 114
254 212 114
254 212 113
254 212 113
254 212 113
254 212 113
254 211 112
254 211 112
254 211 112
254 211 112
254 211 111
254 211 111
254 211 111
254 211 111
254 210 110
254 210 110
254 210 110
254 210 110
254 210 109
254 210 109
254 210 109
254 210 109
254 210 108
254 209 108
254 209 108
254 209 108
254 209 107
254 209 107
254 209 107
254 209 107
254 209 106
254 208 106
254 208 106
254 208 105
254 208 105
254 208 105
254 208 105
254 208 104
254 208 104
254 207 104
254 207 104
254 207 103
254 207 103
254 207 103
254 207 103
254 207 102
254 207 102
254 206 102
254 206 102
254 206 101
254 206 101
254 206 101
254 206 101
254 206 100
254 206 100
254 206 100
254 205 100
254 205 99
254 205 99
254 205 99
254 205 99
254 205 98
254 205 98
254 205 98
254 204 97
254 204 97
254 204 97
254 204 97
254 204 96
254 204 96
254 204 96
254 204 96
254 203 95
254 203 95
254 203 95
254 203 95
254 203 94
254 203 94
254 203 94
254 203 94
254 202 93
254 202 93
254 202 93
254 202 93
254 202 92
254 202 92
254 202 92
254 202 92
254 202 91
254 201 91
254 201 91
254 201 91
254 201 90
254 201 90
254 201 90
254 201 89
254 201 89
254 200 89
254 200 89
254 200 88
254 200 88
254 200 88
254 200 88
254 200 87
254 200 87
254 199 87
254 199 87
254 199 86
254 199 86
254 199 86
254 199 86
254 199 85
254 199 85
254 198 85
254 198 85
254 198 84
254 198 84
254 198 84
254 198 84
254 198 83
254 198 83
254 198 83
254 197 83
254 197 82
254 197 82
254 197 82
254 197 81
254 197 81
254 197 81
254 197 81
254 196 80
254 196 80
254 196 80
254 196 80
254 196 79
254 196 79
254 196 79
254 196 79
254 195 78
254 195 78
254 195 78
254 195 78
254 195 78
254 195 78
254 194 78
254 194 77
254 194 77
254 194 77
254 194 77
254 194 77
254 193 77
254 193 77
254 193 76
254 193 76
254 193 76
254 193 76
254 192 76
254 192 76
254 192 75
254 192 75
254 192 75
254 192 75
254 191 75
254 191 75
254 191 75
254 191 74
254 191 74
254 191 74
254 190 74
254 190 74
254 190 74
254 190 74
254 190 73
254 190 73
254 189 73
254 189 73
254 189 73
254 189 73
254 189 73
254 189 72
254 188 72
254 188 72
254 188 72
254 188 72
254 188 72
254 188 71
254 187 71
254 187 71
254 187 71
254 187 71
254 187 71
254 187 71
254 186 70
254 186 70
254 186 70
254 186 70
254 186 70
254 186 70
254 185 70
254 185 69
254 185 69
254 185 69
254 185 69
254 185 69
254 184 69
254 184 68
254 184 68
254 184 68
254 184 68
254 184 68
254 183 68
254 183 68
254 183 67
254 183 67
254 183 67
254 182 67
254 182 67
254 182 67
254 182 67
254 182 66
254 182 66
254 181 66
254 181 66
254 181 66
254 181 66
254 181 66
254 181 65
254 180 65
254 180 65
254 180 65
254 180 65
254 180 65
254 180 64
254 179 64
254 179 64
254 179 64
254 179 64
254 179 64
254 179 64
254 178 63
254 178 63
254 178 63
254 178 63
254 178 63
254 178 63
254 177 63
254 177 62
254 177 62
254 177 62
254 177 62
254 177 62
254 176 62
254 176 62
254 176 61
254 176 61
254 176 61
254 176 61
254 175 61
254 175 61
254 175 60
254 175 60
254 175 60
254 175 60
254 174 60
254 174 60
254 174 60
254 174 59
254 174 59
254 174 59
254 173 59
254 173 59
254 173 59
254 173 59
254 173 58
254 173 58
254 172 58
254 172 58
254 172 58
254 172 58
254 172 58
254 172 57
254 171 57
254 171 57
254 171 57
254 171 57
254 171 57
254 171 56
254 170 56
254 170 56
254 170 56
254 170 56
254 170 56
254 170 56
254 169 55
254 169 55
254 169 55
254 169 55
254 169 55
254 169 55
254 168 55
254 168 54
254 168 54
254 168 54
254 168 54
254 168 54
254 167 54
254 167 53
254 167 53
254 167 53
254 167 53
254 167 53
254 166 53
254 166 53
254 166 52
254 166 52
254 166 52
254 166 52
254 165 52
254 165 52
254 165 52
254 165 51
254 165 51
254 165 51
254 164 51
254 164 51
254 164 51
254 164 51
254 164 50
254 164 50
254 163 50
254 163 50
254 163 50
254 163 50
254 163 49
254 162 49
254 162 49
254 162 49
254 162 49
254 162 49
254 162 49
254 161 48
254 161 48
254 161 48
254 161 48
254 161 48
254 161 48
254 160 48
254 160 47
254 160 47
254 160 47
254 160 47
254 160 47
254 159 47
254 159 47
254 159 46
254 159 46
254 159 46
254 159 46
254 158 46
254 158 46
254 158 45
254 158 45
254 158 45
254 158 45
254 157 45
254 157 45
254 157 45
254 157 44
254 157 44
254 157 44
254 156 44
254 156 44
254 156 44
254 156 44
254 156 43
254 156 43
254 155 43
254 155 43
254 155 43
254 155 43
254 155 43
254 155 42
254 154 42
254 154 42
254 154 42
254 154 42
254 154 42
254 154 41
254 153 41
254 153 41
254 153 41
254 153 41
254 153 41
254 153 41
253 152 40
253 152 40
253 152 40
253 152 40
253 152 40
253 152 40
253 151 40
253 151 40
253 151 40
253 151 40
253 151 40
253 151 40
253 150 39
253 150 39
252 150 39
252 150 39
252 150 39
252 150 39
252 150 39
252 149 39
252 149 39
252 149 39
252 149 39
252 149 39
252 149 38
252 148 38
252 148 38
252 148 38
251 148 38
251 148 38
251 148 38
251 147 38
251 147 38
251 147 38
251 147 38
251 147 38
251 147 38
251 146 37
251 146 37
251 146 37
251 146 37
251 146 37
251 146 37
250 146 37
250 145 37
250 145 37
250 145 37
250 145 37
250 145 37
250 145 36
250 144 36
250 144 36
250 144 36
250 144 36
250 144 36
250 144 36
250 143 36
249 143 36
249 143 36
249 143 36
249 143 36
249 143 35
249 142 35
249 142 35
249 142 35
249 142 35
249 142 35
249 142 35
249 142 35
249 141 35
249 141 35
248 141 35
248 141 35
248 141 34
248 141 34
248 140 34
248 140 34
248 140 34
248 140 34
248 140 34
248 140 34
248 139 34
248 139 34
248 139 34
248 139 34
247 139 33
247 139 33
247 138 33
247 138 33
247 138 33
247 138 33
247 138 33
247 138 33
247 138 33
247 137 33
247 137 33
247 137 33
247 137 32
247 137 32
247 137 32
246 136 32
246 136 32
246 136 32
246 136 32
246 136 32
246 136 32
246 135 32
246 135 32
246 135 32
246 135 32
246 135 31
246 135 31
246 134 31
246 134 31
245 134 31
245 134 31
245 134 31
245 134 31
245 134 31
245 133 31
245 133 31
245 133 31
245 133 30
245 133 30
245 133 30
245 132 30
245 132 30
245 132 30
244 132 30
244 132 30
244 132 30
244 131 30
244 131 30
244 131 30
244 131 29
244 131 29
244 131 29
244 130 29
244 130 29
244 130 29
244 130 29
244 130 29
243 130 29
243 130 29
243 129 29
243 129 29
243 129 28
243 129 28
243 129 28
243 129 28
243 128 28
243 128 28
243 128 28
243 128 28
243 128 28
243 128 28
242 127 28
242 127 28
242 127 27
242 127 27
242 127 27
242 127 27
242 126 27
242 126 27
242 126 27
242 126 27
242 126 27
242 126 27
242 126 27
242 125 27
242 125 27
241 125 26
241 125 26
241 125 26
241 125 26
241 124 26
241 124 26
241 124 26
241 124 26
241 124 26
241 124 26
241 123 26
241 123 26
241 123 25
241 123 25
240 123 25
240 123 25
240 122 25
240 122 25
240 122 25
240 122 25
240 122 25
240 122 25
240 121 25
240 121 25
240 121 24
240 121 24
240 121 24
240 121 24
239 121 24
239 120 24
239 120 24
239 120 24
239 120 24
239 120 24
239 120 24
239 119 24
239 119 23
239 119 23
239 119 23
239 119 23
239 119 23
239 118 23
238 118 23
238 118 23
238 118 23
238 118 23
238 118 23
238 117 23
238 117 22
238 117 22
238 117 22
238 117 22
238 117 22
238 117 22
238 116 22
238 116 22
237 116 22
237 116 22
237 116 22
237 116 22
237 115 22
237 115 21
237 115 21
237 115 21
237 115 21
237 115 21
237 114 21
237 114 21
237 114 21
237 114 21
237 114 21
236 114 21
236 113 21
236 113 20
236 113 20
236 113 20
236 113 20
236 113 20
236 113 20
236 112 20
236 112 20
236 112 20
236 112 20
236 112 20
236 112 20
235 111 19
235 111 19
235 111 19
235 111 19
235 111 19
235 111 19
235 111 19
235 110 19
234 110 19
234 110 19
234 110 19
234 110 19
234 110 19
234 110 19
234 109 18
234 109 18
233 109 18
233 109 18
233 109 18
233 109 18
233 109 18
233 108 18
233 108 18
233 108 18
232 108 18
232 108 18
232 108 18
232 108 18
232 107 17
232 107 17
232 107 17
232 107 17
231 107 17
231 107 17
231 107 17
231 106 17
231 106 17
231 106 17
231 106 17
231 106 17
230 106 17
230 106 17
230 106 17
230 105 16
230 105 16
230 105 16
230 105 16
230 105 16
229 105 16
229 105 16
229 104 16
229 104 16
229 104 16
229 104 16
229 104 16
229 104 16
228 104 16
228 103 15
228 103 15
228 103 15
228 103 15
228 103 15
228 103 15
228 103 15
227 102 15
227 102 15
227 102 15
227 102 15
227 102 15
227 102 15
227 102 15
227 101 14
226 101 14
226 101 14
226 101 14
226 101 14
226 101 14
226 101 14
226 100 14
226 100 14
225 100 14
225 100 14
225 100 14
225 100 14
225 100 14
225 99 13
225 99 13
225 99 13
224 99 13
224 99 13
224 99 13
224 99 13
224 98 13
224 98 13
224 98 13
224 98 13
223 98 13
223 98 13
223 98 13
223 97 12
223 97 12
223 97 12
223 97 12
223 97 12
222 97 12
222 97 12
222 96 12
222 96 12
222 96 12
222 96 12
222 96 12
222 96 12
221 96 12
221 96 12
221 95 11
221 95 11
221 95 11
221 95 11
221 95 11
221 95 11
220 95 11
220 94 11
220 94 11
220 94 11
220 94 11
220 94 11
220 94 11
220 94 11
219 93 10
219 93 10
219 93 10
219 93 10
219 93 10
219 93 10
219 93 10
219 92 10
218 92 10
218 92 10
218 92 10
218 92 10
218 92 10
218 92 10
218 91 9
218 91 9
217 91 9
217 91 9
217 91 9
217 91 9
217 91 9
217 90 9
217 90 9
217 90 9
216 90 9
216 90 9
216 90 9
216 90 9
216 89 8
216 89 8
216 89 8
216 89 8
215 89 8
215 89 8
215 89 8
215 88 8
215 88 8
215 88 8
215 88 8
215 88 8
214 88 8
214 88 8
214 87 7
214 87 7
214 87 7
214 87 7
214 87 7
214 87 7
213 87 7
213 87 7
213 86 7
213 86 7
213 86 7
213 86 7
213 86 7
213 86 7
212 86 7
212 85 6
212 85 6
212 85 6
212 85 6
212 85 6
212 85 6
212 85 6
211 84 6
211 84 6
211 84 6
211 84 6
211 84 6
211 84 6
211 84 6
211 83 5
210 83 5
210 83 5
210 83 5
210 83 5
210 83 5
210 83 5
210 82 5
210 82 5
209 82 5
209 82 5
209 82 5
209 82 5
209 82 5
209 81 4
209 81 4
209 81 4
208 81 4
208 81 4
208 81 4
208 81 4
208 80 4
208 80 4
208 80 4
208 80 4
207 80 4
207 80 4
207 80 4
207 79 3
207 79 3
207 79 3
207 79 3
207 79 3
206 79 3
206 79 3
206 78 3
206 78 3
206 78 3
206 78 3
206 78 3
206 78 3
205 78 3
205 78 3
205 77 2
205 77 2
205 77 2
205 77 2
205 77 2
205 77 2
204 77 2
204 76 2
204 76 2
204 76 2
204 76 2
204 76 2
204 76 2
204 76 2
203 75 2
203 75 2
203 75 2
203 75 2
203 75 2
202 75 2
202 75 2
202 75 2
202 75 2
202 75 2
201 74 2
201 74 2
201 74 2
201 74 2
201 74 2
200 74 2
200 74 2
200 74 2
200 74 2
200 74 2
199 74 2
199 73 2
199 73 2
199 73 2
199 73 2
198 73 2
198 73 2
198 73 2
198 73 2
198 73 2
197 73 2
197 73 2
197 72 2
197 72 2
197 72 2
196 72 2
196 72 2
196 72 2
196 72 2
196 72 2
195 72 2
195 72 2
195 71 2
195 71 2
195 71 2
194 71 2
194 71 2
194 71 2
194 71 2
194 71 2
193 71 2
193 71 2
193 71 2
193 70 2
193 70 2
192 70 2
192 70 2
192 70 2
192 70 2
192 70 2
191 70 2
191 70 2
191 70 2
191 70 2
191 69 2
190 69 2
190 69 2
190 69 2
190 69 2
190 69 2
189 69 2
189 69 2
189 69 2
189 69 2
189 68 2
188 68 2
188 68 2
188 68 2
188 68 2
188 68 2
187 68 2
187 68 2
187 68 2
187 68 2
187 68 2
186 67 2
186 67 2
186 67 2
186 67 2
186 67 2
185 67 2
185 67 2
185 67 2
185 67 2
185 67 2
184 67 2
184 66 2
184 66 2
184 66 2
184 66 2
183 66 2
183 66 2
183 66 2
183 66 2
183 66 2
182 66 2
182 65 2
182 65 2
182 65 2
182 65 2
181 65 2
181 65 2
181 65 2
181 65 2
181 65 2
180 65 2
180 65 2
180 64 2
180 64 2
180 64 2
179 64 2
179 64 2
179 64 2
179 64 2
179 64 2
178 64 2
178 64 2
178 64 2
178 63 3
178 63 3
177 63 3
177 63 3
177 63 3
177 63 3
177 63 3
176 63 3
176 63 3
176 63 3
176 62 3
176 62 3
175 62 3
175 62 3
175 62 3
175 62 3
175 62 3
174 62 3
174 62 3
174 62 3
174 62 3
174 61 3
173 61 3
173 61 3
173 61 3
173 61 3
173 61 3
172 61 3
172 61 3
172 61 3
172 61 3
172 61 3
171 60 3
171 60 3
171 60 3
171 60 3
171 60 3
170 60 3
170 60 3
170 60 3
170 60 3
170 60 3
169 59 3
169 59 3
169 59 3
169 59 3
169 59 3
168 59 3
168 59 3
168 59 3
168 59 3
168 59 3
167 59 3
167 58 3
167 58 3
167 58 3
167 58 3
166 58 3
166 58 3
166 58 3
166 58 3
166 58 3
165 58 3
165 58 3
165 57 3
165 57 3
165 57 3
164 57 3
164 57 3
164 57 3
164 57 3
164 57 3
163 57 3
163 57 3
163 56 3
163 56 3
163 56 3
162 56 3
162 56 3
162 56 3
162 56 3
162 56 3
161 56 3
161 56 3
161 56 3
161 55 3
161 55 3
160 55 3
160 55 3
160 55 3
160 55 3
160 55 3
160 55 3
159 55 3
159 55 3
159 55 3
159 54 3
159 54 3
158 54 3
158 54 3
158 54 3
158 54 3
158 54 3
157 54 3
157 54 3
157 54 3
157 53 3
157 53 3
156 53 3
156 53 3
156 53 3
156 53 3
156 53 3
155 53 3
155 53 3
155 53 3
155 53 3
155 52 3
154 52 3
154 52 3
154 52 3
154 52 3
154 52 3
153 52 3
153 52 3
153 52 3
153 52 3
153 52 3
152 51 4
152 51 4
152 51 4
152 51 4
152 51 4
151 51 4
151 51 4
151 51 4
151 51 4
151 51 4
150 51 4
150 51 4
150 51 4
150 51 4
150 51 4
149 51 4
149 51 4
149 50 4
149 50 4
149 50 4
148 50 4
148 50 4
148 50 4
148 50 4
148 50 4
147 50 4
147 50 4
147 50 4
147 50 4
147 50 4
146 50 4
146 50 4
146 50 4
146 50 4
146 49 4
145 49 4
145 49 4
145 49 4
145 49 4
145 49 4
144 49 4
144 49 4
144 49 4
144 49 4
144 49 4
143 49 4
143 49 4
143 49 4
143 49 4
143 49 4
142 49 4
142 48 4
142 48 4
142 48 4
142 48 4
141 48 4
141 48 4
141 48 4
141 48 4
141 48 4
140 48 4
140 48 4
140 48 4
140 48 4
140 48 4
139 48 4
139 48 4
139 48 4
139 47 4
139 47 4
138 47 4
138 47 4
138 47 4
138 47 4
138 47 4
137 47 4
137 47 4
137 47 4
137 47 4
137 47 4
136 47 4
136 47 4
136 47 4
136 47 4
136 47 4
135 46 4
135 46 4
135 46 4
135 46 4
135 46 4
134 46 4
134 46 4
134 46 4
134 46 4
134 46 4
133 46 4
133 46 4
133 46 4
133 46 4
133 46 4
132 46 4
132 46 4
132 45 4
132 45 4
132 45 4
131 45 4
131 45 4
131 45 4
131 45 4
131 45 4
130 45 4
130 45 4
130 45 4
130 45 4
130 45 4
129 45 4
129 45 4
129 45 4
129 45 4
129 44 4
128 44 4
128 44 4
128 44 4
128 44 4
128 44 4
127 44 4
127 44 4
127 44 4
127 44 5
127 44 5
126 44 5
126 44 5
126 44 5
126 44 5
126 44 5
125 44 5
125 43 5
125 43 5
125 43 5
125 43 5
124 43 5
124 43 5
124 43 5
124 43 5
124 43 5
123 43 5
123 43 5
123 43 5
123 43 5
123 43 5
122 43 5
122 43 5
122 43 5
122 42 5
122 42 5
121 42 5
121 42 5
121 42 5
121 42 5
121 42 5
120 42 5
120 42 5
120 42 5
120 42 5
120 42 5
119 42 5
119 42 5
119 42 5
119 42 5
119 42 5
118 41 5
118 41 5
118 41 5
118 41 5
118 41 5
117 41 5
117 41 5
117 41 5
117 41 5
117 41 5
116 41 5
116 41 5
116 41 5
116 41 5
116 41 5
115 41 5
115 41 5
115 40 5
115 40 5
115 40 5
114 40 5
114 40 5
114 40 5
114 40 5
114 40 5
113 40 5
113 40 5
113 40 5
113 40 5
113 40 5
112 40 5
112 40 5
112 40 5
112 40 5
112 39 5
111 39 5
111 39 5
111 39 5
111 39 5
111 39 5
110 39 5
110 39 5
110 39 5
110 39 5
110 39 5
109 39 5
109 39 5
109 39 5
109 39 5
109 39 5
108 39 5
108 38 5
108 38 5
108 38 5
108 38 5
107 38 5
107 38 5
107 38 5
107 38 5
107 38 5
106 38 5
106 38 5
106 38 5
106 38 5
106 38 5
105 38 5
105 38 5
105 38 5
105 37 5
105 37 5
104 37 5
104 37 5
104 37 5
104 37 5
104 37 5
103 37 5
103 37 5
103 37 5
103 37 5
103 37 5
102 37 5
102 37 5
102 37 5
102 37 5
102 37 5
102 37 5
